0 0.000000
1 0.000000
2 0.000000
3 0.000000
4 0.000000
5 0.000001
6 0.000001
7 0.000001
8 0.000001
9 0.000002
10 0.000002
11 0.000003
12 0.000003
13 0.000004
14 0.000005
15 0.000006
16 0.000008
17 0.000009
18 0.000012
19 0.000014
20 0.000018
21 0.000022
22 0.000026
23 0.000032
24 0.000039
25 0.000048
26 0.000058
27 0.000070
28 0.000084
29 0.000101
30 0.000121
31 0.000145
32 0.000173
33 0.000206
34 0.000245
35 0.000291
36 0.000344
37 0.000406
38 0.000477
39 0.000561
40 0.000657
41 0.000767
42 0.000895
43 0.001041
44 0.001208
45 0.001398
46 0.001614
47 0.001860
48 0.002138
49 0.002451
50 0.002804
51 0.003200
52 0.003643
53 0.004137
54 0.004688
55 0.005299
56 0.005976
57 0.006723
58 0.007545
59 0.008448
60 0.009436
61 0.010515
62 0.011690
63 0.012964
64 0.014344
65 0.015833
66 0.017434
67 0.019152
68 0.020989
69 0.022947
70 0.025029
71 0.027235
72 0.029564
73 0.032017
74 0.034590
75 0.037281
76 0.040087
77 0.043000
78 0.046016
79 0.049127
80 0.052322
81 0.055594
82 0.058929
83 0.062316
84 0.065741
85 0.069189
86 0.072645
87 0.076092
88 0.079513
89 0.082890
90 0.086205
91 0.089440
92 0.092575
93 0.095593
94 0.098474
95 0.101201
96 0.103755
97 0.106122
98 0.108284
99 0.110228
100 0.111939
101 0.113407
102 0.114621
103 0.115573
104 0.116255
105 0.116663
106 0.116794
107 0.116648
108 0.116224
109 0.115527
110 0.114561
111 0.113332
112 0.111851
113 0.110126
114 0.108170
115 0.105996
116 0.103618
117 0.101053
118 0.098318
119 0.095429
120 0.092404
121 0.089263
122 0.086023
123 0.082704
124 0.079324
125 0.075901
126 0.072453
127 0.068997
128 0.065550
129 0.062127
130 0.058742
131 0.055410
132 0.052143
133 0.048951
134 0.045846
135 0.042836
136 0.039928
137 0.037129
138 0.034444
139 0.031877
140 0.029431
141 0.027109
142 0.024910
143 0.022835
144 0.020884
145 0.019053
146 0.017342
147 0.015747
148 0.014264
149 0.012891
150 0.011622
151 0.010453
152 0.009379
153 0.008396
154 0.007497
155 0.006679
156 0.005936
157 0.005264
158 0.004656
159 0.004109
160 0.003617
161 0.003177
162 0.002783
163 0.002433
164 0.002121
165 0.001845
166 0.001602
167 0.001387
168 0.001198
169 0.001032
170 0.000887
171 0.000761
172 0.000651
173 0.000556
174 0.000473
175 0.000402
176 0.000341
177 0.000288
178 0.000243
179 0.000204
180 0.000172
