0 617868.668185
1 635251.697711
2 653082.499885
3 671371.357649
4 690128.754175
5 709365.375784
6 729092.114883
7 749320.072919
8 770060.563344
9 791325.114600
10 813125.473113
11 835473.606301
12 858381.705599
13 881862.189487
14 905927.706538
15 930591.138465
16 955865.603187
17 981764.457895
18 1008301.302131
19 1035489.980866
20 1063344.587592
21 1091879.467407
22 1121109.220109
23 1151048.703296
24 1181713.035452
25 1213117.599050
26 1245278.043636
27 1278210.288925
28 1311930.527882
29 1346455.229799
30 1381801.143369
31 1417985.299750
32 1455025.015613
33 1492937.896190
34 1531741.838297
35 1571455.033352
36 1612095.970372
37 1653683.438956
38 1696236.532245
39 1739774.649865
40 1784317.500843
41 1829885.106510
42 1876497.803360
43 1924176.245900
44 1972941.409461
45 2022814.592976
46 2073817.421733
47 2125971.850087
48 2179300.164136
49 2233824.984360
50 2289569.268220
51 2346556.312712
52 2404809.756874
53 2464353.584254
54 2525212.125321
55 2587410.059827
56 2650972.419122
57 2715924.588400
58 2782292.308904
59 2850101.680056
60 2919379.161535
61 2990151.575283
62 3062446.107452
63 3136290.310274
64 3211712.103862
65 3288739.777941
66 3367401.993495
67 3447727.784340
68 3529746.558617
69 3613488.100191
70 3698982.569978
71 3786260.507171
72 3875352.830378
73 3966290.838667
74 4059106.212516
75 4153831.014652
76 4250497.690806
77 4349139.070344
78 4449788.366804
79 4552479.178317
80 4657245.487915
81 4764121.663721
82 4873142.459030
83 4984343.012253
84 5097758.846750
85 5213425.870531
86 5331380.375828
87 5451659.038532
88 5574298.917499
89 5699337.453715
90 5826812.469320
91 5956762.166491
92 6089225.126174
93 6224240.306671
94 6361847.042073
95 6502085.040539
96 6644994.382415
97 6790615.518197
98 6938989.266324
99 7090156.810815
100 7244159.698727
101 7401039.837449
102 7560839.491817
103 7723601.281058
104 7889368.175548
105 8058183.493395
106 8230090.896831
107 8405134.388417
108 8583358.307070
109 8764807.323878
110 8949526.437738
111 9137560.970788
112 9328956.563640
113 9523759.170413
114 9722015.053559
115 9923770.778491
116 10129073.207984
117 10337969.496389
118 10550507.083609
119 10766733.688882
120 10986697.304330
121 11210446.188296
122 11438028.858462
123 11669494.084733
124 11904890.881914
125 12144268.502139
126 12387676.427088
127 12635164.359966
128 12886782.217253
129 13142580.120220
130 13402608.386208
131 13666917.519678
132 13935558.203016
133 14208581.287102
134 14486037.781645
135 14767978.845269
136 15054455.775364
137 15345519.997693
138 15641223.055753
139 15941616.599899
140 16246752.376216
141 16556682.215155
142 16871458.019916
143 17191131.754591
144 17515755.432061
145 17845381.101648
146 18180060.836515
147 18519846.720836
148 18864790.836704
149 19214945.250807
150 19570362.000857
151 19931093.081770
152 20297190.431615
153 20668705.917310
154 21045691.320086
155 21428198.320707
156 21816278.484455
157 22209983.245875
158 22609363.893289
159 23014471.553075
160 23425357.173709
161 23842071.509590
162 24264665.104624
163 24693188.275592
164 25127691.095289
165 25568223.375447
166 26014834.649438
167 26467574.154760
168 26926490.815315
169 27391633.223478
170 27863049.621954
171 28340787.885439
172 28824895.502078
173 29315419.554734
174 29812406.702055
175 30315903.159364
176 30825954.679358
177 31342606.532634
178 31865903.488034
179 32395889.792828
180 32932609.152720
181 33476104.711709
182 34026419.031778
183 34583594.072444
184 35147671.170161
185 35718691.017579
186 36296693.642677
187 36881718.387759
188 37473803.888333
189 38072988.051876
190 38679308.036485
191 39292800.229428
192 39913500.225593
193 40541442.805855
194 41176661.915351
195 41819190.641688
196 42469061.193074
197 43126304.876388
198 43790952.075205
199 44463032.227759
200 45142573.804879
201 45829604.287889
202 46524150.146484
203 47226236.816594
204 47935888.678233
205 48653129.033365
206 49377980.083757
207 50110462.908875
208 50850597.443789
209 51598402.457118
210 52353895.529031
211 53117093.029282
212 53888010.095329
213 54666660.610508
214 55453057.182302
215 56247211.120693
216 57049132.416617
217 57858829.720534
218 58676310.321111
219 59501580.124040
220 60334643.630996
221 61175503.918741
222 62024162.618397
223 62880619.894879
224 63744874.426514
225 64616923.384854
226 65496762.414682
227 66384385.614237
228 67279785.515658
229 68182953.065663
230 69093877.606463
231 70012546.856946
232 70938946.894103
233 71873062.134753
234 72814875.317533
235 73764367.485197
236 74721517.967217
237 75686304.362702
238 76658702.523645
239 77638686.538510
240 78626228.716166
241 79621299.570187
242 80623867.803513
243 81633900.293502
244 82651362.077365
245 83676216.338013
246 84708424.390308
247 85747945.667742
248 86794737.709546
249 87848756.148248
250 88909954.697679
251 89978285.141445
252 91053697.321876
253 92136139.129454
254 93225556.492741
255 94321893.368802
256 95425091.734150
257 96535091.576209
258 97651830.885308
259 98775245.647222
260 99905269.836255
261 101041835.408894
262 102184872.298018
263 103334308.407696
264 104490069.608564
265 105652079.733798
266 106820260.575687
267 107994531.882823
268 109174811.357899
269 110361014.656144
270 111553055.384380
271 112750845.100730
272 113954293.314968
273 115163307.489521
274 116377793.041142
275 117597653.343238
276 118822789.728884
277 120053101.494505
278 121288485.904255
279 122528838.195078
280 123774051.582470
281 125024017.266939
282 126278624.441177
283 127537760.297930
284 128801310.038598
285 130069156.882543
286 131341182.077120
287 132617264.908438
288 133897282.712843
289 135181110.889138
290 136468622.911533
291 137759690.343333
292 139054182.851360
293 140351968.221116
294 141652912.372690
295 142956879.377399
296 144263731.475178
297 145573329.092702
298 146885530.862264
299 148200193.641383
300 149517172.533156
301 150836320.907352
302 152157490.422240
303 153480531.047162
304 154805291.085825
305 156131617.200345
306 157459354.436002
307 158788346.246732
308 160118434.521338
309 161449459.610420
310 162781260.354019
311 164113674.109972
312 165446536.782975
313 166779682.854335
314 168112945.412433
315 169446156.183859
316 170779145.565239
317 172111742.655736
318 173443775.290215
319 174775070.073075
320 176105452.412728
321 177434746.556726
322 178762775.627528
323 180089361.658891
324 181414325.632878
325 182737487.517481
326 184058666.304839
327 185377680.050049
328 186694345.910553
329 188008480.186095
330 189319898.359232
331 190628415.136397
332 191933844.489490
333 193235999.697993
334 194534693.391591
335 195829737.593299
336 197120943.763058
337 198408122.841815
338 199691085.296052
339 200969641.162759
340 202243600.094835
341 203512771.406905
342 204776964.121535
343 206035987.015828
344 207289648.668395
345 208537757.506674
346 209780121.854588
347 211016549.980524
348 212246850.145619
349 213470830.652331
350 214688299.893282
351 215899066.400363
352 217102938.894062
353 218299726.333027
354 219489237.963822
355 220671283.370870
356 221845672.526566
357 223012215.841532
358 224170724.215010
359 225321009.085358
360 226462882.480648
361 227596157.069331
362 228720646.210963
363 229836164.006963
364 230942525.351393
365 232039545.981732
366 233127042.529630
367 234204832.571623
368 235272734.679787
369 236330568.472315
370 237378154.663984
371 238415315.116524
372 239441872.888823
373 240457652.286998
374 241462478.914271
375 242456179.720654
376 243438583.052419
377 244409518.701325
378 245368817.953595
379 246316313.638609
380 247251840.177310
381 248175233.630287
382 249086331.745526
383 249984974.005806
384 250871001.675726
385 251744257.848328
386 252604587.491319
387 253451837.492859
388 254285856.706894
389 255106495.998024
390 255913608.285887
391 256707048.589031
392 257486674.068266
393 258252344.069468
394 259003920.165836
395 259741266.199552
396 260464248.322863
397 261172735.038539
398 261866597.239710
399 262545708.249042
400 263209943.857268
401 263859182.361027
402 264493304.600007
403 265112193.993383
404 265715736.575521
405 266303821.030944
406 266876338.728539
407 267433183.754988
408 267974252.947416
409 268499445.925239
410 269008665.121195
411 269501815.811545
412 269978806.145436
413 270439547.173413
414 270883952.875055
415 271311940.185742
416 271723429.022530
417 272118342.309118
418 272496605.999914
419 272858149.103168
420 273202903.703180
421 273530804.981558
422 273841791.237532
423 274135803.907303
424 274412787.582420
425 274672690.027185
426 274915462.195072
427 275141058.244151
428 275349435.551513
429 275540554.726695
430 275714379.624088
431 275870877.354328
432 276010018.294673
433 276131776.098342
434 276236127.702833
435 276323053.337203
436 276392536.528309
437 276444564.106016
438 276479126.207350
439 276496216.279621
440 276495831.082488
441 276477970.688989
442 276442638.485513
443 276389841.170730
444 276319588.753477
445 276231894.549595
446 276126775.177722
447 276004250.554043
448 275864343.886005
449 275707081.664986
450 275532493.657939
451 275340612.897999
452 275131475.674067
453 274905121.519374
454 274661593.199023
455 274400936.696526
456 274123201.199333
457 273828439.083359
458 273516705.896528
459 273188060.341323
460 272842564.256365
461 272480282.597020
462 272101283.415047
463 271705637.837294
464 271293420.043453
465 270864707.242880
466 270419579.650496
467 269958120.461775
468 269480415.826830
469 268986554.823609
470 268476629.430219
471 267950734.496375
472 267408967.714004
473 266851429.587004
474 266278223.400175
475 265689455.187338
476 265085233.698653
477 264465670.367153
478 263830879.274499
479 263180977.115988
480 262516083.164809
481 261836319.235584
482 261141809.647181
483 260432681.184852
484 259709063.061676
485 258971086.879344
486 258218886.588304
487 257452598.447265
488 256672360.982103
489 255878314.944158
490 255070603.267967
491 254249371.028425
492 253414765.397417
493 252566935.599917
494 251706032.869587
495 250832210.403887
496 249945623.318720
497 249046428.602623
498 248134785.070533
499 247210853.317140
500 246274795.669845
501 245326776.141350
502 244366960.381890
503 243395515.631133
504 242412610.669767
505 241418415.770788
506 240413102.650515
507 239396844.419352
508 238369815.532305
509 237332191.739294
510 236284150.035259
511 235225868.610094
512 234157526.798422
513 233079305.029234
514 231991384.775405
515 230893948.503122
516 229787179.621221
517 228671262.430474
518 227546382.072832
519 226412724.480648
520 225270476.325904
521 224119824.969446
522 222960958.410266
523 221794065.234838
524 220619334.566523
525 219436956.015078
526 218247119.626271
527 217050015.831625
528 215845835.398321
529 214634769.379257
530 213417009.063300
531 212192745.925739
532 210962171.578958
533 209725477.723347
534 208482856.098472
535 207234498.434513
536 205980596.403991
537 204721341.573807
538 203456925.357594
539 202187538.968414
540 200913373.371805
541 199634619.239203
542 198351466.901737
543 197064106.304437
544 195772726.960851
545 194477517.908087
546 193178667.662306
547 191876364.174665
548 190570794.787739
549 189262146.192415
550 187950604.385297
551 186636354.626610
552 185319581.398633
553 184000468.364662
554 182679198.328519
555 181355953.194628
556 180030913.928642
557 178704260.518666
558 177376171.937063
559 176046826.102859
560 174716399.844759
561 173385068.864783
562 172053007.702532
563 170720389.700086
564 169387386.967553
565 168054170.349268
566 166720909.390654
567 165387772.305754
568 164054925.945435
569 162722535.766276
570 161390765.800145
571 160059778.624472
572 158729735.333216
573 157400795.508545
574 156073117.193222
575 154746856.863705
576 153422169.403971
577 152099208.080054
578 150778124.515319
579 149459068.666457
580 148142188.800220
581 146827631.470882
582 145515541.498444
583 144206061.947572
584 142899334.107279
585 141595497.471346
586 140294689.719481
587 138997046.699228
588 137702702.408610
589 136411788.979518
590 135124436.661840
591 133840773.808332
592 132560926.860223
593 131285020.333564
594 130013176.806308
595 128745516.906125
596 127482159.298948
597 126223220.678245
598 124968815.755023
599 123719057.248545
600 122474055.877771
601 121233920.353508
602 119998757.371280
603 118768671.604893
604 117543765.700704
605 116324140.272593
606 115109893.897613
607 113901123.112336
608 112697922.409875
609 111500384.237576
610 110308598.995386
611 109122655.034869
612 107942638.658891
613 106768634.121941
614 105600723.631095
615 104438987.347619
616 103283503.389190
617 102134347.832736
618 100991594.717892
619 99855316.051051
620 98725581.810010
621 97602459.949205
622 96486016.405521
623 95376315.104665
624 94273417.968108
625 93177384.920568
626 92088273.898038
627 91006140.856348
628 89931039.780242
629 88863022.692978
630 87802139.666421
631 86748438.831638
632 85701966.389968
633 84662766.624573
634 83630881.912451
635 82606352.736899
636 81589217.700419
637 80579513.538064
638 79577275.131202
639 78582535.521686
640 77595325.926439
641 76615675.752420
642 75643612.611975
643 74679162.338555
644 73722349.002801
645 72773194.928967
646 71831720.711693
647 70897945.233093
648 69971885.680177
649 69053557.562557
650 68142974.730474
651 67240149.393086
652 66345092.137050
653 65457811.945355
654 64578316.216412
655 63706610.783392
656 62842699.933788
657 61986586.429202
658 61138271.525345
659 60297754.992236
660 59465035.134591
661 58640108.812393
662 57822971.461633
663 57013617.115206
664 56212038.423967
665 55418226.677913
666 54632171.827507
667 53853862.505113
668 53083286.046549
669 52320428.512732
670 51565274.711422
671 50817808.219041
672 50078011.402570
673 49345865.441501
674 48621350.349851
675 47904444.998216
676 47195127.135857
677 46493373.412825
678 45799159.402087
679 45112459.621676
680 44433247.556834
681 43761495.682151
682 43097175.483684
683 42440257.481062
684 41790711.249544
685 41148505.442052
686 40513607.811152
687 39885985.230973
688 39265603.719077
689 38652428.458247
690 38046423.818208
691 37447553.377259
692 36855779.943817
693 36271065.577862
694 35693371.612279
695 35122658.674094
696 34558886.705587
697 34002014.985286
698 33452002.148835
699 32908806.209726
700 32372384.579886
701 31842694.090132
702 31319691.010458
703 30803331.070184
704 30293569.477932
705 29790360.941439
706 29293659.687204
707 28803419.479957
708 28319593.641947
709 27842135.072048
710 27370996.264680
711 26906129.328535
712 26447486.005108
713 25995017.687030
714 25548675.436198
715 25108410.001697
716 24674171.837517
717 24245911.120056
718 23823577.765404
719 23407121.446415
720 22996491.609553
721 22591637.491521
722 22192508.135660
723 21799052.408119
724 21411219.013800
725 21028956.512071
726 20652213.332239
727 20280937.788797
728 19915078.096425
729 19554582.384766
730 19199398.712945
731 18849475.083863
732 18504759.458244
733 18165199.768436
734 17830743.931974
735 17501339.864897
736 17176935.494823
737 16857478.773774
738 16542917.690761
739 16233200.284123
740 15928274.653619
741 15628088.972275
742 15332591.497987
743 15041730.584878
744 14755454.694415
745 14473712.406272
746 14196452.428958
747 13923623.610201
748 13655174.947089
749 13391055.595966
750 13131214.882092
751 12875602.309065
752 12624167.568000
753 12376860.546470
754 12133631.337223
755 11894430.246645
756 11659207.803010
757 11427914.764481
758 11200502.126894
759 10976921.131309
760 10757123.271328
761 10541060.300201
762 10328684.237697
763 10119947.376759
764 9914802.289940
765 9713201.835620
766 9515099.164009
767 9320447.722938
768 9129201.263432
769 8941313.845086
770 8756739.841224
771 8575433.943859
772 8397351.168451
773 8222446.858463
774 8050676.689722
775 7881996.674584
776 7716363.165909
777 7553732.860847
778 7394062.804428
779 7237310.392982
780 7083433.377368
781 6932389.866021
782 6784138.327832
783 6638637.594847
784 6495846.864798
785 6355725.703462
786 6218234.046857
787 6083332.203278
788 5950980.855163
789 5821141.060814
790 5693774.255954
791 5568842.255133
792 5446307.252992
793 5326131.825370
794 5208278.930279
795 5092711.908725
796 4979394.485405
797 4868290.769257
798 4759365.253885
799 4652582.817852
800 4547908.724845
801 4445308.623717
802 4344748.548410
803 4246194.917755
804 4149614.535158
805 4054974.588178
806 3962242.647983
807 3871386.668711
808 3782374.986719
809 3695176.319731
810 3609759.765887
811 3526094.802694
812 3444151.285886
813 3363899.448188
814 3285309.897993
815 3208353.617951
816 3133001.963478
817 3059226.661179
818 2986999.807195
819 2916293.865470
820 2847081.665949
821 2779336.402700
822 2713031.631970
823 2648141.270168
824 2584639.591796
825 2522501.227302
826 2461701.160886
827 2402214.728242
828 2344017.614244
829 2287085.850583
830 2231395.813351
831 2176924.220574
832 2123648.129701
833 2071544.935046
834 2020592.365193
835 1970768.480349
836 1922051.669670
837 1874420.648548
838 1827854.455853
839 1782332.451158
840 1737834.311919
