0 0.127447
1 0.135207
2 0.143407
3 0.152068
4 0.161216
5 0.170873
6 0.181068
7 0.191826
8 0.203176
9 0.215148
10 0.227773
11 0.241082
12 0.255110
13 0.269892
14 0.285464
15 0.301864
16 0.319133
17 0.337311
18 0.356442
19 0.376570
20 0.397743
21 0.420009
22 0.443419
23 0.468024
24 0.493881
25 0.521045
26 0.549576
27 0.579534
28 0.610984
29 0.643992
30 0.678625
31 0.714954
32 0.753054
33 0.793001
34 0.834872
35 0.878751
36 0.924721
37 0.972870
38 1.023290
39 1.076072
40 1.131315
41 1.189118
42 1.249584
43 1.312820
44 1.378937
45 1.448048
46 1.520269
47 1.595723
48 1.674533
49 1.756828
50 1.842740
51 1.932404
52 2.025962
53 2.123557
54 2.225336
55 2.331454
56 2.442064
57 2.557330
58 2.677415
59 2.802488
60 2.932724
61 3.068301
62 3.209400
63 3.356210
64 3.508921
65 3.667730
66 3.832838
67 4.004449
68 4.182773
69 4.368025
70 4.560424
71 4.760193
72 4.967561
73 5.182760
74 5.406028
75 5.637606
76 5.877741
77 6.126683
78 6.384688
79 6.652014
80 6.928926
81 7.215692
82 7.512583
83 7.819876
84 8.137851
85 8.466791
86 8.806984
87 9.158721
88 9.522298
89 9.898011
90 10.286163
91 10.687056
92 11.101000
93 11.528302
94 11.969275
95 12.424234
96 12.893496
97 13.377378
98 13.876201
99 14.390287
100 14.919957
101 15.465535
102 16.027346
103 16.605713
104 17.200961
105 17.813415
106 18.443396
107 19.091229
108 19.757234
109 20.441731
110 21.145038
111 21.867470
112 22.609339
113 23.370955
114 24.152624
115 24.954648
116 25.777325
117 26.620948
118 27.485804
119 28.372176
120 29.280340
121 30.210565
122 31.163114
123 32.138242
124 33.136196
125 34.157215
126 35.201528
127 36.269357
128 37.360912
129 38.476392
130 39.615987
131 40.779874
132 41.968221
133 43.181179
134 44.418890
135 45.681482
136 46.969066
137 48.281743
138 49.619595
139 50.982691
140 52.371085
141 53.784811
142 55.223890
143 56.688323
144 58.178095
145 59.693170
146 61.233497
147 62.799002
148 64.389595
149 66.005164
150 67.645576
151 69.310678
152 71.000298
153 72.714238
154 74.452282
155 76.214189
156 77.999698
157 79.808524
158 81.640358
159 83.494870
160 85.371704
161 87.270483
162 89.190802
163 91.132237
164 93.094336
165 95.076624
166 97.078602
167 99.099747
168 101.139509
169 103.197317
170 105.272573
171 107.364656
172 109.472920
173 111.596696
174 113.735289
175 115.887983
176 118.054036
177 120.232684
178 122.423139
179 124.624591
180 126.836209
181 129.057136
182 131.286498
183 133.523396
184 135.766913
185 138.016110
186 140.270030
187 142.527697
188 144.788113
189 147.050268
190 149.313129
191 151.575651
192 153.836770
193 156.095410
194 158.350478
195 160.600870
196 162.845467
197 165.083141
198 167.312750
199 169.533146
200 171.743169
201 173.941651
202 176.127420
203 178.299295
204 180.456091
205 182.596619
206 184.719688
207 186.824104
208 188.908673
209 190.972200
210 193.013495
211 195.031368
212 197.024631
213 198.992106
214 200.932617
215 202.844997
216 204.728087
217 206.580737
218 208.401809
219 210.190176
220 211.944724
221 213.664353
222 215.347981
223 216.994538
224 218.602975
225 220.172260
226 221.701382
227 223.189350
228 224.635196
229 226.037973
230 227.396760
231 228.710661
232 229.978805
233 231.200349
234 232.374476
235 233.500400
236 234.577364
237 235.604642
238 236.581537
239 237.507389
240 238.381565
241 239.203470
242 239.972543
243 240.688254
244 241.350114
245 241.957666
246 242.510492
247 243.008210
248 243.450475
249 243.836982
250 244.167463
251 244.441687
252 244.659465
253 244.820646
254 244.925117
255 244.972805
256 244.963678
257 244.897742
258 244.775042
259 244.595665
260 244.359734
261 244.067413
262 243.718907
263 243.314455
264 242.854340
265 242.338878
266 241.768427
267 241.143380
268 240.464168
269 239.731258
270 238.945153
271 238.106392
272 237.215547
273 236.273227
274 235.280071
275 234.236754
276 233.143980
277 232.002486
278 230.813038
279 229.576433
280 228.293496
281 226.965078
282 225.592059
283 224.175344
284 222.715861
285 221.214565
286 219.672431
287 218.090456
288 216.469659
289 214.811078
290 213.115767
291 211.384800
292 209.619266
293 207.820271
294 205.988930
295 204.126376
296 202.233751
297 200.312206
298 198.362905
299 196.387017
300 194.385718
301 192.360191
302 190.311624
303 188.241206
304 186.150131
305 184.039592
306 181.910784
307 179.764900
308 177.603130
309 175.426663
310 173.236681
311 171.034363
312 168.820881
313 166.597399
314 164.365074
315 162.125052
316 159.878471
317 157.626456
318 155.370120
319 153.110566
320 150.848879
321 148.586133
322 146.323385
323 144.061678
324 141.802035
325 139.545465
326 137.292956
327 135.045480
328 132.803988
329 130.569412
330 128.342664
331 126.124633
332 123.916189
333 121.718180
334 119.531430
335 117.356744
336 115.194901
337 113.046657
338 110.912747
339 108.793880
340 106.690743
341 104.603997
342 102.534280
343 100.482206
344 98.448363
345 96.433318
346 94.437609
347 92.461754
348 90.506243
349 88.571544
350 86.658099
351 84.766328
352 82.896626
353 81.049362
354 79.224884
355 77.423517
356 75.645560
357 73.891292
358 72.160967
359 70.454817
360 68.773054
361 67.115866
362 65.483419
363 63.875861
364 62.293317
365 60.735891
366 59.203670
367 57.696719
368 56.215086
369 54.758797
370 53.327864
371 51.922279
372 50.542018
373 49.187038
374 47.857282
375 46.552677
376 45.273133
377 44.018548
378 42.788803
379 41.583768
380 40.403297
381 39.247232
382 38.115404
383 37.007632
384 35.923722
385 34.863472
386 33.826666
387 32.813083
388 31.822488
389 30.854642
390 29.909293
391 28.986184
392 28.085051
393 27.205622
394 26.347618
395 25.510756
396 24.694747
397 23.899295
398 23.124101
399 22.368863
400 21.633272
401 20.917019
402 20.219790
403 19.541268
404 18.881136
405 18.239073
406 17.614758
407 17.007868
408 16.418078
409 15.845065
410 15.288505
411 14.748072
412 14.223444
413 13.714297
414 13.220309
415 12.741159
416 12.276527
417 11.826095
418 11.389548
419 10.966572
420 10.556855
421 10.160088
422 9.775965
423 9.404184
424 9.044443
425 8.696446
426 8.359900
427 8.034514
428 7.720002
429 7.416081
430 7.122473
431 6.838902
432 6.565099
433 6.300796
434 6.045731
435 5.799646
436 5.562287
437 5.333405
438 5.112756
439 4.900098
440 4.695197
441 4.497820
442 4.307741
443 4.124738
444 3.948594
445 3.779095
446 3.616033
447 3.459205
448 3.308411
449 3.163456
450 3.024151
451 2.890310
452 2.761752
453 2.638300
454 2.519781
455 2.406029
456 2.296879
457 2.192172
458 2.091754
459 1.995472
460 1.903180
461 1.814736
462 1.730001
463 1.648840
464 1.571122
465 1.496720
466 1.425511
467 1.357375
468 1.292196
469 1.229861
470 1.170262
471 1.113293
472 1.058851
473 1.006838
474 0.957159
475 0.909719
476 0.864430
477 0.821205
478 0.779961
479 0.740616
480 0.703093
