0 3.623382
1 3.829906
2 4.047475
3 4.276636
4 4.517960
5 4.772045
6 5.039514
7 5.321020
8 5.617242
9 5.928890
10 6.256705
11 6.601460
12 6.963961
13 7.345049
14 7.745601
15 8.166530
16 8.608789
17 9.073368
18 9.561303
19 10.073668
20 10.611585
21 11.176218
22 11.768782
23 12.390540
24 13.042803
25 13.726939
26 14.444366
27 15.196560
28 15.985055
29 16.811444
30 17.677381
31 18.584585
32 19.534838
33 20.529994
34 21.571972
35 22.662766
36 23.804442
37 24.999143
38 26.249091
39 27.556589
40 28.924021
41 30.353859
42 31.848662
43 33.411078
44 35.043851
45 36.749818
46 38.531915
47 40.393178
48 42.336746
49 44.365867
50 46.483893
51 48.694290
52 51.000640
53 53.406638
54 55.916101
55 58.532969
56 61.261307
57 64.105309
58 67.069298
59 70.157735
60 73.375215
61 76.726475
62 80.216395
63 83.849998
64 87.632461
65 91.569110
66 95.665425
67 99.927046
68 104.359772
69 108.969568
70 113.762562
71 118.745054
72 123.923516
73 129.304594
74 134.895113
75 140.702076
76 146.732672
77 152.994274
78 159.494444
79 166.240934
80 173.241691
81 180.504855
82 188.038766
83 195.851963
84 203.953187
85 212.351382
86 221.055701
87 230.075502
88 239.420354
89 249.100035
90 259.124537
91 269.504066
92 280.249040
93 291.370096
94 302.878085
95 314.784077
96 327.099358
97 339.835432
98 353.004023
99 366.617070
100 380.686732
101 395.225384
102 410.245618
103 425.760239
104 441.782270
105 458.324945
106 475.401708
107 493.026215
108 511.212326
109 529.974107
110 549.325827
111 569.281951
112 589.857142
113 611.066254
114 632.924329
115 655.446592
116 678.648448
117 702.545476
118 727.153425
119 752.488205
120 778.565886
121 805.402688
122 833.014977
123 861.419256
124 890.632159
125 920.670441
126 951.550974
127 983.290735
128 1015.906798
129 1049.416328
130 1083.836564
131 1119.184818
132 1155.478457
133 1192.734898
134 1230.971592
135 1270.206017
136 1310.455661
137 1351.738016
138 1394.070558
139 1437.470739
140 1481.955974
141 1527.543623
142 1574.250977
143 1622.095250
144 1671.093556
145 1721.262896
146 1772.620144
147 1825.182030
148 1878.965124
149 1933.985816
150 1990.260304
151 2047.804571
152 2106.634372
153 2166.765213
154 2228.212334
155 2290.990688
156 2355.114925
157 2420.599373
158 2487.458013
159 2555.704466
160 2625.351970
161 2696.413361
162 2768.901049
163 2842.827002
164 2918.202726
165 2995.039238
166 3073.347052
167 3153.136153
168 3234.415980
169 3317.195401
170 3401.482697
171 3487.285534
172 3574.610949
173 3663.465322
174 3753.854362
175 3845.783082
176 3939.255777
177 4034.276006
178 4130.846573
179 4228.969500
180 4328.646017
181 4429.876531
182 4532.660615
183 4636.996985
184 4742.883482
185 4850.317053
186 4959.293733
187 5069.808627
188 5181.855893
189 5295.428725
190 5410.519336
191 5527.118945
192 5645.217756
193 5764.804950
194 5885.868666
195 6008.395990
196 6132.372941
197 6257.784461
198 6384.614400
199 6512.845510
200 6642.459430
201 6773.436683
202 6905.756662
203 7039.397627
204 7174.336697
205 7310.549843
206 7448.011887
207 7586.696495
208 7726.576176
209 7867.622281
210 8009.805000
211 8153.093365
212 8297.455250
213 8442.857374
214 8589.265305
215 8736.643465
216 8884.955134
217 9034.162458
218 9184.226459
219 9335.107043
220 9486.763008
221 9639.152060
222 9792.230824
223 9945.954856
224 10100.278662
225 10255.155711
226 10410.538454
227 10566.378345
228 10722.625857
229 10879.230505
230 11036.140868
231 11193.304615
232 11350.668526
233 11508.178518
234 11665.779677
235 11823.416280
236 11981.031828
237 12138.569073
238 12295.970053
239 12453.176125
240 12610.127993
241 12766.765749
242 12923.028903
243 13078.856425
244 13234.186777
245 13388.957955
246 13543.107528
247 13696.572676
248 13849.290233
249 14001.196727
250 14152.228424
251 14302.321371
252 14451.411438
253 14599.434364
254 14746.325801
255 14892.021363
256 15036.456664
257 15179.567376
258 15321.289265
259 15461.558245
260 15600.310424
261 15737.482149
262 15873.010059
263 16006.831129
264 16138.882722
265 16269.102634
266 16397.429143
267 16523.801062
268 16648.157780
269 16770.439314
270 16890.586360
271 17008.540333
272 17124.243423
273 17237.638634
274 17348.669838
275 17457.281816
276 17563.420305
277 17667.032043
278 17768.064815
279 17866.467496
280 17962.190093
281 18055.183786
282 18145.400974
283 18232.795312
284 18317.321751
285 18398.936579
286 18477.597455
287 18553.263447
288 18625.895070
289 18695.454317
290 18761.904694
291 18825.211250
292 18885.340611
293 18942.261005
294 18995.942294
295 19046.355998
296 19093.475321
297 19137.275174
298 19177.732200
299 19214.824791
300 19248.533109
301 19278.839105
302 19305.726533
303 19329.180964
304 19349.189802
305 19365.742292
306 19378.829534
307 19388.444483
308 19394.581966
309 19397.238676
310 19396.413184
311 19392.105934
312 19384.319245
313 19373.057310
314 19358.326190
315 19340.133809
316 19318.489949
317 19293.406239
318 19264.896146
319 19232.974960
320 19197.659786
321 19158.969523
322 19116.924849
323 19071.548205
324 19022.863771
325 18970.897449
326 18915.676836
327 18857.231202
328 18795.591462
329 18730.790151
330 18662.861395
331 18591.840881
332 18517.765823
333 18440.674934
334 18360.608389
335 18277.607792
336 18191.716140
337 18102.977782
338 18011.438387
339 17917.144902
340 17820.145509
341 17720.489589
342 17618.227679
343 17513.411425
344 17406.093544
345 17296.327778
346 17184.168849
347 17069.672412
348 16952.895014
349 16833.894042
350 16712.727679
351 16589.454857
352 16464.135208
353 16336.829018
354 16207.597178
355 16076.501135
356 15943.602844
357 15808.964721
358 15672.649594
359 15534.720652
360 15395.241402
361 15254.275614
362 15111.887280
363 14968.140561
364 14823.099741
365 14676.829183
366 14529.393278
367 14380.856399
368 14231.282859
369 14080.736862
370 13929.282460
371 13776.983508
372 13623.903620
373 13470.106129
374 13315.654043
375 13160.610000
376 13005.036237
377 12848.994539
378 12692.546209
379 12535.752025
380 12378.672206
381 12221.366374
382 12063.893520
383 11906.311969
384 11748.679348
385 11591.052552
386 11433.487718
387 11276.040187
388 11118.764485
389 10961.714288
390 10804.942396
391 10648.500715
392 10492.440222
393 10336.810951
394 10181.661968
395 10027.041348
396 9872.996160
397 9719.572444
398 9566.815200
399 9414.768365
400 9263.474805
401 9112.976297
402 8963.313519
403 8814.526038
404 8666.652300
405 8519.729621
406 8373.794181
407 8228.881016
408 8085.024012
409 7942.255904
410 7800.608268
411 7660.111524
412 7520.794930
413 7382.686588
414 7245.813439
415 7110.201269
416 6975.874710
417 6842.857247
418 6711.171218
419 6580.837827
420 6451.877142
421 6324.308112
422 6198.148568
423 6073.415236
424 5950.123747
425 5828.288648
426 5707.923411
427 5589.040450
428 5471.651131
429 5355.765785
430 5241.393725
431 5128.543259
432 5017.221707
433 4907.435416
434 4799.189776
435 4692.489240
436 4587.337339
437 4483.736698
438 4381.689060
439 4281.195300
440 4182.255447
441 4084.868702
442 3989.033456
443 3894.747315
444 3802.007113
445 3710.808941
446 3621.148160
447 3533.019425
448 3446.416706
449 3361.333309
450 3277.761895
451 3195.694506
452 3115.122578
453 3036.036971
454 2958.427985
455 2882.285380
456 2807.598401
457 2734.355797
458 2662.545842
459 2592.156354
460 2523.174718
461 2455.587906
462 2389.382496
463 2324.544694
464 2261.060351
465 2198.914985
466 2138.093799
467 2078.581703
468 2020.363326
469 1963.423045
470 1907.744992
471 1853.313081
472 1800.111021
473 1748.122334
474 1697.330372
475 1647.718336
476 1599.269288
477 1551.966172
478 1505.791825
479 1460.728995
480 1416.760355
481 1373.868519
482 1332.036052
483 1291.245489
484 1251.479345
485 1212.720128
486 1174.950353
487 1138.152553
488 1102.309293
489 1067.403178
490 1033.416865
491 1000.333075
492 968.134604
493 936.804329
494 906.325221
495 876.680350
496 847.852901
497 819.826173
498 792.583594
499 766.108725
500 740.385269
501 715.397076
502 691.128151
503 667.562660
504 644.684933
505 622.479473
506 600.930961
507 580.024257
508 559.744408
509 540.076650
510 521.006413
511 502.519326
512 484.601215
513 467.238111
514 450.416250
515 434.122078
516 418.342248
517 403.063628
518 388.273297
519 373.958552
520 360.106902
521 346.706075
522 333.744017
523 321.208891
524 309.089076
525 297.373173
526 286.049997
527 275.108582
528 264.538179
529 254.328256
530 244.468494
531 234.948789
532 225.759251
533 216.890201
534 208.332170
535 200.075898
536 192.112332
537 184.432623
538 177.028126
539 169.890397
540 163.011192
541 156.382462
542 149.996352
543 143.845202
544 137.921539
545 132.218078
546 126.727718
547 121.443541
548 116.358807
549 111.466952
550 106.761588
551 102.236496
552 97.885624
553 93.703089
554 89.683165
555 85.820291
556 82.109057
557 78.544210
558 75.120647
559 71.833412
560 68.677694
561 65.648823
562 62.742267
563 59.953633
564 57.278658
565 54.713210
566 52.253284
567 49.894998
568 47.634593
569 45.468428
570 43.392978
571 41.404830
572 39.500680
573 37.677336
574 35.931705
575 34.260799
576 32.661730
577 31.131706
578 29.668028
579 28.268090
580 26.929376
581 25.649455
582 24.425981
583 23.256692
584 22.139402
585 21.072005
586 20.052469
587 19.078837
588 18.149220
589 17.261799
590 16.414823
591 15.606602
592 14.835512
593 14.099989
594 13.398526
595 12.729674
596 12.092041
597 11.484285
598 10.905117
599 10.353299
600 9.827638
