0 0.000017
1 0.000022
2 0.000029
3 0.000037
4 0.000048
5 0.000061
6 0.000077
7 0.000098
8 0.000123
9 0.000154
10 0.000192
11 0.000239
12 0.000295
13 0.000364
14 0.000446
15 0.000545
16 0.000663
17 0.000803
18 0.000969
19 0.001163
20 0.001391
21 0.001655
22 0.001962
23 0.002316
24 0.002722
25 0.003185
26 0.003711
27 0.004305
28 0.004973
29 0.005721
30 0.006552
31 0.007472
32 0.008484
33 0.009593
34 0.010800
35 0.012107
36 0.013514
37 0.015019
38 0.016621
39 0.018315
40 0.020095
41 0.021953
42 0.023881
43 0.025867
44 0.027897
45 0.029959
46 0.032035
47 0.034107
48 0.036159
49 0.038170
50 0.040119
51 0.041988
52 0.043756
53 0.045402
54 0.046909
55 0.048258
56 0.049434
57 0.050421
58 0.051207
59 0.051783
60 0.052141
61 0.052277
62 0.052189
63 0.051877
64 0.051346
65 0.050604
66 0.049658
67 0.048521
68 0.047207
69 0.045732
70 0.044113
71 0.042369
72 0.040520
73 0.038586
74 0.036586
75 0.034542
76 0.032472
77 0.030395
78 0.028329
79 0.026291
80 0.024295
81 0.022354
82 0.020480
83 0.018683
84 0.016970
85 0.015348
86 0.013822
87 0.012395
88 0.011067
89 0.009839
90 0.008710
91 0.007677
92 0.006738
93 0.005888
94 0.005124
95 0.004440
96 0.003830
97 0.003290
98 0.002814
99 0.002397
100 0.002033
101 0.001716
102 0.001443
103 0.001208
104 0.001007
105 0.000836
106 0.000691
107 0.000569
108 0.000466
109 0.000380
110 0.000309
111 0.000250
112 0.000201
113 0.000161
114 0.000129
115 0.000102
116 0.000081
117 0.000064
118 0.000050
119 0.000039
120 0.000031
