0 0.000002
1 0.000002
2 0.000002
3 0.000003
4 0.000003
5 0.000004
6 0.000005
7 0.000006
8 0.000007
9 0.000009
10 0.000011
11 0.000013
12 0.000016
13 0.000019
14 0.000022
15 0.000027
16 0.000032
17 0.000038
18 0.000045
19 0.000054
20 0.000063
21 0.000075
22 0.000089
23 0.000104
24 0.000123
25 0.000145
26 0.000170
27 0.000199
28 0.000232
29 0.000271
30 0.000316
31 0.000368
32 0.000428
33 0.000496
34 0.000575
35 0.000665
36 0.000767
37 0.000884
38 0.001017
39 0.001169
40 0.001340
41 0.001535
42 0.001754
43 0.002002
44 0.002281
45 0.002594
46 0.002946
47 0.003341
48 0.003781
49 0.004273
50 0.004821
51 0.005430
52 0.006106
53 0.006856
54 0.007684
55 0.008599
56 0.009606
57 0.010715
58 0.011931
59 0.013264
60 0.014722
61 0.016313
62 0.018047
63 0.019933
64 0.021979
65 0.024196
66 0.026592
67 0.029179
68 0.031965
69 0.034959
70 0.038171
71 0.041611
72 0.045286
73 0.049205
74 0.053375
75 0.057805
76 0.062500
77 0.067465
78 0.072707
79 0.078227
80 0.084028
81 0.090113
82 0.096479
83 0.103127
84 0.110052
85 0.117251
86 0.124716
87 0.132440
88 0.140411
89 0.148619
90 0.157050
91 0.165688
92 0.174515
93 0.183511
94 0.192656
95 0.201926
96 0.211295
97 0.220738
98 0.230226
99 0.239729
100 0.249216
101 0.258654
102 0.268012
103 0.277253
104 0.286344
105 0.295250
106 0.303935
107 0.312364
108 0.320501
109 0.328313
110 0.335765
111 0.342825
112 0.349461
113 0.355643
114 0.361342
115 0.366532
116 0.371189
117 0.375291
118 0.378817
119 0.381751
120 0.384078
121 0.385788
122 0.386872
123 0.387325
124 0.387144
125 0.386330
126 0.384887
127 0.382823
128 0.380148
129 0.376873
130 0.373016
131 0.368595
132 0.363630
133 0.358146
134 0.352168
135 0.345723
136 0.338841
137 0.331553
138 0.323891
139 0.315889
140 0.307581
141 0.299001
142 0.290186
143 0.281170
144 0.271988
145 0.262677
146 0.253269
147 0.243798
148 0.234298
149 0.224801
150 0.215335
151 0.205931
152 0.196615
153 0.187414
154 0.178351
155 0.169449
156 0.160728
157 0.152206
158 0.143901
159 0.135826
160 0.127995
161 0.120418
162 0.113104
163 0.106061
164 0.099294
165 0.092807
166 0.086601
167 0.080679
168 0.075038
169 0.069678
170 0.064595
171 0.059784
172 0.055242
173 0.050961
174 0.046935
175 0.043156
176 0.039617
177 0.036308
178 0.033222
179 0.030348
180 0.027677
181 0.025200
182 0.022908
183 0.020789
184 0.018836
185 0.017038
186 0.015387
187 0.013873
188 0.012488
189 0.011222
190 0.010069
191 0.009019
192 0.008065
193 0.007201
194 0.006418
195 0.005711
196 0.005074
197 0.004501
198 0.003985
199 0.003523
200 0.003110
201 0.002740
202 0.002411
203 0.002117
204 0.001857
205 0.001625
206 0.001421
207 0.001240
208 0.001080
209 0.000939
210 0.000816
211 0.000707
212 0.000612
213 0.000529
214 0.000456
215 0.000393
216 0.000338
217 0.000290
218 0.000248
219 0.000213
220 0.000182
221 0.000155
222 0.000132
223 0.000112
224 0.000095
225 0.000081
226 0.000068
227 0.000058
228 0.000049
229 0.000041
230 0.000034
231 0.000029
232 0.000024
233 0.000020
234 0.000017
235 0.000014
236 0.000012
237 0.000010
238 0.000008
239 0.000007
240 0.000006
