0 0.010756
1 0.011763
2 0.012861
3 0.014057
4 0.015358
5 0.016775
6 0.018317
7 0.019993
8 0.021816
9 0.023798
10 0.025951
11 0.028290
12 0.030829
13 0.033586
14 0.036577
15 0.039822
16 0.043340
17 0.047154
18 0.051287
19 0.055764
20 0.060612
21 0.065861
22 0.071540
23 0.077685
24 0.084329
25 0.091513
26 0.099276
27 0.107662
28 0.116719
29 0.126497
30 0.137050
31 0.148435
32 0.160713
33 0.173951
34 0.188218
35 0.203589
36 0.220144
37 0.237968
38 0.257151
39 0.277791
40 0.299990
41 0.323858
42 0.349512
43 0.377075
44 0.406680
45 0.438467
46 0.472585
47 0.509193
48 0.548459
49 0.590560
50 0.635688
51 0.684042
52 0.735835
53 0.791293
54 0.850655
55 0.914173
56 0.982115
57 1.054765
58 1.132422
59 1.215401
60 1.304038
61 1.398685
62 1.499714
63 1.607520
64 1.722516
65 1.845140
66 1.975852
67 2.115137
68 2.263507
69 2.421499
70 2.589678
71 2.768639
72 2.959007
73 3.161438
74 3.376623
75 3.605284
76 3.848181
77 4.106111
78 4.379907
79 4.670444
80 4.978638
81 5.305448
82 5.651877
83 6.018972
84 6.407832
85 6.819602
86 7.255477
87 7.716707
88 8.204595
89 8.720501
90 9.265839
91 9.842086
92 10.450780
93 11.093518
94 11.771967
95 12.487854
96 13.242980
97 14.039211
98 14.878487
99 15.762821
100 16.694300
101 17.675088
102 18.707426
103 19.793636
104 20.936121
105 22.137366
106 23.399941
107 24.726502
108 26.119791
109 27.582638
110 29.117963
111 30.728778
112 32.418183
113 34.189374
114 36.045638
115 37.990357
116 40.027008
117 42.159163
118 44.390488
119 46.724746
120 49.165796
121 51.717592
122 54.384183
123 57.169714
124 60.078422
125 63.114640
126 66.282792
127 69.587394
128 73.033051
129 76.624457
130 80.366391
131 84.263718
132 88.321383
133 92.544412
134 96.937905
135 101.507037
136 106.257053
137 111.193264
138 116.321041
139 121.645816
140 127.173072
141 132.908343
142 138.857205
143 145.025271
144 151.418189
145 158.041630
146 164.901288
147 172.002867
148 179.352081
149 186.954639
150 194.816243
151 202.942579
152 211.339308
153 220.012056
154 228.966408
155 238.207897
156 247.741996
157 257.574106
158 267.709551
159 278.153559
160 288.911262
161 299.987676
162 311.387697
163 323.116085
164 335.177455
165 347.576267
166 360.316809
167 373.403189
168 386.839325
169 400.628927
170 414.775489
171 429.282275
172 444.152308
173 459.388356
174 474.992919
175 490.968219
176 507.316186
177 524.038446
178 541.136309
179 558.610754
180 576.462423
181 594.691604
182 613.298219
183 632.281818
184 651.641563
185 671.376217
186 691.484137
187 711.963261
188 732.811099
189 754.024725
190 775.600764
191 797.535388
192 819.824306
193 842.462756
194 865.445500
195 888.766815
196 912.420491
197 936.399823
198 960.697606
199 985.306136
200 1010.217201
201 1035.422085
202 1060.911561
203 1086.675894
204 1112.704840
205 1138.987648
206 1165.513061
207 1192.269318
208 1219.244161
209 1246.424835
210 1273.798098
211 1301.350225
212 1329.067017
213 1356.933804
214 1384.935465
215 1413.056426
216 1441.280680
217 1469.591797
218 1497.972933
219 1526.406849
220 1554.875925
221 1583.362173
222 1611.847257
223 1640.312508
224 1668.738946
225 1697.107295
226 1725.398006
227 1753.591276
228 1781.667072
229 1809.605153
230 1837.385091
231 1864.986295
232 1892.388039
233 1919.569485
234 1946.509704
235 1973.187712
236 1999.582486
237 2025.672999
238 2051.438243
239 2076.857258
240 2101.909160
241 2126.573170
242 2150.828639
243 2174.655082
244 2198.032201
245 2220.939919
246 2243.358402
247 2265.268096
248 2286.649745
249 2307.484428
250 2327.753583
251 2347.439033
252 2366.523016
253 2384.988211
254 2402.817763
255 2419.995308
256 2436.505001
257 2452.331538
258 2467.460180
259 2481.876776
260 2495.567784
261 2508.520296
262 2520.722052
263 2532.161465
264 2542.827637
265 2552.710377
266 2561.800214
267 2570.088418
268 2577.567009
269 2584.228771
270 2590.067267
271 2595.076844
272 2599.252646
273 2602.590618
274 2605.087519
275 2606.740921
276 2607.549214
277 2607.511614
278 2606.628156
279 2604.899699
280 2602.327926
281 2598.915336
282 2594.665246
283 2589.581779
284 2583.669863
285 2576.935221
286 2569.384361
287 2561.024566
288 2551.863885
289 2541.911113
290 2531.175785
291 2519.668156
292 2507.399187
293 2494.380525
294 2480.624488
295 2466.144042
296 2450.952783
297 2435.064915
298 2418.495230
299 2401.259079
300 2383.372356
301 2364.851468
302 2345.713313
303 2325.975252
304 2305.655086
305 2284.771027
306 2263.341669
307 2241.385966
308 2218.923198
309 2195.972949
310 2172.555073
311 2148.689670
312 2124.397054
313 2099.697727
314 2074.612350
315 2049.161712
316 2023.366705
317 1997.248296
318 1970.827493
319 1944.125327
320 1917.162816
321 1889.960943
322 1862.540626
323 1834.922697
324 1807.127871
325 1779.176724
326 1751.089668
327 1722.886929
328 1694.588519
329 1666.214219
330 1637.783554
331 1609.315776
332 1580.829837
333 1552.344378
334 1523.877704
335 1495.447772
336 1467.072167
337 1438.768096
338 1410.552364
339 1382.441365
340 1354.451070
341 1326.597009
342 1298.894268
343 1271.357471
344 1244.000778
345 1216.837871
346 1189.881949
347 1163.145722
348 1136.641406
349 1110.380715
350 1084.374862
351 1058.634553
352 1033.169988
353 1007.990855
354 983.106336
355 958.525103
356 934.255322
357 910.304653
358 886.680256
359 863.388791
360 840.436427
361 817.828841
362 795.571231
363 773.668314
364 752.124341
365 730.943100
366 710.127924
367 689.681701
368 669.606883
369 649.905494
370 630.579141
371 611.629023
372 593.055945
373 574.860323
374 557.042202
375 539.601262
376 522.536831
377 505.847899
378 489.533128
379 473.590864
380 458.019153
381 442.815745
382 427.978117
383 413.503476
384 399.388780
385 385.630742
386 372.225849
387 359.170371
388 346.460374
389 334.091734
390 322.060144
391 310.361134
392 298.990073
393 287.942189
394 277.212575
395 266.796204
396 256.687935
397 246.882531
398 237.374662
399 228.158919
400 219.229823
401 210.581837
402 202.209372
403 194.106797
404 186.268450
405 178.688642
406 171.361672
407 164.281828
408 157.443398
409 150.840678
410 144.467977
411 138.319623
412 132.389974
413 126.673419
414 121.164384
415 115.857341
416 110.746811
417 105.827368
418 101.093645
419 96.540336
420 92.162204
421 87.954080
422 83.910870
423 80.027555
424 76.299196
425 72.720938
426 69.288008
427 65.995720
428 62.839477
429 59.814771
430 56.917186
431 54.142398
432 51.486178
433 48.944388
434 46.512990
435 44.188036
436 41.965677
437 39.842158
438 37.813822
439 35.877105
440 34.028538
441 32.264749
442 30.582458
443 28.978478
444 27.449716
445 25.993169
446 24.605925
447 23.285161
448 22.028143
449 20.832224
450 19.694841
451 18.613516
452 17.585853
453 16.609538
454 15.682336
455 14.802091
456 13.966721
457 13.174221
458 12.422658
459 11.710170
460 11.034965
461 10.395319
462 9.789574
463 9.216135
464 8.673472
465 8.160113
466 7.674649
467 7.215724
468 6.782042
469 6.372356
470 5.985477
471 5.620262
472 5.275619
473 4.950504
474 4.643917
475 4.354905
476 4.082554
477 3.825994
478 3.584394
479 3.356960
480 3.142938
481 2.941606
482 2.752279
483 2.574301
484 2.407051
485 2.249937
486 2.102396
487 1.963893
488 1.833919
489 1.711992
490 1.597652
491 1.490465
492 1.390019
493 1.295921
494 1.207801
495 1.125308
496 1.048109
497 0.975890
498 0.908352
499 0.845214
500 0.786209
501 0.731086
502 0.679608
503 0.631549
504 0.586698
505 0.544856
506 0.505834
507 0.469454
508 0.435549
509 0.403962
510 0.374544
511 0.347156
512 0.321666
513 0.297951
514 0.275895
515 0.255389
516 0.236330
517 0.218622
518 0.202176
519 0.186906
520 0.172734
521 0.159584
522 0.147388
523 0.136079
524 0.125598
525 0.115886
526 0.106890
527 0.098561
528 0.090851
529 0.083718
530 0.077119
531 0.071017
532 0.065377
533 0.060166
534 0.055351
535 0.050906
536 0.046802
537 0.043016
538 0.039522
539 0.036301
540 0.033331
