0 0.000304
1 0.000341
2 0.000382
3 0.000428
4 0.000480
5 0.000537
6 0.000600
7 0.000671
8 0.000749
9 0.000836
10 0.000932
11 0.001039
12 0.001157
13 0.001288
14 0.001433
15 0.001592
16 0.001769
17 0.001964
18 0.002178
19 0.002415
20 0.002676
21 0.002963
22 0.003278
23 0.003625
24 0.004005
25 0.004423
26 0.004881
27 0.005382
28 0.005932
29 0.006533
30 0.007191
31 0.007909
32 0.008694
33 0.009550
34 0.010483
35 0.011501
36 0.012608
37 0.013813
38 0.015123
39 0.016547
40 0.018093
41 0.019770
42 0.021588
43 0.023558
44 0.025691
45 0.027999
46 0.030494
47 0.033189
48 0.036099
49 0.039238
50 0.042621
51 0.046267
52 0.050190
53 0.054411
54 0.058948
55 0.063821
56 0.069051
57 0.074661
58 0.080673
59 0.087113
60 0.094004
61 0.101373
62 0.109249
63 0.117658
64 0.126632
65 0.136200
66 0.146394
67 0.157249
68 0.168796
69 0.181072
70 0.194114
71 0.207957
72 0.222641
73 0.238205
74 0.254690
75 0.272135
76 0.290585
77 0.310080
78 0.330666
79 0.352386
80 0.375286
81 0.399411
82 0.424806
83 0.451519
84 0.479596
85 0.509083
86 0.540027
87 0.572475
88 0.606473
89 0.642067
90 0.679302
91 0.718224
92 0.758875
93 0.801300
94 0.845539
95 0.891633
96 0.939621
97 0.989539
98 1.041424
99 1.095307
100 1.151219
101 1.209189
102 1.269242
103 1.331400
104 1.395682
105 1.462105
106 1.530680
107 1.601417
108 1.674319
109 1.749387
110 1.826618
111 1.906002
112 1.987527
113 2.071174
114 2.156920
115 2.244737
116 2.334591
117 2.426444
118 2.520249
119 2.615958
120 2.713513
121 2.812853
122 2.913910
123 3.016610
124 3.120873
125 3.226614
126 3.333741
127 3.442157
128 3.551759
129 3.662437
130 3.774077
131 3.886560
132 3.999760
133 4.113546
134 4.227784
135 4.342334
136 4.457050
137 4.571785
138 4.686385
139 4.800695
140 4.914555
141 5.027803
142 5.140274
143 5.251800
144 5.362213
145 5.471342
146 5.579017
147 5.685064
148 5.789313
149 5.891592
150 5.991730
151 6.089557
152 6.184907
153 6.277613
154 6.367514
155 6.454449
156 6.538264
157 6.618805
158 6.695927
159 6.769487
160 6.839350
161 6.905383
162 6.967463
163 7.025472
164 7.079300
165 7.128843
166 7.174006
167 7.214702
168 7.250851
169 7.282382
170 7.309235
171 7.331357
172 7.348704
173 7.361241
174 7.368945
175 7.371799
176 7.369799
177 7.362948
178 7.351260
179 7.334757
180 7.313473
181 7.287449
182 7.256737
183 7.221396
184 7.181495
185 7.137112
186 7.088333
187 7.035252
188 6.977971
189 6.916599
190 6.851253
191 6.782055
192 6.709136
193 6.632631
194 6.552680
195 6.469431
196 6.383034
197 6.293644
198 6.201420
199 6.106523
200 6.009120
201 5.909376
202 5.807462
203 5.703548
204 5.597804
205 5.490404
206 5.381518
207 5.271318
208 5.159976
209 5.047659
210 4.934536
211 4.820772
212 4.706529
213 4.591968
214 4.477246
215 4.362516
216 4.247926
217 4.133623
218 4.019748
219 3.906435
220 3.793817
221 3.682019
222 3.571163
223 3.461364
224 3.352732
225 3.245371
226 3.139379
227 3.034849
228 2.931868
229 2.830517
230 2.730870
231 2.632996
232 2.536958
233 2.442813
234 2.350614
235 2.260405
236 2.172227
237 2.086114
238 2.002095
239 1.920196
240 1.840434
241 1.762823
242 1.687374
243 1.614090
244 1.542973
245 1.474018
246 1.407217
247 1.342559
248 1.280028
249 1.219607
250 1.161272
251 1.104999
252 1.050761
253 0.998527
254 0.948265
255 0.899940
256 0.853516
257 0.808953
258 0.766212
259 0.725252
260 0.686029
261 0.648500
262 0.612620
263 0.578345
264 0.545627
265 0.514422
266 0.484682
267 0.456360
268 0.429411
269 0.403787
270 0.379442
271 0.356330
272 0.334405
273 0.313623
274 0.293939
275 0.275308
276 0.257689
277 0.241039
278 0.225316
279 0.210480
280 0.196491
281 0.183311
282 0.170903
283 0.159230
284 0.148256
285 0.137948
286 0.128272
287 0.119196
288 0.110689
289 0.102722
290 0.095265
291 0.088292
292 0.081775
293 0.075689
294 0.070010
295 0.064715
296 0.059780
297 0.055186
298 0.050911
299 0.046936
300 0.043244
301 0.039815
302 0.036634
303 0.033685
304 0.030953
305 0.028424
306 0.026085
307 0.023922
308 0.021924
309 0.020079
310 0.018378
311 0.016810
312 0.015365
313 0.014036
314 0.012813
315 0.011689
316 0.010656
317 0.009708
318 0.008839
319 0.008042
320 0.007313
321 0.006645
322 0.006034
323 0.005476
324 0.004966
325 0.004500
326 0.004076
327 0.003689
328 0.003337
329 0.003016
330 0.002724
331 0.002459
332 0.002218
333 0.002000
334 0.001802
335 0.001622
336 0.001460
337 0.001312
338 0.001179
339 0.001059
340 0.000950
341 0.000852
342 0.000764
343 0.000684
344 0.000612
345 0.000547
346 0.000489
347 0.000437
348 0.000390
349 0.000348
350 0.000310
351 0.000276
352 0.000246
353 0.000219
354 0.000195
355 0.000173
356 0.000154
357 0.000136
358 0.000121
359 0.000107
360 0.000095
