0 95.179674
1 99.330148
2 103.649018
3 108.142534
4 112.817152
5 117.679541
6 122.736586
7 127.995398
8 133.463317
9 139.147918
10 145.057021
11 151.198693
12 157.581257
13 164.213299
14 171.103674
15 178.261511
16 185.696225
17 193.417518
18 201.435393
19 209.760156
20 218.402424
21 227.373136
22 236.683560
23 246.345297
24 256.370292
25 266.770845
26 277.559611
27 288.749619
28 300.354269
29 312.387351
30 324.863048
31 337.795943
32 351.201034
33 365.093738
34 379.489901
35 394.405811
36 409.858199
37 425.864258
38 442.441645
39 459.608494
40 477.383424
41 495.785552
42 514.834496
43 534.550393
44 554.953902
45 576.066216
46 597.909075
47 620.504772
48 643.876164
49 668.046683
50 693.040345
51 718.881760
52 745.596144
53 773.209326
54 801.747760
55 831.238536
56 861.709387
57 893.188701
58 925.705532
59 959.289606
60 993.971336
61 1029.781827
62 1066.752890
63 1104.917048
64 1144.307548
65 1184.958368
66 1226.904229
67 1270.180602
68 1314.823720
69 1360.870583
70 1408.358969
71 1457.327443
72 1507.815363
73 1559.862891
74 1613.511000
75 1668.801479
76 1725.776947
77 1784.480852
78 1844.957484
79 1907.251981
80 1971.410332
81 2037.479387
82 2105.506859
83 2175.541334
84 2247.632272
85 2321.830013
86 2398.185784
87 2476.751696
88 2557.580757
89 2640.726866
90 2726.244821
91 2814.190320
92 2904.619963
93 2997.591250
94 3093.162587
95 3191.393281
96 3292.343543
97 3396.074484
98 3502.648117
99 3612.127351
100 3724.575991
101 3840.058733
102 3958.641160
103 4080.389738
104 4205.371807
105 4333.655582
106 4465.310138
107 4600.405408
108 4739.012170
109 4881.202042
110 5027.047469
111 5176.621714
112 5329.998844
113 5487.253720
114 5648.461981
115 5813.700032
116 5983.045029
117 6156.574860
118 6334.368130
119 6516.504143
120 6703.062884
121 6894.124997
122 7089.771764
123 7290.085088
124 7495.147462
125 7705.041953
126 7919.852173
127 8139.662252
128 8364.556816
129 8594.620955
130 8829.940192
131 9070.600460
132 9316.688064
133 9568.289651
134 9825.492179
135 10088.382879
136 10357.049219
137 10631.578873
138 10912.059675
139 11198.579589
140 11491.226660
141 11790.088981
142 12095.254645
143 12406.811705
144 12724.848127
145 13049.451748
146 13380.710225
147 13718.710992
148 14063.541207
149 14415.287707
150 14774.036950
151 15139.874972
152 15512.887326
153 15893.159034
154 16280.774528
155 16675.817596
156 17078.371325
157 17488.518043
158 17906.339258
159 18331.915604
160 18765.326773
161 19206.651460
162 19655.967296
163 20113.350788
164 20578.877253
165 21052.620754
166 21534.654036
167 22025.048457
168 22523.873923
169 23031.198822
170 23547.089953
171 24071.612458
172 24604.829756
173 25146.803468
174 25697.593354
175 26257.257235
176 26825.850928
177 27403.428171
178 27990.040556
179 28585.737452
180 29190.565937
181 29804.570726
182 30427.794097
183 31060.275821
184 31702.053089
185 32353.160438
186 33013.629686
187 33683.489853
188 34362.767093
189 35051.484622
190 35749.662651
191 36457.318310
192 37174.465582
193 37901.115234
194 38637.274747
195 39382.948246
196 40138.136440
197 40902.836548
198 41677.042236
199 42460.743555
200 43253.926875
201 44056.574822
202 44868.666218
203 45690.176019
204 46521.075260
205 47361.330993
206 48210.906232
207 49069.759899
208 49937.846770
209 50815.117426
210 51701.518197
211 52596.991120
212 53501.473890
213 54414.899812
214 55337.197765
215 56268.292155
216 57208.102882
217 58156.545297
218 59113.530173
219 60078.963669
220 61052.747302
221 62034.777922
222 63024.947679
223 64023.144010
224 65029.249610
225 66043.142421
226 67064.695615
227 68093.777579
228 69130.251909
229 70173.977403
230 71224.808054
231 72282.593052
232 73347.176786
233 74418.398845
234 75496.094031
235 76580.092368
236 77670.219112
237 78766.294776
238 79868.135143
239 80975.551294
240 82088.349631
241 83206.331910
242 84329.295273
243 85457.032286
244 86589.330972
245 87725.974865
246 88866.743046
247 90011.410199
248 91159.746661
249 92311.518481
250 93466.487476
251 94624.411297
252 95785.043494
253 96948.133586
254 98113.427134
255 99280.665817
256 100449.587514
257 101619.926382
258 102791.412947
259 103963.774190
260 105136.733641
261 106310.011476
262 107483.324614
263 108656.386818
264 109828.908803
265 111000.598343
266 112171.160381
267 113340.297141
268 114507.708252
269 115673.090859
270 116836.139752
271 117996.547486
272 119154.004513
273 120308.199309
274 121458.818508
275 122605.547037
276 123748.068255
277 124886.064090
278 126019.215184
279 127147.201032
280 128269.700135
281 129386.390143
282 130496.948006
283 131601.050126
284 132698.372510
285 133788.590924
286 134871.381051
287 135946.418648
288 137013.379701
289 138071.940592
290 139121.778255
291 140162.570336
292 141193.995363
293 142215.732901
294 143227.463723
295 144228.869969
296 145219.635313
297 146199.445130
298 147167.986657
299 148124.949161
300 149070.024102
301 150002.905298
302 150923.289093
303 151830.874515
304 152725.363442
305 153606.460765
306 154473.874548
307 155327.316191
308 156166.500587
309 156991.146280
310 157800.975623
311 158595.714936
312 159375.094654
313 160138.849483
314 160886.718549
315 161618.445548
316 162333.778889
317 163032.471840
318 163714.282670
319 164378.974787
320 165026.316875
321 165656.083028
322 166268.052883
323 166862.011746
324 167437.750717
325 167995.066816
326 168533.763100
327 169053.648777
328 169554.539321
329 170036.256582
330 170498.628890
331 170941.491156
332 171364.684971
333 171768.058703
334 172151.467584
335 172514.773798
336 172857.846562
337 173180.562210
338 173482.804258
339 173764.463483
340 174025.437984
341 174265.633244
342 174484.962189
343 174683.345237
344 174860.710349
345 175016.993073
346 175152.136582
347 175266.091706
348 175358.816967
349 175430.278598
350 175480.450571
351 175509.314606
352 175516.860184
353 175503.084556
354 175467.992743
355 175411.597530
356 175333.919463
357 175234.986835
358 175114.835668
359 174973.509689
360 174811.060310
361 174627.546589
362 174423.035201
363 174197.600392
364 173951.323939
365 173684.295096
366 173396.610544
367 173088.374331
368 172759.697809
369 172410.699566
370 172041.505357
371 171652.248028
372 171243.067435
373 170814.110361
374 170365.530428
375 169897.488007
376 169410.150120
377 168903.690341
378 168378.288696
379 167834.131551
380 167271.411507
381 166690.327285
382 166091.083607
383 165473.891079
384 164838.966063
385 164186.530556
386 163516.812060
387 162830.043445
388 162126.462819
389 161406.313389
390 160669.843323
391 159917.305602
392 159148.957882
393 158365.062343
394 157565.885543
395 156751.698266
396 155922.775366
397 155079.395621
398 154221.841567
399 153350.399351
400 152465.358563
401 151567.012084
402 150655.655918
403 149731.589039
404 148795.113218
405 147846.532868
406 146886.154876
407 145914.288440
408 144931.244903
409 143937.337590
410 142932.881639
411 141918.193843
412 140893.592476
413 139859.397137
414 138815.928580
415 137763.508553
416 136702.459632
417 135633.105064
418 134555.768597
419 133470.774330
420 132378.446543
421 131279.109546
422 130173.087518
423 129060.704353
424 127942.283503
425 126818.147831
426 125688.619452
427 124554.019592
428 123414.668434
429 122270.884976
430 121122.986885
431 119971.290361
432 118816.109990
433 117657.758614
434 116496.547193
435 115332.784674
436 114166.777863
437 112998.831293
438 111829.247107
439 110658.324931
440 109486.361756
441 108313.651823
442 107140.486513
443 105967.154229
444 104793.940298
445 103621.126858
446 102448.992765
447 101277.813489
448 100107.861023
449 98939.403789
450 97772.706551
451 96608.030328
452 95445.632315
453 94285.765803
454 93128.680101
455 91974.620468
456 90823.828043
457 89676.539778
458 88532.988377
459 87393.402240
460 86258.005403
461 85127.017487
462 84000.653653
463 82879.124553
464 81762.636289
465 80651.390375
466 79545.583700
467 78445.408496
468 77351.052313
469 76262.697987
470 75180.523622
471 74104.702569
472 73035.403410
473 71972.789945
474 70917.021183
475 69868.251333
476 68826.629801
477 67792.301190
478 66765.405299
479 65746.077132
480 64734.446901
481 63730.640041
482 62734.777219
483 61746.974351
484 60767.342622
485 59795.988505
486 58833.013785
487 57878.515585
488 56932.586394
489 55995.314098
490 55066.782013
491 54147.068920
492 53236.249100
493 52334.392377
494 51441.564159
495 50557.825477
496 49683.233034
497 48817.839254
498 47961.692326
499 47114.836255
500 46277.310918
501 45449.152115
502 44630.391626
503 43821.057263
504 43021.172934
505 42230.758700
506 41449.830834
507 40678.401884
508 39916.480736
509 39164.072679
510 38421.179467
511 37687.799388
512 36963.927327
513 36249.554835
514 35544.670201
515 34849.258514
516 34163.301736
517 33486.778771
518 32819.665538
519 32161.935037
520 31513.557422
521 30874.500077
522 30244.727678
523 29624.202274
524 29012.883354
525 28410.727921
526 27817.690562
527 27233.723522
528 26658.776774
529 26092.798093
530 25535.733125
531 24987.525461
532 24448.116705
533 23917.446547
534 23395.452833
535 22882.071634
536 22377.237315
537 21880.882607
538 21392.938671
539 20913.335170
540 20442.000333
541 19978.861025
542 19523.842808
543 19076.870010
544 18637.865791
545 18206.752202
546 17783.450250
547 17367.879961
548 16959.960441
549 16559.609934
550 16166.745886
551 15781.284998
552 15403.143288
553 15032.236146
554 14668.478390
555 14311.784320
556 13962.067771
557 13619.242169
558 13283.220578
559 12953.915754
560 12631.240194
561 12315.106182
562 12005.425839
563 11702.111170
564 11405.074103
565 11114.226544
566 10829.480407
567 10550.747668
568 10277.940397
569 10010.970802
570 9749.751266
571 9494.194386
572 9244.213007
573 8999.720258
574 8760.629590
575 8526.854802
576 8298.310079
577 8074.910020
578 7856.569668
579 7643.204540
580 7434.730654
581 7231.064554
582 7032.123340
583 6837.824687
584 6648.086872
585 6462.828797
586 6281.970008
587 6105.430719
588 5933.131826
589 5764.994933
590 5600.942363
591 5440.897179
592 5284.783199
593 5132.525008
594 4984.047976
595 4839.278271
596 4698.142866
597 4560.569559
598 4426.486974
599 4295.824580
600 4168.512694
601 4044.482492
602 3923.666013
603 3805.996172
604 3691.406761
605 3579.832455
606 3471.208819
607 3365.472308
608 3262.560276
609 3162.410973
610 3064.963550
611 2970.158060
612 2877.935461
613 2788.237610
614 2701.007271
615 2616.188107
616 2533.724685
617 2453.562468
618 2375.647817
619 2299.927989
620 2226.351130
621 2154.866273
622 2085.423336
623 2017.973114
624 1952.467277
625 1888.858365
626 1827.099780
627 1767.145782
628 1708.951483
629 1652.472838
630 1597.666642
631 1544.490521
632 1492.902923
633 1442.863114
634 1394.331168
635 1347.267959
636 1301.635153
637 1257.395200
638 1214.511326
639 1172.947520
640 1132.668533
641 1093.639861
642 1055.827741
643 1019.199137
644 983.721736
645 949.363936
646 916.094833
647 883.884216
648 852.702558
649 822.520999
650 793.311343
651 765.046048
652 737.698209
653 711.241557
654 685.650443
655 660.899828
656 636.965278
657 613.822947
658 591.449574
659 569.822466
660 548.919493
