0 0.000000
1 0.000001
2 0.000001
3 0.000001
4 0.000001
5 0.000001
6 0.000001
7 0.000002
8 0.000002
9 0.000003
10 0.000003
11 0.000004
12 0.000004
13 0.000005
14 0.000006
15 0.000007
16 0.000009
17 0.000010
18 0.000012
19 0.000015
20 0.000017
21 0.000020
22 0.000024
23 0.000028
24 0.000033
25 0.000039
26 0.000046
27 0.000053
28 0.000063
29 0.000073
30 0.000085
31 0.000100
32 0.000116
33 0.000135
34 0.000157
35 0.000182
36 0.000211
37 0.000244
38 0.000283
39 0.000326
40 0.000376
41 0.000434
42 0.000499
43 0.000574
44 0.000659
45 0.000755
46 0.000865
47 0.000989
48 0.001130
49 0.001290
50 0.001470
51 0.001673
52 0.001902
53 0.002160
54 0.002451
55 0.002776
56 0.003141
57 0.003550
58 0.004008
59 0.004518
60 0.005088
61 0.005723
62 0.006429
63 0.007213
64 0.008083
65 0.009048
66 0.010115
67 0.011295
68 0.012597
69 0.014032
70 0.015612
71 0.017349
72 0.019255
73 0.021346
74 0.023635
75 0.026138
76 0.028871
77 0.031852
78 0.035098
79 0.038629
80 0.042463
81 0.046621
82 0.051125
83 0.055997
84 0.061259
85 0.066935
86 0.073048
87 0.079624
88 0.086688
89 0.094264
90 0.102378
91 0.111058
92 0.120328
93 0.130214
94 0.140744
95 0.151941
96 0.163832
97 0.176440
98 0.189789
99 0.203903
100 0.218802
101 0.234508
102 0.251037
103 0.268408
104 0.286636
105 0.305732
106 0.325707
107 0.346570
108 0.368325
109 0.390973
110 0.414515
111 0.438944
112 0.464253
113 0.490430
114 0.517458
115 0.545319
116 0.573986
117 0.603434
118 0.633627
119 0.664530
120 0.696100
121 0.728291
122 0.761053
123 0.794331
124 0.828065
125 0.862192
126 0.896643
127 0.931347
128 0.966230
129 1.001211
130 1.036208
131 1.071137
132 1.105909
133 1.140434
134 1.174620
135 1.208373
136 1.241598
137 1.274200
138 1.306083
139 1.337150
140 1.367307
141 1.396460
142 1.424516
143 1.451384
144 1.476978
145 1.501212
146 1.524006
147 1.545282
148 1.564966
149 1.582993
150 1.599297
151 1.613823
152 1.626518
153 1.637339
154 1.646246
155 1.653206
156 1.658196
157 1.661198
158 1.662199
159 1.661198
160 1.658196
161 1.653206
162 1.646246
163 1.637339
164 1.626518
165 1.613823
166 1.599297
167 1.582993
168 1.564966
169 1.545282
170 1.524006
171 1.501212
172 1.476978
173 1.451384
174 1.424516
175 1.396460
176 1.367307
177 1.337150
178 1.306083
179 1.274200
180 1.241598
181 1.208373
182 1.174620
183 1.140434
184 1.105909
185 1.071137
186 1.036208
187 1.001211
188 0.966230
189 0.931347
190 0.896643
191 0.862192
192 0.828065
193 0.794331
194 0.761053
195 0.728291
196 0.696100
197 0.664530
198 0.633627
199 0.603434
200 0.573986
201 0.545319
202 0.517458
203 0.490430
204 0.464253
205 0.438944
206 0.414515
207 0.390973
208 0.368325
209 0.346570
210 0.325707
211 0.305732
212 0.286636
213 0.268408
214 0.251037
215 0.234508
216 0.218802
217 0.203903
218 0.189789
219 0.176440
220 0.163832
221 0.151941
222 0.140744
223 0.130214
224 0.120328
225 0.111058
226 0.102378
227 0.094264
228 0.086688
229 0.079624
230 0.073048
231 0.066935
232 0.061259
233 0.055997
234 0.051125
235 0.046621
236 0.042463
237 0.038629
238 0.035098
239 0.031852
240 0.028871
241 0.026138
242 0.023635
243 0.021346
244 0.019255
245 0.017349
246 0.015612
247 0.014032
248 0.012597
249 0.011295
250 0.010115
251 0.009048
252 0.008083
253 0.007213
254 0.006429
255 0.005723
256 0.005088
257 0.004518
258 0.004008
259 0.003550
260 0.003141
261 0.002776
262 0.002451
263 0.002160
264 0.001902
265 0.001673
266 0.001470
267 0.001290
268 0.001130
269 0.000989
270 0.000865
271 0.000755
272 0.000659
273 0.000574
274 0.000499
275 0.000434
276 0.000376
277 0.000326
278 0.000283
279 0.000244
280 0.000211
281 0.000182
282 0.000157
283 0.000135
284 0.000116
285 0.000100
286 0.000085
287 0.000073
288 0.000063
289 0.000053
290 0.000046
291 0.000039
292 0.000033
293 0.000028
294 0.000024
295 0.000020
296 0.000017
297 0.000015
298 0.000012
299 0.000010
300 0.000009
