0 21167.611219
1 21915.494678
2 22687.841810
3 23485.378969
4 24308.851430
5 25159.023793
6 26036.680394
7 26942.625715
8 27877.684811
9 28842.703728
10 29838.549938
11 30866.112778
12 31926.303886
13 33020.057655
14 34148.331683
15 35312.107230
16 36512.389686
17 37750.209036
18 39026.620336
19 40342.704191
20 41699.567241
21 43098.342649
22 44540.190593
23 46026.298771
24 47557.882894
25 49136.187204
26 50762.484981
27 52438.079058
28 54164.302347
29 55942.518357
30 57774.121730
31 59660.538765
32 61603.227960
33 63603.680547
34 65663.421037
35 67784.007766
36 69967.033438
37 72214.125682
38 74526.947601
39 76907.198329
40 79356.613588
41 81876.966250
42 84470.066893
43 87137.764365
44 89881.946348
45 92704.539923
46 95607.512131
47 98592.870538
48 101662.663803
49 104818.982238
50 108063.958376
51 111399.767526
52 114828.628343
53 118352.803380
54 121974.599652
55 125696.369185
56 129520.509570
57 133449.464517
58 137485.724395
59 141631.826774
60 145890.356967
61 150263.948559
62 154755.283937
63 159367.094809
64 164102.162726
65 168963.319586
66 173953.448139
67 179075.482483
68 184332.408552
69 189727.264593
70 195263.141641
71 200943.183974
72 206770.589570
73 212748.610544
74 218880.553581
75 225169.780352
76 231619.707920
77 238233.809139
78 245015.613029
79 251968.705145
80 259096.727932
81 266403.381059
82 273892.421745
83 281567.665065
84 289432.984234
85 297492.310889
86 305749.635334
87 314209.006782
88 322874.533568
89 331750.383346
90 340840.783268
91 350150.020134
92 359682.440528
93 369442.450930
94 379434.517799
95 389663.167637
96 400132.987032
97 410848.622666
98 421814.781307
99 433036.229767
100 444517.794836
101 456264.363190
102 468280.881263
103 480572.355099
104 493143.850169
105 506000.491153
106 519147.461701
107 532590.004150
108 546333.419221
109 560383.065667
110 574744.359902
111 589422.775584
112 604423.843168
113 619753.149421
114 635416.336900
115 651419.103393
116 667767.201320
117 684466.437098
118 701522.670462
119 718941.813750
120 736729.831146
121 754892.737879
122 773436.599383
123 792367.530414
124 811691.694119
125 831415.301070
126 851544.608243
127 872085.917962
128 893045.576791
129 914429.974380
130 936245.542268
131 958498.752637
132 981196.117020
133 1004344.184954
134 1027949.542597
135 1052018.811285
136 1076558.646047
137 1101575.734062
138 1127076.793078
139 1153068.569769
140 1179557.838050
141 1206551.397336
142 1234056.070750
143 1262078.703283
144 1290626.159899
145 1319705.323592
146 1349323.093384
147 1379486.382279
148 1410202.115162
149 1441477.226641
150 1473318.658844
151 1505733.359159
152 1538728.277925
153 1572310.366065
154 1606486.572675
155 1641263.842552
156 1676649.113682
157 1712649.314661
158 1749271.362078
159 1786522.157840
160 1824408.586448
161 1862937.512220
162 1902115.776470
163 1941950.194631
164 1982447.553330
165 2023614.607418
166 2065458.076944
167 2107984.644093
168 2151200.950064
169 2195113.591912
170 2239729.119339
171 2285054.031437
172 2331094.773398
173 2377857.733170
174 2425349.238072
175 2473575.551373
176 2522542.868826
177 2572257.315163
178 2622724.940552
179 2673951.717014
180 2725943.534812
181 2778706.198792
182 2832245.424701
183 2886566.835468
184 2941675.957453
185 2997578.216668
186 3054278.934966
187 3111783.326208
188 3170096.492401
189 3229223.419813
190 3289168.975064
191 3349937.901196
192 3411534.813728
193 3473964.196689
194 3537230.398635
195 3601337.628657
196 3666289.952371
197 3732091.287901
198 3798745.401852
199 3866255.905278
200 3934626.249647
201 4003859.722800
202 4073959.444908
203 4144928.364442
204 4216769.254133
205 4289484.706944
206 4363077.132056
207 4437548.750854
208 4512901.592932
209 4589137.492115
210 4666258.082492
211 4744264.794475
212 4823158.850877
213 4902941.263017
214 4983612.826847
215 5065174.119117
216 5147625.493563
217 5230967.077140
218 5315198.766278
219 5400320.223194
220 5486330.872234
221 5573229.896264
222 5661016.233110
223 5749688.572048
224 5839245.350344
225 5929684.749848
226 6021004.693657
227 6113202.842820
228 6206276.593128
229 6300223.071950
230 6395039.135152
231 6490721.364079
232 6587266.062617
233 6684669.254323
234 6782926.679647
235 6882033.793223
236 6981985.761253
237 7082777.458973
238 7184403.468213
239 7286858.075047
240 7390135.267538
241 7494228.733578
242 7599131.858835
243 7704837.724794
244 7811339.106908
245 7918628.472855
246 8026697.980905
247 8135539.478397
248 8245144.500334
249 8355504.268092
250 8466609.688249
251 8578451.351534
252 8691019.531899
253 8804304.185722
254 8918294.951129
255 9032981.147451
256 9148351.774811
257 9264395.513847
258 9381100.725562
259 9498455.451324
260 9616447.412994
261 9735064.013198
262 9854292.335745
263 9974119.146181
264 10094530.892494
265 10215513.705966
266 10337053.402169
267 10459135.482111
268 10581745.133537
269 10704867.232374
270 10828486.344335
271 10952586.726673
272 11077152.330093
273 11202166.800810
274 11327613.482776
275 11453475.420054
276 11579735.359352
277 11706375.752712
278 11833378.760365
279 11960726.253729
280 12088399.818582
281 12216380.758381
282 12344650.097746
283 12473188.586096
284 12601976.701453
285 12730994.654388
286 12860222.392142
287 12989639.602889
288 13119225.720163
289 13248959.927438
290 13378821.162862
291 13508788.124146
292 13638839.273602
293 13768952.843336
294 13899106.840593
295 14029279.053243
296 14159447.055421
297 14289588.213313
298 14419679.691079
299 14549698.456929
300 14679621.289330
301 14809424.783357
302 14939085.357180
303 15068579.258683
304 15197882.572216
305 15326971.225480
306 15455820.996536
307 15584407.520937
308 15712706.298987
309 15840692.703116
310 15968341.985373
311 16095629.285031
312 16222529.636304
313 16349017.976172
314 16475069.152307
315 16600657.931104
316 16725759.005804
317 16850347.004719
318 16974396.499542
319 17097882.013741
320 17220778.031044
321 17343059.003997
322 17464699.362601
323 17585673.523016
324 17705955.896341
325 17825520.897446
326 17944342.953872
327 18062396.514782
328 18179656.059966
329 18296096.108886
330 18411691.229770
331 18526416.048739
332 18640245.258970
333 18753153.629884
334 18865116.016361
335 18976107.367972
336 19086102.738226
337 19195077.293830
338 19303006.323948
339 19409865.249463
340 19515629.632239
341 19620275.184366
342 19723777.777392
343 19826113.451545
344 19927258.424918
345 20027189.102633
346 20125882.085969
347 20223314.181450
348 20319462.409896
349 20414304.015412
350 20507816.474338
351 20599977.504133
352 20690765.072193
353 20780157.404609
354 20868132.994848
355 20954670.612351
356 21039749.311058
357 21123348.437838
358 21205447.640831
359 21286026.877691
360 21365066.423729
361 21442546.879944
362 21518449.180958
363 21592754.602815
364 21665444.770678
365 21736501.666395
366 21805907.635930
367 21873645.396675
368 21939698.044614
369 22004049.061350
370 22066682.320985
371 22127582.096852
372 22186733.068096
373 22244120.326092
374 22299729.380707
375 22353546.166396
376 22405557.048130
377 22455748.827151
378 22504108.746557
379 22550624.496698
380 22595284.220405
381 22638076.518022
382 22678990.452256
383 22718015.552836
384 22755141.820979
385 22790359.733659
386 22823660.247676
387 22855034.803529
388 22884475.329081
389 22911974.243018
390 22937524.458108
391 22961119.384241
392 22982752.931262
393 23002419.511595
394 23020114.042640
395 23035831.948971
396 23049569.164304
397 23061322.133248
398 23071087.812842
399 23078863.673867
400 23084647.701938
401 23088438.398372
402 23090234.780836
403 23090036.383774
404 23087843.258605
405 23083655.973699
406 23077475.614139
407 23069303.781242
408 23059142.591877
409 23046994.677546
410 23032863.183248
411 23016751.766124
412 22998664.593881
413 22978606.342990
414 22956582.196675
415 22932597.842681
416 22906659.470823
417 22878773.770328
418 22848947.926953
419 22817189.619909
420 22783507.018556
421 22747908.778907
422 22710404.039918
423 22671002.419579
424 22629714.010804
425 22586549.377121
426 22541519.548168
427 22494636.014997
428 22445910.725190
429 22395356.077778
430 22342984.917992
431 22288810.531817
432 22232846.640381
433 22175107.394162
434 22115607.367024
435 22054361.550095
436 21991385.345467
437 21926694.559745
438 21860305.397441
439 21792234.454209
440 21722498.709935
441 21651115.521684
442 21578102.616502
443 21503478.084088
444 21427260.369329
445 21349468.264710
446 21270120.902595
447 21189237.747403
448 21106838.587652
449 21022943.527906
450 20937572.980610
451 20850747.657829
452 20762488.562888
453 20672816.981920
454 20581754.475333
455 20489322.869184
456 20395544.246492
457 20300440.938466
458 20204035.515668
459 20106350.779120
460 20007409.751349
461 19907235.667377
462 19805851.965667
463 19703282.279028
464 19599550.425477
465 19494680.399073
466 19388696.360719
467 19281622.628942
468 19173483.670660
469 19064304.091926
470 18954108.628673
471 18842922.137448
472 18730769.586154
473 18617676.044790
474 18503666.676210
475 18388766.726893
476 18273001.517732
477 18156396.434848
478 18038976.920442
479 17920768.463664
480 17801796.591537
481 17682086.859913
482 17561664.844485
483 17440556.131838
484 17318786.310571
485 17196380.962465
486 17073365.653728
487 16949765.926297
488 16825607.289218
489 16700915.210104
490 16575715.106667
491 16450032.338339
492 16323892.197980
493 16197319.903671
494 16070340.590614
495 15942979.303117
496 15815260.986687
497 15687210.480231
498 15558852.508357
499 15430211.673794
500 15301312.449918
501 15172179.173404
502 15042836.036992
503 14913307.082375
504 14783616.193220
505 14653787.088304
506 14523843.314793
507 14393808.241645
508 14263705.053153
509 14133556.742622
510 14003386.106184
511 13873215.736760
512 13743068.018155
513 13612965.119309
514 13482928.988683
515 13352981.348800
516 13223143.690934
517 13093437.269946
518 12963883.099275
519 12834501.946080
520 12705314.326535
521 12576340.501283
522 12447600.471041
523 12319113.972359
524 12190900.473544
525 12062979.170733
526 11935368.984127
527 11808088.554387
528 11681156.239176
529 11554590.109875
530 11428407.948446
531 11302627.244454
532 11177265.192255
533 11052338.688333
534 10927864.328795
535 10803858.407032
536 10680336.911524
537 10557315.523810
538 10434809.616605
539 10312834.252083
540 10191404.180298
541 10070533.837770
542 9950237.346216
543 9830528.511433
544 9711420.822331
545 9592927.450108
546 9475061.247581
547 9357834.748652
548 9241260.167924
549 9125349.400458
550 9010114.021666
551 8895565.287345
552 8781714.133854
553 8668571.178411
554 8556146.719540
555 8444450.737637
556 8333492.895671
557 8223282.540009
558 8113828.701371
559 8005140.095899
560 7897225.126357
561 7790091.883443
562 7683748.147218
563 7578201.388650
564 7473458.771272
565 7369527.152942
566 7266413.087718
567 7164122.827833
568 7062662.325773
569 6962037.236452
570 6862252.919489
571 6763314.441572
572 6665226.578925
573 6567993.819850
574 6471620.367366
575 6376110.141932
576 6281466.784241
577 6187693.658106
578 6094793.853416
579 6002770.189159
580 5911625.216530
581 5821361.222097
582 5731980.231031
583 5643484.010407
584 5555874.072561
585 5469151.678499
586 5383317.841375
587 5298373.330002
588 5214318.672432
589 5131154.159568
590 5048879.848829
591 4967495.567854
592 4887000.918245
593 4807395.279346
594 4728677.812058
595 4650847.462687
596 4573902.966813
597 4497842.853199
598 4422665.447711
599 4348368.877268
600 4274951.073808
601 4202409.778273
602 4130742.544607
603 4059946.743767
604 3990019.567746
605 3920958.033599
606 3852758.987480
607 3785419.108680
608 3718934.913667
609 3653302.760123
610 3588518.850985
611 3524579.238469
612 3461479.828102
613 3399216.382733
614 3337784.526541
615 3277179.749025
616 3217397.408985
617 3158432.738485
618 3100280.846792
619 3042936.724307
620 2986395.246466
621 2930651.177619
622 2875699.174889
623 2821533.792004
624 2768149.483092
625 2715540.606467
626 2663701.428363
627 2612626.126649
628 2562308.794513
629 2512743.444100
630 2463924.010127
631 2415844.353455
632 2368498.264623
633 2321879.467347
634 2275981.621977
635 2230798.328910
636 2186323.131968
637 2142549.521731
638 2099470.938820
639 2057080.777145
640 2015372.387105
641 1974339.078737
642 1933974.124824
643 1894270.763958
644 1855222.203545
645 1816821.622774
646 1779062.175527
647 1741936.993249
648 1705439.187756
649 1669561.854005
650 1634298.072808
651 1599640.913494
652 1565583.436519
653 1532118.696032
654 1499239.742378
655 1466939.624560
656 1435211.392639
657 1404048.100091
658 1373442.806106
659 1343388.577835
660 1313878.492586
661 1284905.639972
662 1256463.123996
663 1228544.065094
664 1201141.602121
665 1174248.894286
666 1147859.123037
667 1121965.493890
668 1096561.238212
669 1071639.614950
670 1047193.912307
671 1023217.449374
672 999703.577703
673 976645.682839
674 954037.185795
675 931871.544483
676 910142.255093
677 888842.853426
678 867966.916177
679 847508.062171
680 827459.953555
681 807816.296939
682 788570.844493
683 769717.394999
684 751249.794860
685 733161.939057
686 715447.772075
687 698101.288771
688 681116.535212
689 664487.609465
690 648208.662342
691 632273.898117
692 616677.575187
693 601414.006702
694 586477.561160
695 571862.662954
696 557563.792889
697 543575.488660
698 529892.345289
699 516509.015538
700 503420.210273
701 490620.698806
702 478105.309196
703 465868.928522
704 453906.503118
705 442213.038783
706 430783.600958
707 419613.314871
708 408697.365654
709 398030.998435
710 387609.518395
711 377428.290806
712 367482.741034
713 357768.354521
714 348280.676747
715 339015.313153
716 329967.929056
717 321134.249532
718 312510.059278
719 304091.202451
720 295873.582495
721 287853.161930
722 280025.962143
723 272388.063138
724 264935.603285
725 257664.779044
726 250571.844666
727 243653.111891
728 236904.949618
729 230323.783565
730 223906.095914
731 217648.424941
732 211547.364630
733 205599.564280
734 199801.728097
735 194150.614767
736 188643.037030
737 183275.861233
738 178046.006880
739 172950.446167
740 167986.203509
741 163150.355061
742 158440.028227
743 153852.401163
744 149384.702275
745 145034.209706
746 140798.250819
747 136674.201671
748 132659.486490
749 128751.577136
750 124947.992565
751 121246.298285
752 117644.105812
753 114139.072115
754 110728.899071
755 107411.332900
756 104184.163615
757 101045.224460
758 97992.391346
759 95023.582289
760 92136.756852
761 89329.915571
762 86601.099401
763 83948.389142
764 81369.904882
765 78863.805429
766 76428.287750
767 74061.586408
768 71761.973003
769 69527.755613
770 67357.278233
771 65248.920227
772 63201.095770
773 61212.253298
774 59280.874963
775 57405.476087
776 55584.604620
777 53816.840602
778 52100.795626
779 50435.112311
780 48818.463770
