0 0.001713
1 0.001876
2 0.002054
3 0.002248
4 0.002459
5 0.002689
6 0.002939
7 0.003211
8 0.003506
9 0.003827
10 0.004176
11 0.004555
12 0.004966
13 0.005412
14 0.005896
15 0.006420
16 0.006988
17 0.007603
18 0.008269
19 0.008990
20 0.009769
21 0.010611
22 0.011521
23 0.012504
24 0.013566
25 0.014711
26 0.015947
27 0.017279
28 0.018715
29 0.020261
30 0.021927
31 0.023720
32 0.025648
33 0.027722
34 0.029952
35 0.032347
36 0.034920
37 0.037681
38 0.040645
39 0.043823
40 0.047230
41 0.050881
42 0.054792
43 0.058979
44 0.063460
45 0.068253
46 0.073378
47 0.078856
48 0.084707
49 0.090955
50 0.097623
51 0.104738
52 0.112324
53 0.120410
54 0.129025
55 0.138200
56 0.147966
57 0.158356
58 0.169407
59 0.181154
60 0.193635
61 0.206891
62 0.220964
63 0.235897
64 0.251735
65 0.268525
66 0.286318
67 0.305163
68 0.325115
69 0.346228
70 0.368561
71 0.392173
72 0.417125
73 0.443482
74 0.471310
75 0.500677
76 0.531656
77 0.564318
78 0.598740
79 0.635000
80 0.673179
81 0.713358
82 0.755624
83 0.800065
84 0.846769
85 0.895831
86 0.947345
87 1.001409
88 1.058121
89 1.117584
90 1.179903
91 1.245182
92 1.313532
93 1.385063
94 1.459887
95 1.538119
96 1.619875
97 1.705273
98 1.794434
99 1.887478
100 1.984528
101 2.085709
102 2.191144
103 2.300961
104 2.415285
105 2.534245
106 2.657968
107 2.786582
108 2.920215
109 3.058995
110 3.203050
111 3.352506
112 3.507490
113 3.668126
114 3.834537
115 4.006846
116 4.185172
117 4.369632
118 4.560342
119 4.757414
120 4.960956
121 5.171075
122 5.387871
123 5.611442
124 5.841881
125 6.079277
126 6.323712
127 6.575265
128 6.834005
129 7.100000
130 7.373307
131 7.653979
132 7.942059
133 8.237586
134 8.540587
135 8.851084
136 9.169089
137 9.494603
138 9.827621
139 10.168127
140 10.516094
141 10.871486
142 11.234256
143 11.604347
144 11.981688
145 12.366200
146 12.757791
147 13.156357
148 13.561782
149 13.973939
150 14.392687
151 14.817873
152 15.249331
153 15.686883
154 16.130339
155 16.579495
156 17.034133
157 17.494025
158 17.958927
159 18.428584
160 18.902730
161 19.381083
162 19.863350
163 20.349226
164 20.838395
165 21.330527
166 21.825281
167 22.322306
168 22.821240
169 23.321708
170 23.823328
171 24.325707
172 24.828441
173 25.331119
174 25.833323
175 26.334623
176 26.834586
177 27.332770
178 27.828727
179 28.322004
180 28.812145
181 29.298686
182 29.781163
183 30.259107
184 30.732049
185 31.199518
186 31.661042
187 32.116149
188 32.564371
189 33.005238
190 33.438285
191 33.863050
192 34.279075
193 34.685909
194 35.083105
195 35.470222
196 35.846830
197 36.212503
198 36.566828
199 36.909400
200 37.239826
201 37.557722
202 37.862719
203 38.154460
204 38.432600
205 38.696812
206 38.946779
207 39.182205
208 39.402805
209 39.608315
210 39.798485
211 39.973085
212 40.131903
213 40.274744
214 40.401433
215 40.511816
216 40.605756
217 40.683138
218 40.743867
219 40.787867
220 40.815084
221 40.825484
222 40.819055
223 40.795805
224 40.755762
225 40.698976
226 40.625517
227 40.535475
228 40.428962
229 40.306108
230 40.167064
231 40.012001
232 39.841107
233 39.654592
234 39.452681
235 39.235619
236 39.003668
237 38.757106
238 38.496229
239 38.221347
240 37.932785
241 37.630886
242 37.316001
243 36.988499
244 36.648758
245 36.297171
246 35.934139
247 35.560074
248 35.175399
249 34.780543
250 34.375944
251 33.962047
252 33.539304
253 33.108170
254 32.669107
255 32.222579
256 31.769054
257 31.309002
258 30.842894
259 30.371202
260 29.894395
261 29.412946
262 28.927322
263 28.437990
264 27.945411
265 27.450045
266 26.952347
267 26.452764
268 25.951739
269 25.449710
270 24.947106
271 24.444347
272 23.941848
273 23.440014
274 22.939238
275 22.439909
276 21.942400
277 21.447077
278 20.954295
279 20.464397
280 19.977715
281 19.494568
282 19.015264
283 18.540100
284 18.069359
285 17.603311
286 17.142214
287 16.686315
288 16.235845
289 15.791025
290 15.352062
291 14.919148
292 14.492467
293 14.072185
294 13.658460
295 13.251434
296 12.851238
297 12.457991
298 12.071799
299 11.692757
300 11.320949
301 10.956446
302 10.599308
303 10.249584
304 9.907315
305 9.572528
306 9.245241
307 8.925464
308 8.613196
309 8.308427
310 8.011138
311 7.721303
312 7.438887
313 7.163846
314 6.896130
315 6.635683
316 6.382441
317 6.136332
318 5.897282
319 5.665209
320 5.440025
321 5.221638
322 5.009953
323 4.804868
324 4.606279
325 4.414077
326 4.228152
327 4.048389
328 3.874670
329 3.706878
330 3.544890
331 3.388583
332 3.237834
333 3.092516
334 2.952502
335 2.817665
336 2.687878
337 2.563013
338 2.442940
339 2.327533
340 2.216664
341 2.110206
342 2.008033
343 1.910019
344 1.816040
345 1.725974
346 1.639698
347 1.557093
348 1.478040
349 1.402422
350 1.330124
351 1.261034
352 1.195039
353 1.132032
354 1.071904
355 1.014552
356 0.959872
357 0.907765
358 0.858133
359 0.810881
360 0.765914
361 0.723143
362 0.682478
363 0.643835
364 0.607130
365 0.572281
366 0.539210
367 0.507841
368 0.478100
369 0.449915
370 0.423217
371 0.397939
372 0.374017
373 0.351387
374 0.329991
375 0.309770
376 0.290669
377 0.272632
378 0.255610
379 0.239551
380 0.224409
381 0.210138
382 0.196693
383 0.184032
384 0.172115
385 0.160904
386 0.150360
387 0.140450
388 0.131139
389 0.122395
390 0.114186
391 0.106485
392 0.099261
393 0.092490
394 0.086145
395 0.080202
396 0.074639
397 0.069432
398 0.064563
399 0.060010
400 0.055755
401 0.051780
402 0.048069
403 0.044606
404 0.041375
405 0.038362
406 0.035554
407 0.032938
408 0.030502
409 0.028234
410 0.026124
411 0.024162
412 0.022338
413 0.020644
414 0.019069
415 0.017608
416 0.016252
417 0.014994
418 0.013828
419 0.012748
420 0.011746
