0 497.634956
1 520.076486
2 543.466423
3 567.841822
4 593.241047
5 619.703814
6 647.271231
7 675.985841
8 705.891664
9 737.034244
10 769.460692
11 803.219735
12 838.361761
13 874.938871
14 913.004926
15 952.615600
16 993.828431
17 1036.702876
18 1081.300365
19 1127.684354
20 1175.920386
21 1226.076146
22 1278.221523
23 1332.428667
24 1388.772056
25 1447.328553
26 1508.177473
27 1571.400650
28 1637.082502
29 1705.310099
30 1776.173232
31 1849.764483
32 1926.179300
33 2005.516066
34 2087.876177
35 2173.364112
36 2262.087518
37 2354.157279
38 2449.687604
39 2548.796100
40 2651.603860
41 2758.235542
42 2868.819456
43 2983.487645
44 3102.375980
45 3225.624238
46 3353.376201
47 3485.779736
48 3622.986895
49 3765.154004
50 3912.441756
51 4065.015307
52 4223.044370
53 4386.703314
54 4556.171261
55 4731.632183
56 4913.275004
57 5101.293700
58 5295.887398
59 5497.260483
60 5705.622694
61 5921.189235
62 6144.180874
63 6374.824051
64 6613.350982
65 6859.999767
66 7115.014491
67 7378.645341
68 7651.148702
69 7932.787272
70 8223.830170
71 8524.553039
72 8835.238156
73 9156.174543
74 9487.658072
75 9829.991574
76 10183.484945
77 10548.455255
78 10925.226854
79 11314.131478
80 11715.508358
81 12129.704318
82 12557.073887
83 12997.979397
84 13452.791089
85 13921.887211
86 14405.654121
87 14904.486382
88 15418.786864
89 15948.966835
90 16495.446060
91 17058.652888
92 17639.024345
93 18237.006222
94 18853.053160
95 19487.628735
96 20141.205539
97 20814.265256
98 21507.298739
99 22220.806086
100 22955.296704
101 23711.289380
102 24489.312341
103 25289.903317
104 26113.609592
105 26960.988060
106 27832.605274
107 28729.037484
108 29650.870682
109 30598.700634
110 31573.132912
111 32574.782918
112 33604.275904
113 34662.246991
114 35749.341172
115 36866.213323
116 38013.528196
117 39191.960414
118 40402.194460
119 41644.924652
120 42920.855118
121 44230.699768
122 45575.182247
123 46955.035892
124 48371.003680
125 49823.838161
126 51314.301394
127 52843.164870
128 54411.209424
129 56019.225145
130 57668.011276
131 59358.376104
132 61091.136840
133 62867.119496
134 64687.158746
135 66552.097785
136 68462.788171
137 70420.089667
138 72424.870062
139 74478.004993
140 76580.377751
141 78732.879080
142 80936.406960
143 83191.866390
144 85500.169150
145 87862.233562
146 90278.984230
147 92751.351778
148 95280.272573
149 97866.688439
150 100511.546359
151 103215.798161
152 105980.400204
153 108806.313042
154 111694.501082
155 114645.932227
156 117661.577515
157 120742.410733
158 123889.408036
159 127103.547540
160 130385.808911
161 133737.172942
162 137158.621114
163 140651.135152
164 144215.696562
165 147853.286162
166 151564.883601
167 155351.466861
168 159214.011755
169 163153.491409
170 167170.875734
171 171267.130886
172 175443.218719
173 179700.096216
174 184038.714928
175 188460.020380
176 192964.951486
177 197554.439939
178 202229.409603
179 206990.775882
180 211839.445094
181 216776.313822
182 221802.268264
183 226918.183568
184 232124.923166
185 237423.338092
186 242814.266296
187 248298.531945
188 253876.944725
189 259550.299126
190 265319.373729
191 271184.930476
192 277147.713945
193 283208.450612
194 289367.848106
195 295626.594467
196 301985.357391
197 308444.783473
198 315005.497453
199 321668.101445
200 328433.174177
201 335301.270220
202 342272.919218
203 349348.625114
204 356528.865381
205 363814.090249
206 371204.721928
207 378701.153839
208 386303.749841
209 394012.843466
210 401828.737146
211 409751.701457
212 417781.974352
213 425919.760411
214 434165.230087
215 442518.518959
216 450979.727000
217 459548.917835
218 468226.118026
219 477011.316345
220 485904.463075
221 494905.469306
222 504014.206247
223 513230.504550
224 522554.153641
225 531984.901068
226 541522.451858
227 551166.467892
228 560916.567285
229 570772.323793
230 580733.266227
231 590798.877888
232 600968.596012
233 611241.811243
234 621617.867115
235 632096.059559
236 642675.636425
237 653355.797031
238 664135.691724
239 675014.421467
240 685991.037455
241 697064.540742
242 708233.881898
243 719497.960690
244 730855.625789
245 742305.674498
246 753846.852510
247 765477.853693
248 777197.319895
249 789003.840790
250 800895.953739
251 812872.143686
252 824930.843085
253 837070.431855
254 849289.237359
255 861585.534427
256 873957.545399
257 886403.440202
258 898921.336465
259 911509.299658
260 924165.343268
261 936887.429010
262 949673.467067
263 962521.316366
264 975428.784891
265 988393.630020
266 1001413.558913
267 1014486.228916
268 1027609.248015
269 1040780.175317
270 1053996.521569
271 1067255.749709
272 1080555.275454
273 1093892.467928
274 1107264.650318
275 1120669.100566
276 1134103.052102
277 1147563.694605
278 1161048.174807
279 1174553.597321
280 1188077.025515
281 1201615.482412
282 1215165.951630
283 1228725.378348
284 1242290.670320
285 1255858.698905
286 1269426.300140
287 1282990.275849
288 1296547.394771
289 1310094.393734
290 1323627.978850
291 1337144.826746
292 1350641.585822
293 1364114.877544
294 1377561.297755
295 1390977.418028
296 1404359.787037
297 1417704.931959
298 1431009.359898
299 1444269.559341
300 1457482.001633
301 1470643.142480
302 1483749.423471
303 1496797.273625
304 1509783.110959
305 1522703.344074
306 1535554.373764
307 1548332.594641
308 1561034.396779
309 1573656.167370
310 1586194.292403
311 1598645.158353
312 1611005.153878
313 1623270.671543
314 1635438.109536
315 1647503.873412
316 1659464.377831
317 1671316.048314
318 1683055.323000
319 1694678.654412
320 1706182.511221
321 1717563.380020
322 1728817.767093
323 1739942.200192
324 1750933.230306
325 1761787.433429
326 1772501.412332
327 1783071.798316
328 1793495.252976
329 1803768.469944
330 1813888.176631
331 1823851.135957
332 1833654.148071
333 1843294.052054
334 1852767.727617
335 1862072.096777
336 1871204.125520
337 1880160.825445
338 1888939.255390
339 1897536.523042
340 1905949.786519
341 1914176.255932
342 1922213.194930
343 1930057.922209
344 1937707.813007
345 1945160.300560
346 1952412.877542
347 1959463.097467
348 1966308.576060
349 1972946.992609
350 1979376.091266
351 1985593.682330
352 1991597.643487
353 1997385.921019
354 2002956.530970
355 2008307.560286
356 2013437.167903
357 2018343.585805
358 2023025.120042
359 2027480.151700
360 2031707.137838
361 2035704.612375
362 2039471.186940
363 2043005.551676
364 2046306.475996
365 2049372.809299
366 2052203.481640
367 2054797.504348
368 2057153.970607
369 2059272.055978
370 2061151.018887
371 2062790.201049
372 2064189.027862
373 2065347.008734
374 2066263.737376
375 2066938.892035
376 2067372.235686
377 2067563.616169
378 2067512.966277
379 2067220.303797
380 2066685.731499
381 2065909.437076
382 2064891.693034
383 2063632.856531
384 2062133.369173
385 2060393.756749
386 2058414.628930
387 2056196.678908
388 2053740.682995
389 2051047.500168
390 2048118.071569
391 2044953.419958
392 2041554.649114
393 2037922.943200
394 2034059.566068
395 2029965.860531
396 2025643.247585
397 2021093.225584
398 2016317.369377
399 2011317.329399
400 2006094.830719
401 2000651.672053
402 1994989.724725
403 1989110.931599
404 1983017.305969
405 1976710.930407
406 1970193.955579
407 1963468.599024
408 1956537.143894
409 1949401.937668
410 1942065.390820
411 1934529.975470
412 1926798.223994
413 1918872.727605
414 1910756.134910
415 1902451.150434
416 1893960.533121
417 1885287.094809
418 1876433.698679
419 1867403.257683
420 1858198.732951
421 1848823.132172
422 1839279.507965
423 1829570.956221
424 1819700.614441
425 1809671.660043
426 1799487.308670
427 1789150.812472
428 1778665.458387
429 1768034.566404
430 1757261.487820
431 1746349.603488
432 1735302.322059
433 1724123.078220
434 1712815.330922
435 1701382.561615
436 1689828.272471
437 1678155.984613
438 1666369.236345
439 1654471.581379
440 1642466.587070
441 1630357.832658
442 1618148.907505
443 1605843.409351
444 1593444.942574
445 1580957.116452
446 1568383.543449
447 1555727.837500
448 1542993.612317
449 1530184.479704
450 1517304.047890
451 1504355.919875
452 1491343.691793
453 1478270.951296
454 1465141.275957
455 1451958.231683
456 1438725.371164
457 1425446.232334
458 1412124.336855
459 1398763.188624
460 1385366.272313
461 1371937.051920
462 1358478.969357
463 1344995.443057
464 1331489.866615
465 1317965.607452
466 1304426.005510
467 1290874.371972
468 1277313.988018
469 1263748.103610
470 1250179.936300
471 1236612.670084
472 1223049.454271
473 1209493.402400
474 1195947.591178
475 1182415.059457
476 1168898.807244
477 1155401.794743
478 1141926.941430
479 1128477.125170
480 1115055.181355
481 1101663.902089
482 1088306.035404
483 1074984.284508
484 1061701.307072
485 1048459.714548
486 1035262.071530
487 1022110.895139
488 1009008.654454
489 995957.769973
490 982960.613106
491 970019.505712
492 957136.719661
493 944314.476438
494 931554.946780
495 918860.250342
496 906232.455405
497 893673.578614
498 881185.584749
499 868770.386528
500 856429.844451
501 844165.766665
502 831979.908869
503 819873.974251
504 807849.613451
505 795908.424560
506 784051.953148
507 772281.692321
508 760599.082809
509 749005.513085
510 737502.319507
511 726090.786491
512 714772.146718
513 703547.581353
514 692418.220306
515 681385.142511
516 670449.376227
517 659611.899372
518 648873.639877
519 638235.476059
520 627698.237024
521 617262.703090
522 606929.606226
523 596699.630518
524 586573.412654
525 576551.542426
526 566634.563253
527 556822.972718
528 547117.223131
529 537517.722097
530 528024.833109
531 518638.876155
532 509360.128332
533 500188.824488
534 491125.157862
535 482169.280744
536 473321.305152
537 464581.303509
538 455949.309336
539 447425.317958
540 439009.287215
541 430701.138179
542 422500.755887
543 414407.990071
544 406422.655906
545 398544.534753
546 390773.374911
547 383108.892381
548 375550.771621
549 368098.666312
550 360752.200128
551 353510.967507
552 346374.534416
553 339342.439130
554 332414.193004
555 325589.281243
556 318867.163677
557 312247.275531
558 305729.028196
559 299311.809994
560 292994.986948
561 286777.903537
562 280659.883459
563 274640.230385
564 268718.228707
565 262893.144283
566 257164.225178
567 251530.702397
568 245991.790614
569 240546.688892
570 235194.581397
571 229934.638110
572 224766.015519
573 219687.857320
574 214699.295093
575 209799.448986
576 204987.428373
577 200262.332519
578 195623.251225
579 191069.265470
580 186599.448037
581 182212.864138
582 177908.572018
583 173685.623559
584 169543.064867
585 165479.936849
586 161495.275785
587 157588.113880
588 153757.479813
589 150002.399270
590 146321.895468
591 142714.989665
592 139180.701664
593 135718.050302
594 132326.053924
595 129003.730853
596 125750.099840
597 122564.180512
598 119444.993802
599 116391.562364
600 113402.910986
601 110478.066985
602 107616.060590
603 104815.925317
604 102076.698329
605 99397.420788
606 96777.138190
607 94214.900696
608 91709.763446
609 89260.786865
610 86867.036955
611 84527.585577
612 82241.510726
613 80007.896788
614 77825.834791
615 75694.422647
616 73612.765376
617 71579.975331
618 69595.172398
619 67657.484202
620 65766.046292
621 63920.002319
622 62118.504205
623 60360.712303
624 58645.795548
625 56972.931596
626 55341.306954
627 53750.117108
628 52198.566634
629 50685.869302
630 49211.248179
631 47773.935711
632 46373.173810
633 45008.213924
634 43678.317105
635 42382.754066
636 41120.805229
637 39891.760777
638 38694.920681
639 37529.594738
640 36395.102590
641 35290.773743
642 34215.947578
643 33169.973356
644 32152.210216
645 31162.027170
646 30198.803090
647 29261.926690
648 28350.796507
649 27464.820869
650 26603.417866
651 25766.015311
652 24952.050700
653 24160.971167
654 23392.233433
655 22645.303751
656 21919.657855
657 21214.780889
658 20530.167352
659 19865.321025
660 19219.754899
661 18592.991105
662 17984.560836
663 17394.004265
664 16820.870465
665 16264.717323
666 15725.111456
667 15201.628120
668 14693.851116
669 14201.372704
670 13723.793501
671 13260.722390
672 12811.776420
673 12376.580705
674 11954.768329
675 11545.980238
676 11149.865138
677 10766.079397
678 10394.286935
679 10034.159118
680 9685.374658
681 9347.619498
682 9020.586714
683 8703.976400
684 8397.495564
685 8100.858021
686 7813.784282
687 7536.001449
688 7267.243103
689 7007.249202
690 6755.765967
691 6512.545778
692 6277.347069
693 6049.934214
694 5830.077429
695 5617.552659
696 5412.141479
697 5213.630985
698 5021.813689
699 4836.487422
700 4657.455223
701 4484.525245
702 4317.510646
703 4156.229499
704 4000.504681
705 3850.163784
706 3705.039014
707 3564.967094
708 3429.789171
709 3299.350719
710 3173.501449
711 3052.095214
712 2934.989920
713 2822.047435
714 2713.133501
715 2608.117647
716 2506.873102
717 2409.276712
718 2315.208851
719 2224.553345
720 2137.197387
