0 14990593826998154.000000
1 15670269621524718.000000
2 16379875357481726.000000
3 17120687810670636.000000
4 17894036355648682.000000
5 18701305050284800.000000
6 19543934799401308.000000
7 20423425600355580.000000
8 21341338873511816.000000
9 22299299880654768.000000
10 23299000234499424.000000
11 24342200502557516.000000
12 25430732908732400.000000
13 26566504136124968.000000
14 27751498234654032.000000
15 28987779637210444.000000
16 30277496288193052.000000
17 31622882888398236.000000
18 33026264260371920.000000
19 34490058838463856.000000
20 36016782287968308.000000
21 37609051257877800.000000
22 39269587271927024.000000
23 41001220762754760.000000
24 42806895254175208.000000
25 44689671696706512.000000
26 46652732961677600.000000
27 48699388499405592.000000
28 50833079167111568.000000
29 53057382232432552.000000
30 55376016558568440.000000
31 57792847977303776.000000
32 60311894856341016.000000
33 62937333867590408.000000
34 65673505963271016.000000
35 68524922566899512.000000
36 71496271986466208.000000
37 74592426057329360.000000
38 77818447022599072.000000
39 81179594659023328.000000
40 84681333656645696.000000
41 88329341260760896.000000
42 92129515184961072.000000
43 96087981804344624.000000
44 100211104638231920.000000
45 104505493132038768.000000
46 108978011748239248.000000
47 113635789376670128.000000
48 118486229074740688.000000
49 123537018148432416.000000
50 128796138585312048.000000
51 134271877851126832.000000
52 139972840061893056.000000
53 145907957543761248.000000
54 152086502793310976.000000
55 158518100851308288.000000
56 165212742103356288.000000
57 172180795521267040.000000
58 179433022359406464.000000
59 186980590320679776.000000
60 194835088207271680.000000
61 203008541071700320.000000
62 211513425884203744.000000
63 220362687732957248.000000
64 229569756574099264.000000
65 239148564549048224.000000
66 249113563887104352.000000
67 259479745411850464.000000
68 270262657670414400.000000
69 281478426705205120.000000
70 293143776488298048.000000
71 305276050039240000.000000
72 317893231247627200.000000
73 331013967422436096.000000
74 344657592590710656.000000
75 358844151568848512.000000
76 373594424830404864.000000
77 388929954194994048.000000
78 404873069363576448.000000
79 421446915326129344.000000
80 438675480668420160.000000
81 456583626805365504.000000
82 475197118169217344.000000
83 494542653381598464.000000
84 514647897439232960.000000
85 535541514944018752.000000
86 557253204408956288.000000
87 579813733672303104.000000
88 603254976453203968.000000
89 627609950082970368.000000
90 652912854447104128.000000
91 679199112174102272.000000
92 706505410108079232.000000
93 734869742103210368.000000
94 764331453179046016.000000
95 794931285076781312.000000
96 826711423257620736.000000
97 859715545385511168.000000
98 893988871337570560.000000
99 929578214786760960.000000
100 966532036402468224.000000
101 1004900498715861504.000000
102 1044735522698143872.000000
103 1086090846101054976.000000
104 1129022083610234240.000000
105 1173586788863419648.000000
106 1219844518386729216.000000
107 1267856897503692800.000000
108 1317687688273069568.000000
109 1369402859512912640.000000
110 1423070658969810176.000000
111 1478761687693729792.000000
112 1536548976680388864.000000
113 1596508065844619776.000000
114 1658717085389862400.000000
115 1723256839640423680.000000
116 1790210893404850944.000000
117 1859665660940520960.000000
118 1931710497591085568.000000
119 2006437794170430208.000000
120 2083943074168298752.000000
121 2164325093854867456.000000
122 2247685945363160320.000000
123 2334131162830293504.000000
124 2423769831680314368.000000
125 2516714701133591040.000000
126 2613082300029437440.000000
127 2712993056051038208.000000
128 2816571418443589120.000000
129 2923945984318774272.000000
130 3035249628641040384.000000
131 3150619637993008128.000000
132 3270197848220023296.000000
133 3394130786055817216.000000
134 3522569814833819648.000000
135 3655671284390911488.000000
136 3793596685272934912.000000
137 3936512807353729536.000000
138 4084591902981913600.000000
139 4238011854772353536.000000
140 4396956348161682432.000000
141 4561615048850047488.000000
142 4732183785253926912.000000
143 4908864736097501184.000000
144 5091866623273070592.000000
145 5281404910103612416.000000
146 5477702005143687168.000000
147 5680987471657674752.000000
148 5891498242917441536.000000
149 6109478843464459264.000000
150 6335181616484523008.000000
151 6568866957446498304.000000
152 6810803554159319040.000000
153 7061268633405307904.000000
154 7320548214310473728.000000
155 7588937368616381440.000000
156 7866740488021124096.000000
157 8154271558760740864.000000
158 8451854443605537792.000000
159 8759823171449618432.000000
160 9078522234675360768.000000
161 9408306894478256128.000000
162 9749543494341191680.000000
163 10102609781850978304.000000
164 10467895239053848576.000000
165 10845801421550317568.000000
166 11236742306533890048.000000
167 11641144649981706240.000000
168 12059448353209753600.000000
169 12492106839008675840.000000
170 12939587437580867584.000000
171 13402371782503440384.000000
172 13880956216945631232.000000
173 14375852210374098944.000000
174 14887586785983041536.000000
175 15416702959091083264.000000
176 15963760186751037440.000000
177 16529334828822812672.000000
178 17114020620764882944.000000
179 17718429158403426304.000000
180 18343190394943684608.000000
181 18988953150491992064.000000
182 19656385634362241024.000000
183 20346175980444839936.000000
184 21059032795920478208.000000
185 21795685723607916544.000000
186 22556886018236645376.000000
187 23343407136943345664.000000
188 24156045344293519360.000000
189 24995620332136472576.000000
190 25862975854605365248.000000
191 26758980378580439040.000000
192 27684527749937049600.000000
193 28640537875907559424.000000
194 29627957423887933440.000000
195 30647760537029013504.000000
196 31700949566954328064.000000
197 32788555823952941056.000000
198 33911640345001996288.000000
199 35071294679976910848.000000
200 36268641696413749248.000000
201 37504836403193798656.000000
202 38781066793525149696.000000
203 40098554707601301504.000000
204 41458556715323072512.000000
205 42862365019474903040.000000
206 44311308379751587840.000000
207 45806753058038497280.000000
208 47350103785351520256.000000
209 48942804750850572288.000000
210 50586340613344854016.000000
211 52282237535713034240.000000
212 54032064242668191744.000000
213 55837433102302306304.000000
214 57700001231849299968.000000
215 59621471628114116608.000000
216 61603594323015843840.000000
217 63648167564703916032.000000
218 65757039024707952640.000000
219 67932107031587168256.000000
220 70175321831553597440.000000
221 72488686876544827392.000000
222 74874260140229984256.000000
223 77334155462437240832.000000
224 79870543922494636032.000000
225 82485655241983574016.000000
226 85181779217408589824.000000
227 87961267183289581568.000000
228 90826533506192916480.000000
229 93780057110216179712.000000
230 96824383034451804160.000000
231 99962124022956785664.000000
232 103195962147759669248.000000
233 106528650465442693120.000000
234 109963014707840925696.000000
235 113501955007402016768.000000
236 117148447657759719424.000000
237 120905546910071996416.000000
238 124776386805685633024.000000
239 128764183045684969472.000000
240 132872234897897881600.000000
241 137103927141919801344.000000
242 141462732052738408448.000000
243 145952211423528419328.000000
244 150576018628202397696.000000
245 155337900724296056832.000000
246 160241700596779286528.000000
247 165291359143377207296.000000
248 170490917501998497792.000000
249 175844519320858722304.000000
250 181356413071903195136.000000
251 187030954408122810368.000000
252 192872608565362294784.000000
253 198885952809230958592.000000
254 205075678927711895552.000000
255 211446595770078920704.000000
256 218003631832726339584.000000
257 224751837892521623552.000000
258 231696389688283267072.000000
259 238842590650997276672.000000
260 246195874683379023872.000000
261 253761808989385588736.000000
262 261546096954292142080.000000
263 269554581075932446720.000000
264 277793245947714338816.000000
265 286268221294014758912.000000
266 294985785058552774656.000000
267 303952366546345984000.000000
268 313174549619848708096.000000
269 322659075949867368448.000000
270 332412848321841266688.000000
271 342442933998090911744.000000
272 352756568136609824768.000000
273 363361157266979946496.000000
274 374264282824006369280.000000
275 385473704739617308672.000000
276 396997365093624643584.000000
277 408843391823886811136.000000
278 421020102496443039744.000000
279 433536008136164573184.000000
280 446399817118461460480.000000
281 459620439122592137216.000000
282 473206989147092025344.000000
283 487168791587850223616.000000
284 501515384379339964416.000000
285 516256523199507333120.000000
286 531402185738809573376.000000
287 546962576033889189888.000000
288 562948128866348695552.000000
289 579369514227091046400.000000
290 596237641846678749184.000000
291 613563665792136380416.000000
292 631358989130632134656.000000
293 649635268660443480064.000000
294 668404419709603020800.000000
295 687678621002607493120.000000
296 707470319595558273024.000000
297 727792235880083488768.000000
298 748657368656375447552.000000
299 770079000275662536704.000000
300 792070701852416933888.000000
301 814646338546579931136.000000
302 837820074916067147776.000000
303 861606380339799130112.000000
304 886020034511479242752.000000
305 911076133004325814272.000000
306 936790092906937450496.000000
307 963177658530446311424.000000
308 990254907187110084608.000000
309 1018038255040435847168.000000
310 1046544463026941722624.000000
311 1075790642849612431360.000000
312 1105794263043081109504.000000
313 1136573155110564397056.000000
314 1168145519732518289408.000000
315 1200529933046980542464.000000
316 1233745353001521119232.000000
317 1267811125776711155712.000000
318 1302746992280951586816.000000
319 1338573094716537831424.000000
320 1375309983216719626240.000000
321 1412978622553562808320.000000
322 1451600398916338581504.000000
323 1491197126760142209024.000000
324 1531791055724411092992.000000
325 1573404877620983103488.000000
326 1616061733491280445440.000000
327 1659785220732186001408.000000
328 1704599400290131116032.000000
329 1750528803922868174848.000000
330 1797598441528385601536.000000
331 1845833808540349759488.000000
332 1895260893389443563520.000000
333 1945906185029906071552.000000
334 1997796680530558713856.000000
335 2050959892729546145792.000000
336 2105423857951957057536.000000
337 2161217143789476904960.000000
338 2218368856941182320640.000000
339 2276908651114468999168.000000
340 2336866734985153871872.000000
341 2398273880215691722752.000000
342 2461161429530361987072.000000
343 2525561304846326300672.000000
344 2591506015459305062400.000000
345 2659028666282636476416.000000
346 2728162966138383237120.000000
347 2798943236099149922304.000000
348 2871404417879156719616.000000
349 2945582082273105674240.000000
350 3021512437641294381056.000000
351 3099232338439407927296.000000
352 3178779293791286722560.000000
353 3260191476103028146176.000000
354 3343507729716571799552.000000
355 3428767579601017241600.000000
356 3516011240079714942976.000000
357 3605279623591219953664.000000
358 3696614349482042064896.000000
359 3790057752829190209536.000000
360 3885652893290258235392.000000
361 3983443563978944413696.000000
362 4083474300363644338176.000000
363 4185790389186833940480.000000
364 4290437877402819362816.000000
365 4397463581131306696704.000000
366 4506915094624382484480.000000
367 4618840799244159287296.000000
368 4733289872448458588160.000000
369 4850312296781790052352.000000
370 4969958868868773445632.000000
371 5092281208407118053376.000000
372 5217331767157186363392.000000
373 5345163837925123686400.000000
374 5475831563536397500416.000000
375 5609389945796639588352.000000
376 5745894854436421894144.000000
377 5885403036036748017664.000000
378 6027972122931776978944.000000
379 6173660642085339922432.000000
380 6322528023937657339904.000000
381 6474634611218688507904.000000
382 6630041667724343508992.000000
383 6788811387051827003392.000000
384 6951006901290230874112.000000
385 7116692289662444634112.000000
386 7285932587114418929664.000000
387 7458793792847630827520.000000
388 7635342878790689751040.000000
389 7815647798005720940544.000000
390 7999777493025369882624.000000
391 8187801904115917783040.000000
392 8379791977462108258304.000000
393 8575819673269163786240.000000
394 8775957973777339383808.000000
395 8980280891184366223360.000000
396 9188863475471016263680.000000
397 9401781822124918308864.000000
398 9619113079757806239744.000000
399 9840935457611166253056.000000
400 10067328232945174446080.000000
401 10298371758305920942080.000000
402 10534147468665649364992.000000
403 10774737888430778220544.000000
404 11020226638312307163136.000000
405 11270698442053291868160.000000
406 11526239133007838445568.000000
407 11786935660566129147904.000000
408 12052876096419823353856.000000
409 12324149640662154739712.000000
410 12600846627717091688448.000000
411 12883058532091550498816.000000
412 13170877973944982306816.000000
413 13464398724470363127808.000000
414 13763715711080446558208.000000
415 14068925022393511968768.000000
416 14380123913012146864128.000000
417 14697410808089250103296.000000
418 15020885307674746421248.000000
419 15350648190836936802304.000000
420 15686801419552038060032.000000
421 16029448142355624361984.000000
422 16378692697749391933440.000000
423 16734640617357007912960.000000
424 17097398628822303113216.000000
425 17467074658443380916224.000000
426 17843777833535899959296.000000
427 18227618484519176241152.000000
428 18618708146717980622848.000000
429 19017159561873685741568.000000
430 19423086679357936107520.000000
431 19836604657081920782336.000000
432 20257829862094485323776.000000
433 20686879870862407761920.000000
434 21123873469225720872960.000000
435 21568930652021508276224.000000
436 22022172622368872071168.000000
437 22483721790608562454528.000000
438 22953701772890046726144.000000
439 23432237389399243882496.000000
440 23919454662219849007104.000000
441 24415480812821456879616.000000
442 24920444259167266406400.000000
443 25434474612434726289408.000000
444 25957702673341928701952.000000
445 26490260428072876507136.000000
446 27032281043794682445824.000000
447 27583898863759939076096.000000
448 28145249401986915237888.000000
449 28716469337511300169728.000000
450 29297696508202041999360.000000
451 29889069904134867517440.000000
452 30490729660516550049792.000000
453 31102817050152941912064.000000
454 31725474475454454824960.000000
455 32358845459971841196032.000000
456 33003074639456064503808.000000
457 33658307752435208159232.000000
458 34324691630302345297920.000000
459 35002374186907520204800.000000
460 35691504407647470223360.000000
461 36392232338046998020096.000000
462 37104709071825304289280.000000
463 37829086738441324986368.000000
464 38565518490111844548608.000000
465 39314158488296383053824.000000
466 40075161889642653941760.000000
467 40848684831387110342656.000000
468 41634884416204305334272.000000
469 42433918696499768721408.000000
470 43245946658140603809792.000000
471 44071128203618359967744.000000
472 44909624134638778712064.000000
473 45761596134133229158400.000000
474 46627206747686615121920.000000
475 47506619364376863309824.000000
476 48399998197020808445952.000000
477 49307508261822188748800.000000
478 50229315357416777318400.000000
479 51165586043310304133120.000000
480 52116487617704806580224.000000
481 53082188094709381988352.000000
482 54062856180931198189568.000000
483 55058661251443004014592.000000
484 56069773325123197075456.000000
485 57096363039365529600000.000000
486 58138601624154492895232.000000
487 59196660875503536701440.000000
488 60270713128253262921728.000000
489 61360931228226498330624.000000
490 62467488503737981337600.000000
491 63590558736456179777536.000000
492 64730316131614916083712.000000
493 65886935287573122121728.000000
494 67060591164720752361472.000000
495 68251459053729404157952.000000
496 69459714543146395238400.000000
497 70685533486331140767744.000000
498 71929091967732890468352.000000
499 73190566268509532192768.000000
500 74470132831486732140544.000000
501 75767968225457579491328.000000
502 77084249108822626402304.000000
503 78419152192570759577600.000000
504 79772854202601842933760.000000
505 81145531841391676620800.000000
506 82537361749000237088768.000000
507 83948520463425639284736.000000
508 85379184380304055861248.000000
509 86829529711959049502720.000000
510 88299732445801559883776.000000
511 89789968302083615490048.000000
512 91300412691008454656000.000000
513 92831240669200260268032.000000
514 94382626895537081679872.000000
515 95954745586350316060672.000000
516 97547770469994993811456.000000
517 99161874740795699888128.000000
518 100797231012372040122368.000000
519 102454011270349038026752.000000
520 104132386824457595912192.000000
521 105832528260031194333184.000000
522 107554605388903913357312.000000
523 109298787199716704649216.000000
524 111065241807638272933888.000000
525 112854136403507294502912.000000
526 114665637202404109713408.000000
527 116499909391658147381248.000000
528 118357117078300291760128.000000
529 120237423235967473418240.000000
530 122140989651269063802880.000000
531 124067976869623428546560.000000
532 126018544140573330112512.000000
533 127992849362591940608000.000000
534 129991049027386947403776.000000
535 132013298163714730491904.000000
536 134059750280715030233088.000000
537 136130557310776826134528.000000
538 138225869551946684170240.000000
539 140345835609892524654592.000000
540 142490602339432826667008.000000
541 144660314785646318190592.000000
542 146855116124572402843648.000000
543 149075147603517624025088.000000
544 151320548480980162183168.000000
545 153591455966207112380416.000000
546 155888005158398467244032.000000
547 158210328985572636360704.000000
548 160558558143107326541824.000000
549 162932821031973113823232.000000
550 165333243696673246412800.000000
551 167759949762906858455040.000000
552 170213060374971398750208.000000
553 172692694132921286524928.000000
554 175198967029499068153856.000000
555 177731992386857731096576.000000
556 180291880793089710751744.000000
557 182878740038583024877568.000000
558 185492675052220809478144.000000
559 188133787837443784835072.000000
560 190802177408195213918208.000000
561 193497939724765700816896.000000
562 196221167629559572463616.000000
563 198971950782801533468672.000000
564 201750375598203424735232.000000
565 204556525178613097562112.000000
566 207390479251664327933952.000000
567 210252314105450554458112.000000
568 213142102524242035736576.000000
569 216059913724270418591744.000000
570 219005813289599339855872.000000
571 221979863108106999300096.000000
572 224982121307599729065984.000000
573 228012642192082262294528.000000
574 231071476178204632285184.000000
575 234158669731911673315328.000000
576 237274265305316530847744.000000
577 240418301273823145623552.000000
578 243590811873520797089792.000000
579 246791827138874731134976.000000
580 250021372840738272837632.000000
581 253279470424709576785920.000000
582 256566136949858080129024.000000
583 259881385027846293946368.000000
584 263225222762470957907968.000000
585 266597653689649797791744.000000
586 269998676717877139079168.000000
587 273428286069177636093952.000000
588 276886471220579625074688.000000
589 280373216846136924438528.000000
590 283888502759523274981376.000000
591 287432303857226095788032.000000
592 291004590062365728309248.000000
593 294605326269166542389248.000000
594 298234472288105036513280.000000
595 301891982791762379800576.000000
596 305577807261408507723776.000000
597 309291889934341494538240.000000
598 313034169752012065865728.000000
599 316804580308956974415872.000000
600 320603049802569424568320.000000
601 324429500983733322252288.000000
602 328283851108345039552512.000000
603 332166011889753832554496.000000
604 336075889452143125463040.000000
605 340013384284881584914432.000000
606 343978391197868948979712.000000
607 347970799277904192602112.000000
608 351990491846101732163584.000000
609 356037346416380700786688.000000
610 360111234655055211659264.000000
611 364212022341550104117248.000000
612 368339569330269016031232.000000
613 372493729513638941687808.000000
614 376674350786358588473344.000000
615 380881275010874154680320.000000
616 385114337984108969328640.000000
617 389373369405471153192960.000000
618 393658192846163728662528.000000
619 397968625719823283781632.000000
620 402304479254509269286912.000000
621 406665558466069832663040.000000
622 411051662132906469359616.000000
623 415462582772162053013504.000000
624 419898106617355665670144.000000
625 424358013597484561989632.000000
626 428842077317620782071808.000000
627 433350065041018586136576.000000
628 437881737672759755931648.000000
629 442436849744956090220544.000000
630 447015149403529629663232.000000
631 451616378396593428103168.000000
632 456240272064450989654016.000000
633 460886559331237591252992.000000
634 465554962698218053304320.000000
635 470245198238766526889984.000000
636 474956975595041652211712.000000
637 479689997976377824903168.000000
638 484443962159409884299264.000000
639 489218558489950014144512.000000
640 494013470886629539315712.000000
641 498828376846327697375232.000000
642 503662947451398592135168.000000
643 508516847378712905121792.000000
644 513389734910531007938560.000000
645 518281261947218884034560.000000
646 523191074021821758046208.000000
647 528118810316508988702720.000000
648 533064103680901969346560.000000
649 538026580652296243249152.000000
650 543005861477791389712384.000000
651 548001560138335928713216.000000
652 553013284374701202735104.000000
653 558040635715389537386496.000000
654 563083209506488559075328.000000
655 568140594943478380625920.000000
656 573212375104998634160128.000000
657 578298126988583001653248.000000
658 583397421548367148744704.000000
659 588509823734773887008768.000000
660 593634892536183013769216.000000
661 598772181022586701873152.000000
662 603921236391235069935616.000000
663 609081600014275087171584.000000
664 614252807488383685230592.000000
665 619434388686394405945344.000000
666 624625867810921544417280.000000
667 629826763449977895124992.000000
668 635036588634586637926400.000000
669 640254850898383404531712.000000
670 645481052339209330753536.000000
671 650714689682686638817280.000000
672 655955254347776212860928.000000
673 661202232514310054084608.000000
674 666455105192492441534464.000000
675 671713348294364966682624.000000
676 676976432707226046562304.000000
677 682243824368994849128448.000000
678 687514984345516543836160.000000
679 692789368909791294914560.000000
680 698066429623120957538304.000000
681 703345613418160860430336.000000
682 708626362683863924211712.000000
683 713908115352302217330688.000000
684 719190304987357091201024.000000
685 724472360875254272229376.000000
686 729753708116938005151744.000000
687 735033767722260088487936.000000
688 740311956705970782994432.000000
689 745587688185490520932352.000000
690 750860371480447115329536.000000
691 756129412213953773174784.000000
692 761394212415612745940992.000000
693 766654170626218713415680.000000
694 771908682004141633961984.000000
695 777157138433367049502720.000000
696 782398928633168075423744.000000
697 787633438269385855729664.000000
698 792860050067292445212672.000000
699 798078143926010885701632.000000
700 803287097034464424886272.000000
701 808486283988828034170880.000000
702 813675076911454710923264.000000
703 818852845571244218646528.000000
704 824018957505429032140800.000000
705 829172778142742188392448.000000
706 834313670927940333862912.000000
707 839440997447645460955136.000000
708 844554117557475805757440.000000
709 849652389510431547326464.000000
710 854735170086500143464448.000000
711 859801814723448688082944.000000
712 864851677648765172318208.000000
713 869884112012714558095360.000000
714 874898470022473291137024.000000
715 879894103077302524968960.000000
716 884870361904723414482944.000000
717 889826596697657837617152.000000
718 894762157252491058610176.000000
719 899676393108021436219392.000000
720 904568653685251408658432.000000
721 909438288427986603474944.000000
722 914284646944191532761088.000000
723 919107079148071003619328.000000
724 923904935402825301622784.000000
725 928677566664041700524032.000000
726 933424324623679482757120.000000
727 938144561854599347044352.000000
728 942837631955599487926272.000000
729 947502889696909491961856.000000
730 952139691166097087660032.000000
731 956747393914346007429120.000000
732 961325357103053958807552.000000
733 965872941650709231697920.000000
734 970389510379995073085440.000000
735 974874428165080490180608.000000
736 979327062079043660677120.000000
737 983746781541387819024384.000000
738 988132958465596200058880.000000
739 992484967406679332225024.000000
740 996802185708671730712576.000000
741 1001083993652021350629376.000000
742 1005329774600830863802368.000000
743 1009538915149897072115712.000000
744 1013710805271502152269824.000000
745 1017844838461909353103360.000000
746 1021940411887509055733760.000000
747 1025996926530571844190208.000000
748 1030013787334556912713728.000000
749 1033990403348926686035968.000000
750 1037926187873418126295040.000000
751 1041820558601723884601344.000000
752 1045672937764532428734464.000000
753 1049482752271876949540864.000000
754 1053249433854749022617600.000000
755 1056972419205921056489472.000000
756 1060651150119935785566208.000000
757 1064285073632209791877120.000000
758 1067873642157204347813888.000000
759 1071416313625615127281664.000000
760 1074912551620532466876416.000000
761 1078361825512525871972352.000000
762 1081763610593602301853696.000000
763 1085117388209994881564672.000000
764 1088422645893730366652416.000000
765 1091678877492935229702144.000000
766 1094885583300825607831552.000000
767 1098042270183342724874240.000000
768 1101148451705386006740992.000000
769 1104203648255594095181824.000000
770 1107207387169636850073600.000000
771 1110159202851968008585216.000000
772 1113058636895997027942400.000000
773 1115905238202636222595072.000000
774 1118698563097181185638400.000000
775 1121438175444479665766400.000000
776 1124123646762351453011968.000000
777 1126754556333212699721728.000000
778 1129330491313868572196864.000000
779 1131851046843430746456064.000000
780 1134315826149323643551744.000000
781 1136724440651335783677952.000000
782 1139076510063684449468416.000000
783 1141371662495050037723136.000000
784 1143609534546546679349248.000000
785 1145789771407592888729600.000000
786 1147912026949644661555200.000000
787 1149975963817759614173184.000000
788 1151981253519955791446016.000000
789 1153927576514331454472192.000000
790 1155814622293917796663296.000000
791 1157642089469226336124928.000000
792 1159409685848467898892288.000000
793 1161117128515405075185664.000000
794 1162764143904818016026624.000000
795 1164350467875546794557440.000000
796 1165875845781089796751360.000000
797 1167340032537727137218560.000000
798 1168742792690146685747200.000000
799 1170083900474545861033984.000000
800 1171363139879187985203200.000000
801 1172580304702386087133184.000000
802 1173735198607898853769216.000000
803 1174827635177711617441792.000000
804 1175857437962186004627456.000000
805 1176824440527559053017088.000000
806 1177728486500772201103360.000000
807 1178569429611616594296832.000000
808 1179347133732173098516480.000000
809 1180061472913539370844160.000000
810 1180712331419823988801536.000000
811 1181299603759398377226240.000000
812 1181823194713392842539008.000000
813 1182283019361427587596288.000000
814 1182679003104566895968256.000000
815 1183011081685489506320384.000000
816 1183279201205867258052608.000000
817 1183483318140944760438784.000000
818 1183623399351315253428224.000000
819 1183699422091887022964736.000000
820 1183711374018039297081344.000000
821 1183659253188962522497024.000000
822 1183543068068184229675008.000000
823 1183362837521277399334912.000000
824 1183118590810756430692352.000000
825 1182810367588158161289216.000000
826 1182438217883313038688256.000000
827 1182002202090811544305664.000000
828 1181502390953669090607104.000000
829 1180938865544195834118144.000000
830 1180311717242081067925504.000000
831 1179621047709695817547776.000000
832 1178866968864627867254784.000000
833 1178049602849456464592896.000000
834 1177169081998779722235904.000000
835 1176225548803506259886080.000000
836 1175219155872424105345024.000000
837 1174150065891064571494400.000000
838 1173018451577870772862976.000000
839 1171824495637694672535552.000000
840 1170568390712632054644736.000000
841 1169250339330221863337984.000000
842 1167870553849024403734528.000000
843 1166429256401598403313664.000000
844 1164926678834903643062272.000000
845 1163363062648144861855744.000000
846 1161738658928084985577472.000000
847 1160053728281851303297024.000000
848 1158308540767255796908032.000000
849 1156503375820662641786880.000000
850 1154638522182422608478208.000000
851 1152714277819907785621504.000000
852 1150730949848172930793472.000000
853 1148688854448271500771328.000000
854 1146588316783260586737664.000000
855 1144429670911922805932032.000000
856 1142213259700238838398976.000000
857 1139939434730642149998592.000000
858 1137608556209091335159808.000000
859 1135220992869992425848832.000000
860 1132777121879008076627968.000000
861 1130277328733787985543168.000000
862 1127722007162657863368704.000000
863 1125111559021304934825984.000000
864 1122446394187496478998528.000000
865 1119726930453870332084224.000000
866 1116953593418837886238720.000000
867 1114126816375637299691520.000000
868 1111247040199579867807744.000000
869 1108314713233527941365760.000000
870 1105330291171648549683200.000000
871 1102294236941483128127488.000000
872 1099207020584376299683840.000000
873 1096069119134307733995520.000000
874 1092881016495170436202496.000000
875 1089643203316538817904640.000000
876 1086356176867972318494720.000000
877 1083020440911898331840512.000000
878 1079636505575121951391744.000000
879 1076204887219004946513920.000000
880 1072726108308364435914752.000000
881 1069200697279133402529792.000000
882 1065629188404834186821632.000000
883 1062012121661907102859264.000000
884 1058350042593947998486528.000000
885 1054643502174894890680320.000000
886 1050893056671219376455680.000000
887 1047099267503163621507072.000000
888 1043262701105077821636608.000000
889 1039383928784900415553536.000000
890 1035463526582835809878016.000000
891 1031502075129273639763968.000000
892 1027500159501999628353536.000000
893 1023458369082749584670720.000000
894 1019377297413151368675328.000000
895 1015257542050107571044352.000000
896 1011099704420665347014656.000000
897 1006904389676424004370432.000000
898 1002672206547529737699328.000000
899 998403767196303411380224.000000
900 994099687070556554788864.000000
901 989760584756635432386560.000000
902 985387081832252512927744.000000
903 980979802719143858274304.000000
904 976539374535609340133376.000000
905 972066426948977157996544.000000
906 967561592028046076936192.000000
907 963025504095549408673792.000000
908 958458799580692543963136.000000
909 953862116871806180655104.000000
910 949236096169167055486976.000000
911 944581379338031276752896.000000
912 939898609761926562971648.000000
913 935188432196250095321088.000000
914 930451492622216812560384.000000
915 925688438101208345870336.000000
916 920899916629558295527424.000000
917 916086576993831160381440.000000
918 911249068626626595520512.000000
919 906388041462963624738816.000000
920 901504145797281717682176.000000
921 896598032141103157739520.000000
922 891670351081401932054528.000000
923 886721753139717261492224.000000
924 881752888632057404588032.000000
925 876764407529629034741760.000000
926 871756959320441716998144.000000
927 866731192871816072790016.000000
928 861687756293846232727552.000000
929 856627296803845971116032.000000
930 851550460591824022011904.000000
931 846457892687020520636416.000000
932 841350236825545640771584.000000
933 836228135319154519441408.000000
934 831092228925195378753536.000000
935 825943156717763996680192.000000
936 820781555960101436653568.000000
937 815608061978267114012672.000000
938 810423308036120082644992.000000
939 805227925211642096254976.000000
940 800022542274631703724032.000000
941 794807785565805348913152.000000
942 789584278877326412873728.000000
943 784352643334802732220416.000000
944 779113497280772323672064.000000
945 773867456159710198104064.000000
946 768615132404581094391808.000000
947 763357135324965916114944.000000
948 758094070996786701402112.000000
949 752826542153654956195840.000000
950 747555148079867241693184.000000
951 742280484505072577806336.000000
952 737003143500633137479680.000000
953 731723713377698767175680.000000
954 726442778587018821632000.000000
955 721160919620508626976768.000000
956 715878712914593791868928.000000
957 710596730755344446259200.000000
958 705315541185424506486784.000000
959 700035707912866301476864.000000
960 694757790221692437528576.000000
961 689482342884393625845760.000000
962 684209916076284216082432.000000
963 678941055291741609918464.000000
964 673676301262348479365120.000000
965 668416189876945708646400.000000
966 663161252103610018299904.000000
967 657912013913562982383616.000000
968 652668996207025800085504.000000
969 647432714741024519356416.000000
970 642203680059155242024960.000000
971 636982397423315618627584.000000
972 631769366747411088670720.000000
973 626565082533038282244096.000000
974 621370033807152428089344.000000
975 616184704061722257784832.000000
976 611009571195375090401280.000000
977 605845107457034647764992.000000
978 600691779391553680703488.000000
979 595550047787342278688768.000000
980 590420367625989782503424.000000
981 585303188033883185610752.000000
982 580198952235818333241344.000000
983 575108097510601570385920.000000
984 570031055148640093863936.000000
985 564968250411516646391808.000000
986 559920102493544660336640.000000
987 554887024485298079793152.000000
988 549869423339111498907648.000000
989 544867699836541690970112.000000
990 539882248557786635960320.000000
991 534913457853051711782912.000000
992 529961709815855465889792.000000
993 525027380258266041810944.000000
994 520110838688058328481792.000000
995 515212448287781430493184.000000
996 510332565895724715212800.000000
997 505471541988772907319296.000000
998 500629720667135265472512.000000
999 495807439640938036592640.000000
1000 491005030218665893560320.000000
1001 486222817297438599020544.000000
1002 481461119355108466884608.000000
1003 476720248444162716729344.000000
1004 472000510187417097994240.000000
1005 467302203775482329038848.000000
1006 462625621965987580477440.000000
1007 457971051084545299316736.000000
1008 453338771027436234604544.000000
1009 448729055266001846796288.000000
1010 444142170852719002124288.000000
1011 439578378428943999959040.000000
1012 435037932234302512168960.000000
1013 430521080117708120391680.000000
1014 426028063549986567094272.000000
1015 421559117638086929940480.000000
1016 417114471140858915717120.000000
1017 412694346486373121261568.000000
1018 408298959790764598493184.000000
1019 403928520878574490615808.000000
1020 399583233304571083227136.000000
1021 395263294377025909817344.000000
1022 390968895182418739200000.000000
1023 386700220611554063679488.000000
1024 382457449387060633796608.000000
1025 378240754092251692400640.000000
1026 374050301201322419945472.000000
1027 369886251110858821206016.000000
1028 365748758172634028441600.000000
1029 361637970727668600012800.000000
1030 357554031141526360293376.000000
1031 353497075840823836278784.000000
1032 349467235350926380236800.000000
1033 345464634334805946793984.000000
1034 341489391633033144041472.000000
1035 337541620304881144299520.000000
1036 333621427670510987116544.000000
1037 329728915354217000992768.000000
1038 325864179328701473751040.000000
1039 322027309960356157194240.000000
1040 318218392055521749237760.000000
1041 314437504907700254801920.000000
1042 310684722345693113483264.000000
1043 306960112782638787330048.000000
1044 303263739265923904700416.000000
1045 299595659527939908698112.000000
1046 295955926037660480569344.000000
1047 292344586053011854327808.000000
1048 288761681674010252804096.000000
1049 285207249896639970672640.000000
1050 281681322667444791148544.000000
1051 278183926938807838965760.000000
1052 274715084724891985903616.000000
1053 271274813158216347680768.000000
1054 267863124546840384503808.000000
1055 264480026432132486266880.000000
1056 261125521647094017818624.000000
1057 257799608375215772401664.000000
1058 254502280209838848868352.000000
1059 251233526213996129026048.000000
1060 247993330980707746447360.000000
1061 244781674693705984901120.000000
1062 241598533188564272807936.000000
1063 238443878014205040787456.000000
1064 235317676494762148888576.000000
1065 232219891791773590093824.000000
1066 229150482966678431858688.000000
1067 226109405043596185305088.000000
1068 223096609072363268472832.000000
1069 220112042191802505101312.000000
1070 217155647693203378798592.000000
1071 214227365083988514308096.000000
1072 211327130151544307056640.000000
1073 208454875027192481316864.000000
1074 205610528250279759970304.000000
1075 202794014832364171034624.000000
1076 200005256321475140386816.000000
1077 197244170866426097172480.000000
1078 194510673281158083510272.000000
1079 191804675109093162090496.000000
1080 189126084687476448821248.000000
1081 186474807211686738526208.000000
1082 183850744799495087718400.000000
1083 181253796555251423117312.000000
1084 178683858633978741260288.000000
1085 176140824305357417349120.000000
1086 173624584017578651811840.000000
1087 171135025461048968740864.000000
1088 168672033631927814586368.000000
1089 166235490895479332405248.000000
1090 163825277049221400231936.000000
1091 161441269385853646405632.000000
1092 159083342755948167954432.000000
1093 156751369630385134632960.000000
1094 154445220162518414000128.000000
1095 152164762250053232361472.000000
1096 149909861596622114258944.000000
1097 147680381773041517985792.000000
1098 145476184278236433219584.000000
1099 143297128599816817868800.000000
1100 141143072274290824970240.000000
1101 139013870946903260135424.000000
1102 136909378431083230527488.000000
1103 134829446767489090322432.000000
1104 132773926282636707233792.000000
1105 130742665647099641593856.000000
1106 128735511933267832995840.000000
1107 126752310672653855752192.000000
1108 124792905912734479024128.000000
1109 122857140273316559323136.000000
1110 120944855002417048059904.000000
1111 119055890031645252648960.000000
1112 117190084031078979338240.000000
1113 115347274463623015038976.000000
1114 113527297638841693765632.000000
1115 111729988766256336994304.000000
1116 109955182008097904263168.000000
1117 108202710531507673366528.000000
1118 106472406560177108549632.000000
1119 104764101425419232739328.000000
1120 103077625616664440602624.000000
1121 101412808831373487898624.000000
1122 99769480024360828796928.000000
1123 98147467456522278141952.000000
1124 96546598742960136781824.000000
1125 94966700900501216559104.000000
1126 93407600394601255403520.000000
1127 91869123185631175901184.000000
1128 90351094774540238061568.000000
1129 88853340247891707428864.000000
1130 87375684322266710016000.000000
1131 85917951388032616628224.000000
1132 84479965552472047484928.000000
1133 83061550682269695344640.000000
1134 81662530445353745907712.000000
1135 80282728352089194364928.000000
1136 78921967795820692504576.000000
1137 77580072092762829225984.000000
1138 76256864521236317732864.000000
1139 74952168360248126472192.000000
1140 73665806927414136143872.000000
1141 72397603616224264060928.000000
1142 71147381932648076148736.000000
1143 69914965531081381511168.000000
1144 68700178249633239138304.000000
1145 67502844144752932159488.000000
1146 66322787525198360870912.000000
1147 65159832985344998899712.000000
1148 64013805437837224443904.000000
1149 62884530145582462795776.000000
1150 61771832753089499103232.000000
1151 60675539317152622313472.000000
1152 59595476336882816647168.000000
1153 58531470783088307470336.000000
1154 57483350127006416109568.000000
1155 56450942368388862705664.000000
1156 55434076062943109185536.000000
1157 54432580349132770639872.000000
1158 53446284974339452305408.000000
1159 52475020320389325651968.000000
1160 51518617428447899680768.000000
1161 50576908023286040887296.000000
1162 49649724536921192923136.000000
1163 48736900131637478555648.000000
1164 47838268722388341358592.000000
1165 46953664998586391199744.000000
1166 46082924445284261953536.000000
1167 45225883363751036452864.000000
1168 44382378891448802082816.000000
1169 43552249021414126911488.000000
1170 42735332621048994594816.000000
1171 41931469450326575153152.000000
1172 41140500179416554405888.000000
1173 40362266405735474659328.000000
1174 39596610670427312750592.000000
1175 38843376474279672545280.000000
1176 38102408293081447137280.000000
1177 37373551592427197825024.000000
1178 36656652841974247718912.000000
1179 35951559529158462668800.000000
1180 35258120172374222438400.000000
1181 34576184333625192349696.000000
1182 33905602630651494793216.000000
1183 33246226748539932770304.000000
1184 32597909450822994886656.000000
1185 31960504590073574981632.000000
1186 31333867118001383276544.000000
1187 30717853095057692819456.000000
1188 30112319699554821734400.000000
1189 29517125236307208962048.000000
1190 28932129144800370753536.000000
1191 28357192006894595604480.000000
1192 27792175554070092709888.000000
1193 27236942674220363546624.000000
1194 26691357418000511664128.000000
1195 26155285004737319010304.000000
1196 25628591827908122640384.000000
1197 25111145460195097837568.000000
1198 24602814658122027630592.000000
1199 24103469366280512864256.000000
1200 23612980721152300154880.000000
1201 23131221054535004848128.000000
1202 22658063896577965031424.000000
1203 22193383978435193339904.000000
1204 21737057234542519123968.000000
1205 21288960804525719945216.000000
1206 20848973034746676248576.000000
1207 20416973479494469812224.000000
1208 19992842901828459823104.000000
1209 19576463274080060047360.000000
1210 19167717778020284497920.000000
1211 18766490804699961229312.000000
1212 18372667953969335631872.000000
1213 17986136033684080295936.000000
1214 17606783058604355223552.000000
1215 17234498248994048704512.000000
1216 16869172028926347706368.000000
1217 16510696024303101542400.000000
1218 16158963060594083627008.000000
1219 15813867160303222915072.000000
1220 15475303540168060829696.000000
1221 15143168608099350085632.000000
1222 14817359959867112030208.000000
1223 14497776375539676741632.000000
1224 14184317815682276261888.000000
1225 13876885417321423699968.000000
1226 13575381489681520656384.000000
1227 13279709509699973939200.000000
1228 12989774117326993489920.000000
1229 12705481110616407015424.000000
1230 12426737440613478694912.000000
1231 12153451206045845159936.000000
1232 11885531647823650488320.000000
1233 11622889143354691420160.000000
1234 11365435200680658731008.000000
1235 11113082452440076255232.000000
1236 10865744649663977357312.000000
1237 10623336655409695948800.000000
1238 10385774438238698602496.000000
1239 10152975065543872610304.000000
1240 9924856696731768717312.000000
1241 9701338576265303556096.000000
1242 9482341026572246450176.000000
1243 9267785440824757583872.000000
1244 9057594275595234050048.000000
1245 8851691043393600749568.000000
1246 8650000305091136978944.000000
1247 8452447662235858239488.000000
1248 8258959749264269377536.000000
1249 8069464225614579892224.000000
1250 7883889767745910210560.000000
1251 7702166061068396265472.000000
1252 7524223791788690767872.000000
1253 7349994638675566133248.000000
1254 7179411264749926612992.000000
1255 7012407308903821344768.000000
1256 6848917377452643188736.000000
1257 6688877035624922611712.000000
1258 6532222798993732665344.000000
1259 6378892124853970665472.000000
1260 6228823403549457121280.000000
1261 6081955949753811337216.000000
1262 5938229993709076742144.000000
1263 5797586672425778544640.000000
1264 5659968020848196976640.000000
1265 5525316962988592201728.000000
1266 5393577303033807634432.000000
1267 5264693716427900715008.000000
1268 5138611740934146097152.000000
1269 5015277767679820169216.000000
1270 4894639032187004911616.000000
1271 4776643605392680550400.000000
1272 4661240384661202403328.000000
1273 4548379084792239489024.000000
1274 4438010229027168059392.000000
1275 4330085140056874942464.000000
1276 4224555931033745752064.000000
1277 4121375496590697431040.000000
1278 4020497503869942104064.000000
1279 3921876383564094242816.000000
1280 3825467320972211650560.000000
1281 3731226247073297858560.000000
1282 3639109829619667697664.000000
1283 3549075464252544778240.000000
1284 3461081265642229727232.000000
1285 3375086058655027560448.000000
1286 3291049369549128335360.000000
1287 3208931417201566547968.000000
1288 3128693104368244228096.000000
1289 3050296008979061932032.000000
1290 2973702375470029864960.000000
1291 2898875106154225598464.000000
1292 2825777752633402982400.000000
1293 2754374507251974012928.000000
1294 2684630194595035611136.000000
1295 2616510263032067129344.000000
1296 2549980776307850477568.000000
1297 2485008405182108663808.000000
1298 2421560419119311880192.000000
1299 2359604678030057013248.000000
1300 2299109624065309802496.000000
1301 2240044273464840290304.000000
1302 2182378208461046153216.000000
1303 2126081569239353262080.000000
1304 2071125045956308631552.000000
1305 2017479870816449724416.000000
1306 1965117810208969064448.000000
1307 1914011156905141993472.000000
1308 1864132722317452640256.000000
1309 1815455828821308080128.000000
1310 1767954302140133146624.000000
1311 1721602463794709135360.000000
1312 1676375123617407565824.000000
1313 1632247572332093636608.000000
1314 1589195574200323276800.000000
1315 1547195359734453764096.000000
1316 1506223618478235713536.000000
1317 1466257491855437201408.000000
1318 1427274566086980534272.000000
1319 1389252865177038094336.000000
1320 1352170843968536576000.000000
1321 1316007381268411449344.000000
1322 1280741773042984681472.000000
1323 1246353725683762724864.000000
1324 1212823349343927140352.000000
1325 1180131151345761517568.000000
1326 1148258029659230830592.000000
1327 1117185266451866189824.000000
1328 1086894521710124728320.000000
1329 1057367826932321615872.000000
1330 1028587578893219266560.000000
1331 1000536533480338096128.000000
1332 973197799602004164608.000000
1333 946554833167131738112.000000
1334 920591431136731856896.000000
1335 895291725647063547904.000000
1336 870640178204369092608.000000
1337 846621573951086526464.000000
1338 823221016003402268672.000000
1339 800423919860005076992.000000
1340 778216007881859137536.000000
1341 756583303842804924416.000000
1342 735512127550768152576.000000
1343 714989089539350462464.000000
1344 695001085829525536768.000000
1345 675535292761191481344.000000
1346 656579161894262538240.000000
1347 638120414978999844864.000000
1348 620147038995253297152.000000
1349 602647281260264161280.000000
1350 585609644604669427712.000000
1351 569022882616333762560.000000
1352 552875994951614332928.000000
1353 537158222713654738944.000000
1354 521859043897290194944.000000
1355 506968168900128473088.000000
1356 492475536099367714816.000000
1357 478371307493890654208.000000
1358 464645864411168571392.000000
1359 451289803278496366592.000000
1360 438293931458072608768.000000
1361 425649263145420914688.000000
1362 413347015330649735168.000000
1363 401378603822030585856.000000
1364 389735639331370106880.000000
1365 378409923620642422784.000000
1366 367393445709346832384.000000
1367 356678378142030692352.000000
1368 346257073315439181824.000000
1369 336122059864715100160.000000
1370 326266039108100685824.000000
1371 316681881549552812032.000000
1372 307362623438708342784.000000
1373 298301463387610873856.000000
1374 289491759043617685504.000000
1375 280927023817899278336.000000
1376 272600923668934000640.000000
1377 264507273940410400768.000000
1378 256640036252931686400.000000
1379 248993315448926830592.000000
1380 241561356590167064576.000000
1381 234338542007277256704.000000
1382 227319388400645799936.000000
1383 220498543992115822592.000000
1384 213870785726863867904.000000
1385 207431016524841451520.000000
1386 201174262581187608576.000000
1387 195095670714993213440.000000
1388 189190505765812502528.000000
1389 183454148037315330048.000000
1390 177882090787472277504.000000
1391 172469937764667555840.000000
1392 167213400789134868480.000000
1393 162108297379110518784.000000
1394 157150548421108891648.000000
1395 152336175883714068480.000000
1396 147661300574292606976.000000
1397 143122139938033270784.000000
1398 138715005898718543872.000000
1399 134436302740641218560.000000
1400 130282525031073595392.000000
1401 126250255582707761152.000000
1402 122336163455488524288.000000
1403 118537001997252558848.000000
1404 114849606922608377856.000000
1405 111270894429478567936.000000
1406 107797859352741756928.000000
1407 104427573354406805504.000000
1408 101157183149762183168.000000
1409 97983908768943833088.000000
1410 94905041853368680448.000000
1411 91917943986488918016.000000
1412 89020045058321399808.000000
1413 86208841663215468544.000000
1414 83481895530324819968.000000
1415 80836831986253152256.000000
1416 78271338449349820416.000000
1417 75783162955135582208.000000
1418 73370112712343117824.000000
1419 71030052689061232640.000000
1420 68760904228480139264.000000
1421 66560643693735313408.000000
1422 64427301141354954752.000000
1423 62358959022824136704.000000
1424 60353750913775943680.000000
1425 58409860270335344640.000000
1426 56525519212137537536.000000
1427 54699007331554394112.000000
1428 52928650528663756800.000000
1429 51212819871504318464.000000
1430 49549930481163018240.000000
1431 47938440441247105024.000000
1432 46376849731298811904.000000
1433 44863699183716466688.000000
1434 43397569463750164480.000000
1435 41977080072146894848.000000
1436 40600888370023718912.000000
1437 39267688625555365888.000000
1438 37976211082065477632.000000
1439 36725221047118471168.000000
1440 35513518002212716544.000000
1441 34339934732682649600.000000
1442 33203336477420519424.000000
1443 32102620098037420032.000000
1444 31036713267084820480.000000
1445 30004573674965962752.000000
1446 29005188255170641920.000000
1447 28037572427472277504.000000
1448 27100769358731247616.000000
1449 26193849240955465728.000000
1450 25315908586270965760.000000
1451 24466069538464768000.000000
1452 23643479200763543552.000000
1453 22847308979519766528.000000
1454 22076753943480086528.000000
1455 21331032198317031424.000000
1456 20609384276109803520.000000
1457 19911072539464556544.000000
1458 19235380599970177024.000000
1459 18581612750690304000.000000
1460 17949093412396974080.000000
1461 17337166593256220672.000000
1462 16745195361681457152.000000
1463 16172561332074276864.000000
1464 15618664163177199616.000000
1465 15082921068768595968.000000
1466 14564766340433303552.000000
1467 14063650882147993600.000000
1468 13579041756424433664.000000
1469 13110421741758330880.000000
1470 12657288901136457728.000000
1471 12219156161358249984.000000
1472 11795550902933127168.000000
1473 11386014560318902272.000000
1474 10990102232270929920.000000
1475 10607382302075639808.000000
1476 10237436067446669312.000000
1477 9879857379865667584.000000
1478 9534252293153804288.000000
1479 9200238721064410112.000000
1480 8877446103690731520.000000
1481 8565515082486948864.000000
1482 8264097183704459264.000000
1483 7972854510049027072.000000
1484 7691459440368422912.000000
1485 7419594337183811584.000000
1486 7156951261881587712.000000
1487 6903231697386376192.000000
1488 6658146278139030528.000000
1489 6421414527207318528.000000
1490 6192764600360263680.000000
1491 5971933036940485632.000000
1492 5758664517372417024.000000
1493 5552711627147272192.000000
1494 5353834627129391104.000000
1495 5161801230031107072.000000
1496 4976386382907086848.000000
1497 4797372055521850368.000000
1498 4624547034447220736.000000
1499 4457706722749661184.000000
1500 4296652945130219520.000000
1501 4141193758382851584.000000
1502 3991143267039648256.000000
1503 3846321444074323968.000000
1504 3706553956538252800.000000
1505 3571671996005800960.000000
1506 3441512113708536832.000000
1507 3315916060240546304.000000
1508 3194730629719597568.000000
1509 3077807508291427328.000000
1510 2965003126866987008.000000
1511 2856178517984910848.000000
1512 2751199176693793792.000000
1513 2649934925351396352.000000
1514 2552259782240013312.000000
1515 2458051833899707904.000000
1516 2367193111083208704.000000
1517 2279569468238579968.000000
1518 2195070466427758592.000000
1519 2113589259591405824.000000
1520 2035022484072352512.000000
1521 1959270151312132608.000000
1522 1886235543636963072.000000
1523 1815825113051586304.000000
1524 1747948382961252864.000000
1525 1682517852743993344.000000
1526 1619448905097218048.000000
1527 1558659716084480000.000000
1528 1500071167809921536.000000
1529 1443606763649835776.000000
1530 1389192545972275712.000000
1531 1336757016277475072.000000
1532 1286231057693341440.000000
1533 1237547859762027008.000000
1534 1190642845454966272.000000
1535 1145453600355499392.000000
1536 1101919803949530752.000000
1537 1059983162966258944.000000
1538 1019587346712379136.000000
1539 980677924344623616.000000
1540 943202304026814848.000000
1541 907109673919053696.000000
1542 872350944947849856.000000
1543 838878695307438336.000000
1544 806647116643669120.000000
1545 775611961873143296.000000
1546 745730494591509248.000000
1547 716961440025911552.000000
1548 689264937487866752.000000
1549 662602494283857792.000000
1550 636936941042117376.000000
1551 612232388415101696.000000
1552 588454185118244992.000000
1553 565568877266575232.000000
1554 543544168971835904.000000
1555 522348884163659520.000000
1556 501952929599391680.000000
1557 482327259028020352.000000
1558 463443838474641280.000000
1559 445275612612741312.000000
1560 427796472192493056.000000
