0 3912937454340361728.000000
1 4088122407837930496.000000
2 4270937007708929024.000000
3 4461703754321604096.000000
4 4660758342175614976.000000
5 4868450180614273024.000000
6 5085142934276984832.000000
7 5311215084007250944.000000
8 5547060508955404288.000000
9 5793089090641369088.000000
10 6049727339768377344.000000
11 6317419046605479936.000000
12 6596625955785478144.000000
13 6887828466392142848.000000
14 7191526358241949696.000000
15 7508239545294886912.000000
16 7838508857161147392.000000
17 8182896849703064576.000000
18 8541988645764876288.000000
19 8916392807098193920.000000
20 9306742238586341376.000000
21 9713695125907869696.000000
22 10137935907817484288.000000
23 10580176284262125568.000000
24 11041156261589639168.000000
25 11521645236150609920.000000
26 12022443117635219456.000000
27 12544381493532459008.000000
28 13088324836144857088.000000
29 13655171753637896192.000000
30 14245856286652762112.000000
31 14861349252060721152.000000
32 15502659635489648640.000000
33 16170836034304518144.000000
34 16866968152781142016.000000
35 17592188351266256896.000000
36 18347673251176165376.000000
37 19134645397747159040.000000
38 19954374982509662208.000000
39 20808181627525066752.000000
40 21697436233486274560.000000
41 22623562893852610560.000000
42 23588040877257945088.000000
43 24592406680502542336.000000
44 25638256154512343040.000000
45 26727246705725865984.000000
46 27861099575444967424.000000
47 29041602199768055808.000000
48 30270610652805033984.000000
49 31550052175958978560.000000
50 32881927796146569216.000000
51 34268315035919732736.000000
52 35711370718541168640.000000
53 37213333871166128128.000000
54 38776528729374801920.000000
55 40403367846404472832.000000
56 42096355310533869568.000000
57 43858090074175758336.000000
58 45691269398345818112.000000
59 47598692416287178752.000000
60 49583263820148326400.000000
61 51647997674724450304.000000
62 53796021362405302272.000000
63 56030579663584894976.000000
64 58355038976931127296.000000
65 60772891684036108288.000000
66 63287760663110713344.000000
67 65903403956520812544.000000
68 68623719597117538304.000000
69 71452750598446129152.000000
70 74394690114087075840.000000
71 77453886771526729728.000000
72 80634850186121166848.000000
73 83942256660881686528.000000
74 87380955077975605248.000000
75 90955972988016148480.000000
76 94672522903386914816.000000
77 98536008802037956608.000000
78 102552032848368484352.000000
79 106726402338013855744.000000
80 111065136873545629696.000000
81 115574475778303623168.000000
82 120260885755781005312.000000
83 125131068802203664384.000000
84 130191970380159631360.000000
85 135450787861367226368.000000
86 140914979246890254336.000000
87 146592272173363544064.000000
88 152490673214016520192.000000
89 158618477483547525120.000000
90 164984278556149579776.000000
91 171596978706252038144.000000
92 178465799481817071616.000000
93 185600292620301008896.000000
94 193010351317671739392.000000
95 200706221861174050816.000000
96 208698515636822016000.000000
97 216998221522902581248.000000
98 225616718681098846208.000000
99 234565789757147512832.000000
100 243857634503282786304.000000
101 253504883835051081728.000000
102 263520614335423184896.000000
103 273918363219493224448.000000
104 284712143773405085696.000000
105 295916461281518026752.000000
106 307546329456208969728.000000
107 319617287385096716288.000000
108 332145417010853314560.000000
109 345147361159207714816.000000
110 358640342131129057280.000000
111 372642180875628707840.000000
112 387171316760044503040.000000
113 402246827955107987456.000000
114 417888452452585308160.000000
115 434116609733713920000.000000
116 450952423107150675968.000000
117 468417742735640100864.000000
118 486535169371117912064.000000
119 505328078818435465216.000000
120 524820647148488687616.000000
121 545037876681994731520.000000
122 566005622765760806912.000000
123 587750621363812106240.000000
124 610300517486357381120.000000
125 633683894480104194048.000000
126 657930304204085788672.000000
127 683070298115753246720.000000
128 709135459292672032768.000000
129 736158435415887183872.000000
130 764172972741571248128.000000
131 793213951088314023936.000000
132 823317419868059205632.000000
133 854520635189388640256.000000
134 886862098062559805440.000000
135 920381593736466923520.000000
136 955120232198331432960.000000
137 991120489867852382208.000000
138 1028426252518140805120.000000
139 1067082859456644251648.000000
140 1107137149000103100416.000000
141 1148637505278251892736.000000
142 1191633906402013478912.000000
143 1236177974032626876416.000000
144 1282323024389085593600.000000
145 1330124120732143190016.000000
146 1379638127364087742464.000000
147 1430923765184255754240.000000
148 1484041668841474359296.000000
149 1539054445525251129344.000000
150 1596026735438789869568.000000
151 1655025273997732347904.000000
152 1716118955799602266112.000000
153 1779378900409967181824.000000
154 1844878520012403900416.000000
155 1912693588970350313472.000000
156 1982902315350127542272.000000
157 2055585414455430479872.000000
158 2130826184424822669312.000000
159 2208710583944792244224.000000
160 2289327312132283826176.000000
161 2372767890641617682432.000000
162 2459126748052112015360.000000
163 2548501306593783054336.000000
164 2640992071270006259712.000000
165 2736702721436968026112.000000
166 2835740204901406343168.000000
167 2938214834599220477952.000000
168 3044240387918939553792.000000
169 3153934208735517868032.000000
170 3267417312221133799424.000000
171 3384814492501322760192.000000
172 3506254433226021404672.000000
173 3631869821126621265920.000000
174 3761797462631773634560.000000
175 3896178403615943688192.000000
176 4035158052356471390208.000000
177 4178886305776391946240.000000
178 4327517679051786944512.000000
179 4481211438664183185408.000000
180 4640131738980052369408.000000
181 4804447762441253683200.000000
182 4974333863451671134208.000000
183 5149969716047503163392.000000
184 5331540465439799771136.000000
185 5519236883520229998592.000000
186 5713255528422263750656.000000
187 5913798908232312291328.000000
188 6121075648946671452160.000000
189 6335300666772656488448.000000
190 6556695344873367142400.000000
191 6785487714658268741632.000000
192 7021912641723280916480.000000
193 7266212016545865924608.000000
194 7518634950043201699840.000000
195 7779437974103037837312.000000
196 8048885247198985453568.000000
197 8327248765204336476160.000000
198 8614808577520117481472.000000
199 8911853008635869265920.000000
200 9218678885243156430848.000000
201 9535591769024254443520.000000
202 9862906195240984510464.000000
203 10200945917250223734784.000000
204 10550044157075475398656.000000
205 10910543862165919498240.000000
206 11282797968476535259136.000000
207 11667169670005541306368.000000
208 12064032694927552937984.000000
209 12473771588463143944192.000000
210 12896782002628040065024.000000
211 13333470993007954100224.000000
212 13784257322706498748416.000000
213 14249571773617155342336.000000
214 14729857465172575125504.000000
215 15225570180726033219584.000000
216 15737178701724053929984.000000
217 16265165149830138298368.000000
218 16810025337163303878656.000000
219 17372269124817206116352.000000
220 17952420789828144070656.000000
221 18551019400763266826240.000000
222 19168619202102878535680.000000
223 19805790007592791048192.000000
224 20463117602746678640640.000000
225 21141204156679683309568.000000
226 21840668643457937440768.000000
227 22562147273151862538240.000000
228 23306293932782920925184.000000
229 24073780637356523520000.000000
230 24865297991177420668928.000000
231 25681555659645920477184.000000
232 26523282851735309123584.000000
233 27391228813356170215424.000000
234 28286163331813216354304.000000
235 29208877251565107281920.000000
236 30160183001500002287616.000000
237 31140915133941612019712.000000
238 32151930875605237628928.000000
239 33194110690724287610880.000000
240 34268358856571118157824.000000
241 35375604051600492986368.000000
242 36516799956443946024960.000000
243 37692925867989173010432.000000
244 38904987326778682900480.000000
245 40154016757968134995968.000000
246 41441074126083181248512.000000
247 42767247603821837287424.000000
248 44133654255146658430976.000000
249 45541440732919331028992.000000
250 46991783991328431407104.000000
251 48485892013366775382016.000000
252 50025004553616324820992.000000
253 51610393896603214675968.000000
254 53243365630984625061888.000000
255 54925259439835472461824.000000
256 56657449907305695936512.000000
257 58441347341916909338624.000000
258 60278398616776485109760.000000
259 62170088026985952444416.000000
260 64117938164521431465984.000000
261 66123510810872767315968.000000
262 68188407847723573706752.000000
263 70314272185960863105024.000000
264 72502788713306673643520.000000
265 74755685260860797747200.000000
266 77074733588852961705984.000000
267 79461750391900582445056.000000
268 81918598324073135079424.000000
269 84447187044062940102656.000000
270 87049474280771305865216.000000
271 89727466919610447560704.000000
272 92483222109836401442816.000000
273 95318848393218464153600.000000
274 98236506854360837259264.000000
275 101238412292990865244160.000000
276 104326834418528976633856.000000
277 107504099067259162460160.000000
278 110772589442422735372288.000000
279 114134747377552005791744.000000
280 117593074623370963714048.000000
281 121150134158586078560256.000000
282 124808551524894658002944.000000
283 128571016186534314377216.000000
284 132440282914708797784064.000000
285 136419173197211194359808.000000
286 140510576673583372697600.000000
287 144717452596137173188608.000000
288 149042831317172498726912.000000
289 153489815802725602951168.000000
290 158061583173177583861760.000000
291 162761386271062351675392.000000
292 167592555256404112310272.000000
293 172558499229919994707968.000000
294 177662707884421420154880.000000
295 182908753184754052890624.000000
296 188300291076599528292352.000000
297 193841063224487018758144.000000
298 199534898779331558899712.000000
299 205385716175850344284160.000000
300 211397524960171979177984.000000
301 217574427647978512580608.000000
302 223920621613511075692544.000000
303 230440401009762451324928.000000
304 237138158720186079772672.000000
305 244018388342247448903680.000000
306 251085686203142440484864.000000
307 258344753407998044405760.000000
308 265800397920885750628352.000000
309 273457536678952662204416.000000
310 281321197739994465173504.000000
311 289396522463774661148672.000000
312 297688767727403561648128.000000
313 306203308175079671595008.000000
314 314945638502498304000000.000000
315 323921375776221765304320.000000
316 333136261788307061473280.000000
317 342596165446487712464896.000000
318 352307085200181801517056.000000
319 362275151502623182422016.000000
320 372506629309383944699904.000000
321 383007920613557310324736.000000
322 393785567017875638583296.000000
323 404846252344020029145088.000000
324 416196805279372510494720.000000
325 427844202061466766934016.000000
326 439795569200374097117184.000000
327 452058186239263243239424.000000
328 464639488553364274282496.000000
329 477547070187551741444096.000000
330 490788686732767826804736.000000
331 504372258241491643662336.000000
332 518305872182444338184192.000000
333 532597786434729305702400.000000
334 547256432321589386674176.000000
335 562290417683937808613376.000000
336 577708529993845946974208.000000
337 593519739508124404416512.000000
338 609733202462150953533440.000000
339 626358264304071507705856.000000
340 643404462969497130631168.000000
341 660881532196808283914240.000000
342 678799404883172680269824.000000
343 697168216481344857833472.000000
344 715998308437347534897152.000000
345 735300231669083600322560.000000
346 755084750085924105224192.000000
347 775362844149326479884288.000000
348 796145714474493579100160.000000
349 817444785473082145898496.000000
350 839271709036970223075328.000000
351 861638368263042307719168.000000
352 884556881218977350549504.000000
353 908039604749989536858112.000000
354 932099138326427091337216.000000
355 956748327932192196919296.000000
356 982000269993851165343744.000000
357 1007868315350325069348864.000000
358 1034366073263031316381696.000000
359 1061507415466339127525376.000000
360 1089306480258132360560640.000000
361 1117777676630338748547072.000000
362 1146935688439174566772736.000000
363 1176795478614912662503424.000000
364 1207372293410914404663296.000000
365 1238681666691640877645824.000000
366 1270739424259394882240512.000000
367 1303561688219446925066240.000000
368 1337164881383239985397760.000000
369 1371565731709310268866560.000000
370 1406781276781540085334016.000000
371 1442828868324374825926656.000000
372 1479726176754549309571072.000000
373 1517491195768894002298880.000000
374 1556142246967754031628288.000000
375 1595697984513527343218688.000000
376 1636177399823793987256320.000000
377 1677599826298500468965376.000000
378 1719984944080630080077824.000000
379 1763352784849752547131392.000000
380 1807723736647848479948800.000000
381 1853118548736731626078208.000000
382 1899558336486419048955904.000000
383 1947064586293726333108224.000000
384 1995659160530345323921408.000000
385 2045364302519674257539072.000000
386 2096202641541563299135488.000000
387 2148197197864193268645888.000000
388 2201371387802203327561728.000000
389 2255749028800208901767168.000000
390 2311354344540782664351744.000000
391 2368211970075948853755904.000000
392 2426346956981233417977856.000000
393 2485784778531236776771584.000000
394 2546551334895709147103232.000000
395 2608672958355037510172672.000000
396 2672176418534046318985216.000000
397 2737088927652975122317312.000000
398 2803438145794430782668800.000000
399 2871252186185140688388096.000000
400 2940559620491254440132608.000000
401 3011389484125886730993664.000000
402 3083771281567612393226240.000000
403 3157734991688574655528960.000000
404 3233311073090791419150336.000000
405 3310530469449248119193600.000000
406 3389424614860325472174080.000000
407 3470025439194062629371904.000000
408 3552365373448740149395456.000000
409 3636477355106144259932160.000000
410 3722394833486000580198400.000000
411 3810151775097882402619392.000000
412 3899782668988900242882560.000000
413 3991322532085448765865984.000000
414 4084806914527302227329024.000000
415 4180271904992200321138688.000000
416 4277754136009115713929216.000000
417 4377290789258287711780864.000000
418 4478919600856204214009856.000000
419 4582678866623431715061760.000000
420 4688607447333414306316288.000000
421 4796744773940167208599552.000000
422 4907130852782776407556096.000000
423 5019806270764609521582080.000000
424 5134812200505043710902272.000000
425 5252190405461622199943168.000000
426 5371983245020244431863808.000000
427 5494233679551246666563584.000000
428 5618985275429035486216192.000000
429 5746282210012837888131072.000000
430 5876169276586273378664448.000000
431 6008691889253277388242944.000000
432 6143896087787869894082560.000000
433 6281828542435337225371648.000000
434 6422536558662137327648768.000000
435 6566068081852112567271424.000000
436 6712471701946231232135168.000000
437 6861796658023244241043456.000000
438 7014092842818573780910080.000000
439 7169410807178613152022528.000000
440 7327801764447772794159104.000000
441 7489317594785247762841600.000000
442 7654010849408892094382080.000000
443 7821934754763106609528832.000000
444 7993143216607867896332288.000000
445 8167690824025970378276864.000000
446 8345632853345371911356416.000000
447 8527025271973736290975744.000000
448 8711924742141890239922176.000000
449 8900388624553311880609792.000000
450 9092474981936323165683712.000000
451 9288242582495856309567488.000000
452 9487750903261629903798272.000000
453 9691060133329357798113280.000000
454 9898231176991867232321536.000000
455 10109325656756673065254912.000000
456 10324405916246711713398784.000000
457 10543535022980899757096960.000000
458 10766776771031035069595648.000000
459 10994195683551635633602560.000000
460 11225857015179346643517440.000000
461 11461826754298190009204736.000000
462 11702171625167435035836416.000000
463 11946959089908257021493248.000000
464 12196257350345906712477696.000000
465 12450135349703559505510400.000000
466 12708662774144279573954560.000000
467 12971910054157669386682368.000000
468 13239948365787208152514560.000000
469 13512849631694868986200064.000000
470 13790686522059226634780672.000000
471 14073532455303364239949824.000000
472 14361461598648743730610176.000000
473 14654548868491498645094400.000000
474 14952869930597191570685952.000000
475 15256501200110409100558336.000000
476 15565519841375343869952000.000000
477 15880003767563474578702336.000000
478 16200031640104880108994560.000000
479 16525682867918869148729344.000000
480 16857037606440616048197632.000000
481 17194176756439578809729024.000000
482 17537181962626175189647360.000000
483 17886135612042729035399168.000000
484 18241120832234767700197376.000000
485 18602221489199225971408896.000000
486 18969522185105257250422784.000000
487 19343108255784175207972864.000000
488 19723065767984467170820096.000000
489 20109481516388462593310720.000000
490 20502443020386282189619200.000000
491 20902038520603818583916544.000000
492 21308356975180687586885632.000000
493 21721488055794514408767488.000000
494 22141522143427676453470208.000000
495 22568550323872937870884864.000000
496 23002664382974200591155200.000000
497 23443956801598695348895744.000000
498 23892520750336901845614592.000000
499 24348450083926736306700288.000000
500 24811839335398140962406400.000000
501 25282783709934815572656128.000000
502 25761379078449165395558400.000000
503 26247721970867433352724480.000000
504 26741909569121060726505472.000000
505 27244039699841235552305152.000000
506 27754210826752806185074688.000000
507 28272522042764879980396544.000000
508 28799073061754009691357184.000000
509 29333964210037132902793216.000000
510 29877296417531288090574848.000000
511 30429171208596254720262144.000000
512 30989690692557664958808064.000000
513 31558957553907168205340672.000000
514 32137075042176843827380224.000000
515 32724146961484756841136128.000000
516 33320277659748851922239488.000000
517 33925572017566432672874496.000000
518 34540135436756485956173824.000000
519 35164073828561999439593472.000000
520 35797493601509884345450496.000000
521 36440501648925827643998208.000000
522 37093205336101750111731712.000000
523 37755712487113374878924800.000000
524 38428131371285582889091072.000000
525 39110570689303588175347712.000000
526 39803139558967502002192384.000000
527 40505947500588413266952192.000000
528 41219104422023975116210176.000000
529 41942720603351839919833088.000000
530 42676906681178734989410304.000000
531 43421773632584027989868544.000000
532 44177432758695926618390528.000000
533 44943995667898878031560704.000000
534 45721574258670853760745472.000000
535 46510280702049265985257472.000000
536 47310227423724510140956672.000000
537 48121527085759699345211392.000000
538 48944292567936135371685888.000000
539 49778636948723614231822336.000000
540 50624673485874595700408320.000000
541 51482515596641987677126656.000000
542 52352276837620021398077440.000000
543 53234070884207942619365376.000000
544 54128011509696157995499520.000000
545 55034212563975094350643200.000000
546 55952787951866624813826048.000000
547 56883851611078113357725696.000000
548 57827517489780160072777728.000000
549 58783899523807445881192448.000000
550 59753111613484411857666048.000000
551 60735267600075584178225152.000000
552 61730481241862262684123136.000000
553 62738866189846174356209664.000000
554 63760535963081251340943360.000000
555 64795603923635466263330816.000000
556 65844183251183446381297664.000000
557 66906386917232297532981248.000000
558 67982327658981806108049408.000000
559 69072117952821596023422976.000000
560 70175869987467018819862528.000000
561 71293695636736276550385664.000000
562 72425706431970942124032000.000000
563 73572013534103089740513280.000000
564 74732727705371414827630592.000000
565 75907959280689032130985984.000000
566 77097818138667324232695808.000000
567 78302413672297257838313472.000000
568 79521854759293957447876608.000000
569 80756249732105532843491328.000000
570 82005706347592860542435328.000000
571 83270331756381942713417728.000000
572 84550232471894427013480448.000000
573 85845514339060230125518848.000000
574 87156282502716628683194368.000000
575 88482641375699091803078656.000000
576 89824694606628047112110080.000000
577 91182545047397593224577024.000000
578 92556294720370230297624576.000000
579 93946044785284377533743104.000000
580 95351895505879642612432896.000000
581 96773946216245065731276800.000000
582 98212295286898137917030400.000000
583 99667040090598768314941440.000000
584 101138276967905914217562112.000000
585 102626101192483127305437184.000000
586 104130606936159338291527680.000000
587 105651887233752937328017408.000000
588 107190033947664441575211008.000000
589 108745137732247319119659008.000000
590 110317287997962398080172032.000000
591 111906572875325344189513728.000000
592 113513079178653133906640896.000000
593 115136892369620071499169792.000000
594 116778096520628847654207488.000000
595 118436774278007136517619712.000000
596 120113006825037805700251648.000000
597 121806873844830590451318784.000000
598 123518453483045935057469440.000000
599 125247822310478028034015232.000000
600 126995055285508902397935616.000000
601 128760225716440318351507456.000000
602 130543405223715591723941888.000000
603 132344663702039786306928640.000000
604 134164069282408182868606976.000000
605 136001688294054913315438592.000000
606 137857585226329542482722816.000000
607 139731822690514602714726400.000000
608 141624461381593031946272768.000000
609 143535560039977747352649728.000000
610 145465175413213009654317056.000000
611 147413362217659689884188672.000000
612 149380173100176224007749632.000000
613 151365658599804944842227712.000000
614 153369867109477586709774336.000000
615 155392844837750167666950144.000000
616 157434635770580494989656064.000000
617 159495281633158670554497024.000000
618 161574821851804975667085312.000000
619 163673293515945855575654400.000000
620 165790731340180940111478784.000000
621 167927167626454243056025600.000000
622 170082632226341703582220288.000000
623 172257152503468229549621248.000000
624 174450753296067093195653120.000000
625 176663456879695320039030784.000000
626 178895282930117440501186560.000000
627 181146248486371657378693120.000000
628 183416367914031829464645632.000000
629 185705652868678328019582976.000000
630 188014112259592025383370752.000000
631 190341752213684678587056128.000000
632 192688576039680207774285824.000000
633 195054584192559926132867072.000000
634 197439774238286186786324480.000000
635 199844140818818705936875520.000000
636 202267675617437374874648576.000000
637 204710367324386095022473216.000000
638 207172201602851139393421312.000000
639 209653161055289777221271552.000000
640 212153225190121840507355136.000000
641 214672370388800347201077248.000000
642 217210569873274100275740672.000000
643 219767793673858068179320832.000000
644 222344008597525015677632512.000000
645 224939178196633709533200384.000000
646 227553262738107717793087488.000000
647 230186219173080161488732160.000000
648 232838001107017612887326720.000000
649 235508558770339495530201088.000000
650 238197838989546455075651584.000000
651 240905785158871616640253952.000000
652 243632337212471564910460928.000000
653 246377431597169347810820096.000000
654 249141001245764793812385792.000000
655 251922975550927158086991872.000000
656 254723280339683532165087232.000000
657 257541837848518410259922944.000000
658 260378566699097915635269632.000000
659 263233381874632980667826176.000000
660 266106194696896805047631872.000000
661 268996912803909167780724736.000000
662 271905440128302505120497664.000000
663 274831676876384116798390272.000000
664 277775519507906938779205632.000000
665 280736860716564206984364032.000000
666 283715589411220896884981760.000000
667 286711590697895407982215168.000000
668 289724745862505202710478848.000000
669 292754932354390006219931648.000000
670 295802023770624592946659328.000000
671 298865889841135659780145152.000000
672 301946396414634777376718848.000000
673 305043405445380613758517248.000000
674 308156774980781665832402944.000000
675 311286359149854514034507776.000000
676 314432008152547564424527872.000000
677 317593568249943094412181504.000000
678 320770881755349284426874880.000000
679 323963787026294948633772032.000000
680 327172118457436447984058368.000000
681 330395706474390392055791616.000000
682 333634377528500994497839104.000000
683 336887954092555001338527744.000000
684 340156254657452232337784832.000000
685 343439093729845891594977280.000000
686 346736281830758076251111424.000000
687 350047625495184639497601024.000000
688 353372927272696760875614208.000000
689 356711985729048982031695872.000000
690 360064595448802641461641216.000000
691 363430547038975222322561024.000000
692 366809627133721179590754304.000000
693 370201618400055722718003200.000000
694 373606299544626776466522112.000000
695 377023445321545702721978368.000000
696 380452826541281250050572288.000000
697 383894210080625870690582528.000000
698 387347358893740521011806208.000000
699 390812032024284679951613952.000000
700 394287984618637082985758720.000000
701 397774967940213837423181824.000000
702 401272729384889141705048064.000000
703 404781012497523487790858240.000000
704 408299556989603607239196672.000000
705 411828098758001445247647744.000000
706 415366369904852093932404736.000000
707 418914098758557281917337600.000000
708 422471009895917581328449536.000000
709 426036824165395393778024448.000000
710 429611258711511807714918400.000000
711 433194027000380007200587776.000000
712 436784838846375781866668032.000000
713 440383400439949604820090880.000000
714 443989414376577323558240256.000000
715 447602579686853449623797760.000000
716 451222591867725947487649792.000000
717 454849142914873209854623744.000000
718 458481921356221501405134848.000000
719 462120612286603695606464512.000000
720 465764897403556487095123968.000000
721 469414455044255804752396288.000000
722 473068960223586577182359552.000000
723 476728084673346644433960960.000000
724 480391496882579043531096064.000000
725 484058862139033286285983744.000000
726 487729842571746146108047360.000000
727 491404097194744702587371520.000000
728 495081281951860236419596288.000000
729 498761049762653180830679040.000000
730 502443050569441089322745856.000000
731 506126931385423503707602944.000000
732 509812336343898843345059840.000000
733 513498906748565825163100160.000000
734 517186281124901374281121792.000000
735 520874095272609596397584384.000000
736 524561982319131229142646784.000000
737 528249572774206425570213888.000000
738 531936494585482898330091520.000000
739 535622373195157398611820544.000000
740 539306831597643314315132928.000000
741 542989490398252842574938112.000000
742 546669967872884459511480320.000000
743 550347880028701530993459200.000000
744 554022840665794505271672832.000000
745 557694461439813081026789376.000000
746 561362351925554332057993216.000000
747 565026119681497374044192768.000000
748 568685370315268424300756992.000000
749 572339707550024847098642432.000000
750 575988733291742791383121920.000000
751 579632047697394539557814272.000000
752 583269249244000930085470208.000000
753 586899934798543941779062784.000000
754 590523699688722122475044864.000000
755 594140137774535667949240320.000000
756 597748841520682115780313088.000000
757 601349402069747604595408896.000000
758 604941409316175762914541568.000000
759 608524451980996910285586432.000000
760 612098117687299909804359680.000000
761 615661993036427293127344128.000000
762 619215663684877646338981888.000000
763 622758714421892166929350656.000000
764 626290729247710411036295168.000000
765 629811291452472209927307264.000000
766 633319983695748438413017088.000000
767 636816388086676858253344768.000000
768 640300086264686062845558784.000000
769 643770659480784433450057728.000000
770 647227688679393353671901184.000000
771 650670754580700905259139072.000000
772 654099437763519552543522816.000000
773 657513318748619228221276160.000000
774 660911978082517403654160384.000000
775 664294996421701679557115904.000000
776 667661954617262769400971264.000000
777 671012433799913273957548032.000000
778 674346015465370531632513024.000000
779 677662281560077843501678592.000000
780 680960814567240158672846848.000000
781 684241197593152504618549248.000000
782 687503014453792162860498944.000000
783 690745849761654936235409408.000000
784 693969289012805546050322432.000000
785 697172918674121543284424704.000000
786 700356326270701459340263424.000000
787 703519100473415206111805440.000000
788 706660831186568000628064256.000000
789 709781109635654999406018560.000000
790 712879528455177230576779264.000000
791 715955681776495734040821760.000000
792 719009165315696146983682048.000000
793 722039576461438033667817472.000000
794 725046514362760921954123776.000000
795 728029580016823956808925184.000000
796 730988376356547697276092416.000000
797 733922508338135791803826176.000000
798 736831583028446570234249216.000000
799 739715209692190088322088960.000000
800 742572999878921350285361152.000000
801 745404567509805382693289984.000000
802 748209528964123785682747392.000000
803 750987503165500221514842112.000000
804 753738111667813092073406464.000000
805 756460978740772315561197568.000000
806 759155731455131340213583872.000000
807 761821999767506220044255232.000000
808 764459416604779624951447552.000000
809 767067617948056387518988288.000000
810 769646242916148596279607296.000000
811 772194933848562747649818624.000000
812 774713336387959819478237184.000000
813 777201099562065313902100480.000000
814 779657875865000132453859328.000000
815 782083321338006170016677888.000000
816 784477095649543263006752768.000000
817 786838862174727392651640832.000000
818 789168288074086641303552000.000000
819 791465044371608788386447360.000000
820 793728806032055669526364160.000000
821 795959252037516811074273280.000000
822 798156065463178700521472000.000000
823 800318933552285091234840576.000000
824 802447547790262502988709888.000000
825 804541603977986316720668672.000000
826 806600802304163961450266624.000000
827 808624847416811141543755776.000000
828 810613448493795128362663936.000000
829 812566319312425874842714112.000000
830 814483178318066228261814272.000000
831 816363748691743099255259136.000000
832 818207758416733473676984320.000000
833 820014940344105476097572864.000000
834 821785032257189333610528768.000000
835 823517776934960235443912704.000000
836 825212922214307524731994112.000000
837 826870221051173867211456512.000000
838 828489431580537871124135936.000000
839 830070317175225864675131392.000000
840 831612646503527679717801984.000000
841 833116193585600773624954880.000000
842 834580737848640011918901248.000000
843 836006064180797855936544768.000000
844 837391962983832003224272896.000000
845 838738230224467836278931456.000000
846 840044667484453277085466624.000000
847 841311082009291891239026688.000000
848 842537286755635549953851392.000000
849 843723100437321394235113472.000000
850 844868347570038670123597824.000000
851 845972858514605781242871808.000000
852 847036469518846563532668928.000000
853 848059022758051213639417856.000000
854 849040366374003866461011968.000000
855 849980354512569125264424960.000000
856 850878847359818852678500352.000000
857 851735711176691251102613504.000000
858 852550818332167526563184640.000000
859 853324047334955140901765120.000000
860 854055282863667756690046976.000000
861 854744415795489505365983232.000000
862 855391343233315057375903744.000000
863 855995968531356011034836992.000000
864 856558201319203567061434368.000000
865 857077957524340067084009472.000000
866 857555159393091287219437568.000000
867 857989735510012889655148544.000000
868 858381620815701548946423808.000000
869 858730756623028691444695040.000000
870 859037090631788464080683008.000000
871 859300576941754160066330624.000000
872 859521176064140627614367744.000000
873 859698854931469225701670912.000000
874 859833586905826805661302784.000000
875 859925351785523528966602752.000000
876 859974135810139625602678784.000000
877 859979931663965903388672000.000000
878 859942738477830861425213440.000000
879 859862561829318118518816768.000000
880 859739413741373469388439552.000000
881 859573312679298819875143680.000000
882 859364283546138086396133376.000000
883 859112357676454922204217344.000000
884 858817572828503507403276288.000000
885 858479973174797900277874688.000000
886 858099609291078575547482112.000000
887 857676538143686869783674880.000000
888 857210823075343485699620864.000000
889 856702533789344661768241152.000000
890 856151746332173670706839552.000000
891 855558543074538779383431168.000000
892 854923012690843167702908928.000000
893 854245250137092716348047360.000000
894 853525356627250871785226240.000000
895 852763439608046910726733824.000000
896 851959612732250110994415616.000000
897 851113995830413677075365888.000000
898 850226714881103676093497344.000000
899 849297901979619856144662528.000000
900 848327695305219891867418624.000000
901 847316239086860113950015488.000000
902 846263683567461930983489536.000000
903 845170184966718512189931520.000000
904 844035905442454100531740672.000000
905 842861013050548188268724224.000000
906 841645681703439948125831168.000000
907 840390091127226389088960512.000000
908 839094426817370317186400256.000000
909 837758879993029508689035264.000000
910 836383647550029498278739968.000000
911 834968932012489602911698944.000000
912 833514941483122384902815744.000000
913 832021889592222909466673152.000000
914 830489995445365801217949696.000000
915 828919483569825355355127808.000000
916 827310583859742205588537344.000000
917 825663531520049330635407360.000000
918 823978567009181176220876800.000000
919 822255935980582660137287680.000000
920 820495889223039775716409344.000000
921 818698682599851172607033344.000000
922 816864576986860368628285440.000000
923 814993838209372232198651904.000000
924 813086736977972289599438848.000000
925 811143548823273183767429120.000000
926 809164554029606701436502016.000000
927 807150037567688718979956736.000000
928 805100289026273834505863168.000000
929 803015602542828685824622592.000000
930 800896276733241546474782720.000000
931 798742614620596237353615360.000000
932 796554923563030557478617088.000000
933 794333515180705897036906496.000000
934 792078705281911672222515200.000000
935 789790813788326984410988544.000000
936 787470164659467266339897344.000000
937 785117085816339829673164800.000000
938 782731909064331678571298816.000000
939 780314970015357901691944960.000000
940 777866608009293457487036416.000000
941 775387166034716665220956160.000000
942 772876990648987079137034240.000000
943 770336431897687432586330112.000000
944 767765843233453016740790272.000000
945 765165581434214882169847808.000000
946 762536006520885725460692992.000000
947 759877481674512375260119040.000000
948 757190373152923052723404800.000000
949 754475050206893870503952384.000000
950 751731884995865356609257472.000000
951 748961252503231543111581696.000000
952 746163530451231306527277056.000000
953 743339099215468073265922048.000000
954 740488341739083453794615296.000000
955 737611643446615454404050944.000000
956 734709392157563256808931328.000000
957 731781977999690726297829376.000000
958 728829793322090226348195840.000000
959 725853232608039862494298112.000000
960 722852692387675046169018368.000000
961 719828571150505439722995712.000000
962 716781269257801746754830336.000000
963 713711188854880797615718400.000000
964 710618733783314906050723840.000000
965 707504309493090785744125952.000000
966 704368322954747163826978816.000000
967 701211182571514868285833216.000000
968 698033298091488388891803648.000000
969 694835080519851451638349824.000000
970 691616942031186843257536512.000000
971 688379295881892613486280704.000000
972 685122556322732830068047872.000000
973 681847138511547075745808384.000000
974 678553458426145762720088064.000000
975 675241932777412567609901056.000000
976 671912978922645048120049664.000000
977 668567014779152270551416832.000000
978 665204458738137898017619968.000000
979 661825729578891829112209408.000000
980 658431246383313339331641344.000000
981 655021428450792388410998784.000000
982 651596695213469846854434816.000000
983 648157466151902067866730496.000000
984 644704160711152619552243712.000000
985 641237198217332068102176768.000000
986 637756997794612062810275840.000000
987 634263978282732002297774080.000000
988 630758558155023983031877632.000000
989 627241155436974309518606336.000000
990 623712187625346167742660608.000000
991 620172071607882703307800576.000000
992 616621223583610707803897856.000000
993 613060058983767384669552640.000000
994 609488992393368748808994816.000000
995 605908437473440138367336448.000000
996 602318806883928080117661696.000000
997 598720512207311993999196160.000000
998 595113963872936146491146240.000000
999 591499571082077589582381056.000000
1000 587877741733771388374745088.000000
1001 584248882351407705849069568.000000
1002 580613398010119299052601344.000000
1003 576971692264977431210754048.000000
1004 573324167080009806219575296.000000
1005 569671222758060385447706624.000000
1006 566013257871502631719927808.000000
1007 562350669193825353216294912.000000
1008 558683851632102967036870656.000000
1009 555013198160367499740184576.000000
1010 551339099753893388691177472.000000
1011 547661945324411164576186368.000000
1012 543982121656262590749212672.000000
1013 540300013343509422756855808.000000
1014 536616002728009463217782784.000000
1015 532930469838469670222430208.000000
1016 529243792330492330891018240.000000
1017 525556345427619179172724736.000000
1018 521868501863390637755203584.000000
1019 518180631824425269325725696.000000
1020 514493102894533043640336384.000000
1021 510806279999869567226609664.000000
1022 507120525355141446202556416.000000
1023 503436198410870959829417984.000000
1024 499753655801728291135553536.000000
1025 496073251295939286070722560.000000
1026 492395335745775475699482624.000000
1027 488720257039133920576143360.000000
1028 485048360052212855895752704.000000
1029 481379986603289390893498368.000000
1030 477715475407604210294849536.000000
1031 474055162033360424642019328.000000
1032 470399378858837462849945600.000000
1033 466748455030629765157486592.000000
1034 463102716423008146170052608.000000
1035 459462485598412143050358784.000000
1036 455828081769073761174159360.000000
1037 452199820759776259383230464.000000
1038 448578014971749555383566336.000000
1039 444962973347704931348381696.000000
1040 441355001338008696128536576.000000
1041 437754400867998927238987776.000000
1042 434161470306441513050046464.000000
1043 430576504435130442985766912.000000
1044 426999794419627329207664640.000000
1045 423431627781143733196554240.000000
1046 419872288369562792539193344.000000
1047 416322056337598842249674752.000000
1048 412781208116094961906089984.000000
1049 409250016390453706958569472.000000
1050 405728750078201230367129600.000000
1051 402217674307679297011187712.000000
1052 398717050397863610322780160.000000
1053 395227135839304602852786176.000000
1054 391748184276185811687309312.000000
1055 388280445489495784265089024.000000
1056 384824165381309803744198656.000000
1057 381379585960175180445646848.000000
1058 377946945327594611815743488.000000
1059 374526477665603006702288896.000000
1060 371118413225430558399528960.000000
1061 367722978317246431464783872.000000
1062 364340395300976052920123392.000000
1063 360970882578184723574554624.000000
1064 357614654585021021116432384.000000
1065 354271921786210786566209536.000000
1066 350942890670095784214528000.000000
1067 347627763744707895355244544.000000
1068 344326739534868881489264640.000000
1069 341040012580310219441045504.000000
1070 337767773434800501443002368.000000
1071 334510208666273115923283968.000000
1072 331267500857944863148081152.000000
1073 328039828610413754687946752.000000
1074 324827366544727887809871872.000000
1075 321630285306413575045120000.000000
1076 318448751570454138998226944.000000
1077 315282928047206109538156544.000000
1078 312132973489243271364345856.000000
1079 308999042699117910428745728.000000
1080 305881286538025961995108352.000000
1081 302779851935365992932179968.000000
1082 299694881899180507728445440.000000
1083 296626515527465078418833408.000000
1084 293574888020336055653761024.000000
1085 290540130693043323173601280.000000
1086 287522370989814145634795520.000000
1087 284521732498518901377728512.000000
1088 281538334966141417187966976.000000
1089 278572294315044902799409152.000000
1090 275623722660018023257079808.000000
1091 272692728326087777561083904.000000
1092 269779415867087982317010944.000000
1093 266883886084966764639158272.000000
1094 264006236049822103550033920.000000
1095 261146559120649923634135040.000000
1096 258304944966791684245422080.000000
1097 255481479590067582934188032.000000
1098 252676245347580701485039616.000000
1099 249889320975178866066718720.000000
1100 247120781611559412446527488.000000
1101 244370698823002700057149440.000000
1102 241639140628720253063397376.000000
1103 238926171526802822460866560.000000
1104 236231852520754797109837824.000000
1105 233556241146599192584519680.000000
1106 230899391500539645740974080.000000
1107 228261354267164915194134528.000000
1108 225642176748180769419034624.000000
1109 223041902891655209343254528.000000
1110 220460573321761975865180160.000000
1111 217898225369008151726129152.000000
1112 215354893100931426646228992.000000
1113 212830607353251529482043392.000000
1114 210325395761462392748244992.000000
1115 207839282792849690700283904.000000
1116 205372289778919560406106112.000000
1117 202924434948223868558376960.000000
1118 200495733459567764735787008.000000
1119 198086197435584677706465280.000000
1120 195695835996664942158675968.000000
1121 193324655295223006293393408.000000
1122 190972658550289682541838336.000000
1123 188639846082414391842570240.000000
1124 186326215348864138619125760.000000
1125 184031760979104510490181632.000000
1126 181756474810548443420819456.000000
1127 179500345924559901772742656.000000
1128 177263360682697354968563712.000000
1129 175045502763183925350105088.000000
1130 172846753197590703853535232.000000
1131 170667090407718974209916928.000000
1132 168506490242668529488756736.000000
1133 166364926016078268369731584.000000
1134 164242368543526014442012672.000000
1135 162138786180074639269560320.000000
1136 160054144857950195571228672.000000
1137 157988408124341546435739648.000000
1138 155941537179305650732138496.000000
1139 153913490913768574751342592.000000
1140 151904225947608194125660160.000000
1141 149913696667805993182167040.000000
1142 147941855266657121232486400.000000
1143 145988651780024532406894592.000000
1144 144054034125627571126140928.000000
1145 142137948141350829818904576.000000
1146 140240337623563177121808384.000000
1147 138361144365435171171729408.000000
1148 136500308195242351045640192.000000
1149 134657767014645129218621440.000000
1150 132833456836932056540774400.000000
1151 131027311825217405941972992.000000
1152 129239264330580911517073408.000000
1153 127469244930140214063529984.000000
1154 125717182465044605638279168.000000
1155 123983004078380297788325888.000000
1156 122266635252977867606196224.000000
1157 120567999849109907241435136.000000
1158 118887020142071764402307072.000000
1159 117223616859633347939270656.000000
1160 115577709219355109382684672.000000
1161 113949214965756191706185728.000000
1162 112338050407328320044662784.000000
1163 110744130453385143625187328.000000
1164 109167368650738473336045568.000000
1165 107607677220193426294702080.000000
1166 106064967092853835940495360.000000
1167 104539147946230042092109824.000000
1168 103030128240140625654054912.000000
1169 101537815252401078585524224.000000
1170 100062115114291540751548416.000000
1171 98602932845795597837402112.000000
1172 97160172390604625588256768.000000
1173 95733736650878059647336448.000000
1174 94323527521756034759655424.000000
1175 92929445925614583636033536.000000
1176 91551391846059444107476992.000000
1177 90189264361650520290492416.000000
1178 88842961679351912522055680.000000
1179 87512381167701571829497856.000000
1180 86197419389693758527242240.000000
1181 84897972135370954865901568.000000
1182 83613934454117311814041600.000000
1183 82345200686650743754588160.000000
1184 81091664496707091205980160.000000
1185 79853218902412760975409152.000000
1186 78629756307340294646398976.000000
1187 77421168531242914030813184.000000
1188 76227346840464109395247104.000000
1189 75048181978017107911114752.000000
1190 73883564193331894456156160.000000
1191 72733383271664441828048896.000000
1192 71597528563166088785821696.000000
1193 70475889011608521843671040.000000
1194 69368353182761749477064704.000000
1195 68274809292422337141932032.000000
1196 67195145234088020456505344.000000
1197 66129248606277124587782144.000000
1198 65077006739489749005762560.000000
1199 64038306722808166394888192.000000
1200 63013035430134631836418048.000000
1201 62001079546064471957962752.000000
1202 61002325591392418235678720.000000
1203 60016659948250569541419008.000000
1204 59043968884876540825829376.000000
1205 58084138580010002641059840.000000
1206 57137055146917061747277824.000000
1207 56202604657040266599858176.000000
1208 55280673163274847602606080.000000
1209 54371146722868400398270464.000000
1210 53473911419945395175817216.000000
1211 52588853387654441820225536.000000
1212 51715858829938499883368448.000000
1213 50854814042928050555846656.000000
1214 50005605435956448955727872.000000
1215 49168119552198264188043264.000000
1216 48342243088929816901058560.000000
1217 47527862917413288728854528.000000
1218 46724866102403707835514880.000000
1219 45933139921280073281306624.000000
1220 45152571882801202326405120.000000
1221 44383049745486481060790272.000000
1222 43624461535623236347232256.000000
1223 42876695564901055494881280.000000
1224 42139640447674591261753344.000000
1225 41413185117855651050029056.000000
1226 40697218845436451489841152.000000
1227 39991631252644983304355840.000000
1228 39296312329734204443066368.000000
1229 38611152450406788060151808.000000
1230 37936042386876907101618176.000000
1231 37270873324571336128856064.000000
1232 36615536876471128804032512.000000
1233 35969925097096585456648192.000000
1234 35333930496137091279224832.000000
1235 34707446051728268988514304.000000
1236 34090365223378722284896256.000000
1237 33482581964548577723154432.000000
1238 32883990734882324665597952.000000
1239 32294486512098603312349184.000000
1240 31713964803539277271007232.000000
1241 31142321657380689768611840.000000
1242 30579453673509478622822400.000000
1243 30025258014066355881377792.000000
1244 29479632413659973843681280.000000
1245 28942475189254304848412672.000000
1246 28413685249732433930092544.000000
1247 27893162105139599023013888.000000
1248 27380805875608751477620736.000000
1249 26876517299971780805394432.000000
1250 26380197744059573338112000.000000
1251 25891749208694095962177536.000000
1252 25411074337375850707550208.000000
1253 24938076423670110395301888.000000
1254 24472659418295195223982080.000000
1255 24014727935916316462940160.000000
1256 23564187261648264312651776.000000
1257 23120943357270826877452288.000000
1258 22684902867160062691901440.000000
1259 22255973123939038868275200.000000
1260 21834062153852097904246784.000000
1261 21419078681865578023485440.000000
1262 21010932136499166052352000.000000
1263 20609532654391327396462592.000000
1264 20214791084602575508471808.000000
1265 19826618992660300288753664.000000
1266 19444928664348771781443584.000000
1267 19069633109248324222844928.000000
1268 18700646064027250905317376.000000
1269 18337881995490253852377088.000000
1270 17981256103387322365509632.000000
1271 17630684322986779211726848.000000
1272 17286083327416274023088128.000000
1273 16947370529775621591007232.000000
1274 16614464085025180874702848.000000
1275 16287282891653842057822208.000000
1276 15965746593130100576747520.000000
1277 15649775579140317666869248.000000
1278 15339290986617959882948608.000000
1279 15034214700567500528025600.000000
1280 14734469354686884968660992.000000
1281 14439978331792401684758528.000000
1282 14150665764049755805057024.000000
1283 13866456533015088192290816.000000
1284 13587276269489711059304448.000000
1285 13313051353192481421262848.000000
1286 13043708912253344994557952.000000
1287 12779176822532064189349888.000000
1288 12519383706765587644416000.000000
1289 12264258933548019116670976.000000
1290 12013732616146741958279168.000000
1291 11767735611158382115815424.000000
1292 11526199517008395665145856.000000
1293 11289056672297734035734528.000000
1294 11056240154000420182687744.000000
1295 10827683775515402960896000.000000
1296 10603322084576486452363264.000000
1297 10383090361023727270887424.000000
1298 10166924614439868961914880.000000
1299 9954761581655348255653888.000000
1300 9746538724125285524963328.000000
1301 9542194225181961993846784.000000
1302 9341666987166140213493760.000000
1303 9144896628440650894802944.000000
1304 8951823480289605835554816.000000
1305 8762388583706492527443968.000000
1306 8576533686074569236938752.000000
1307 8394201237742678706225152.000000
1308 8215334388499833769951232.000000
1309 8039876983951651158097920.000000
1310 7867773561801923429924864.000000
1311 7698969348042333368614912.000000
1312 7533410253053471932547072.000000
1313 7371042867620193083850752.000000
1314 7211814458864369953406976.000000
1315 7055672966097931044126720.000000
1316 6902566996599229120512000.000000
1317 6752445821315624707555328.000000
1318 6605259370495122098618368.000000
1319 6460958229249912951799808.000000
1320 6319493633054636383404032.000000
1321 6180817463182122591191040.000000
1322 6044882242079296845774848.000000
1323 5911641128685952900792320.000000
1324 5781047913699052259115008.000000
1325 5653057014785130570448896.000000
1326 5527623471743359149670400.000000
1327 5404702941621843964985344.000000
1328 5284251693789575867531264.000000
1329 5166226604966533880872960.000000
1330 5050585154214310224855040.000000
1331 4937285417889638633177088.000000
1332 4826286064563159742545920.000000
1333 4717546349905671968784384.000000
1334 4611026111544152792498176.000000
1335 4506685763889749477556224.000000
1336 4404486292939886169161728.000000
1337 4304389251056623580872704.000000
1338 4206356751723336612970496.000000
1339 4110351464281831079149568.000000
1340 4016336608651787179655168.000000
1341 3924275950034585399590912.000000
1342 3834133793603443809583104.000000
1343 3745874979181671728807936.000000
1344 3659464875910982686212096.000000
1345 3574869376911623858421760.000000
1346 3492054893936124259991552.000000
1347 3410988352018348534398976.000000
1348 3331637184119589901959168.000000
1349 3253969325773369248841728.000000
1350 3177953209730503188414464.000000
1351 3103557760606066740035584.000000
1352 3030752389529785539231744.000000
1353 2959506988801365649653760.000000
1354 2889791926552199790854144.000000
1355 2821578041414917250088960.000000
1356 2754836637202176026869760.000000
1357 2689539477596015228354560.000000
1358 2625658780849132441436160.000000
1359 2563167214499355781234688.000000
1360 2502037890098587295023104.000000
1361 2442244357957384342077440.000000
1362 2383760601906421537177600.000000
1363 2326561034075963102593024.000000
1364 2270620489694434402762752.000000
1365 2215914221907221969633280.000000
1366 2162417896616715899371520.000000
1367 2110107587344646082134016.000000
1368 2058959770117652325859328.000000
1369 2008951318377094201737216.000000
1370 1960059497913969268490240.000000
1371 1912261961829893695078400.000000
1372 1865536745524945756356608.000000
1373 1819862261713226094870528.000000
1374 1775217295466962872172544.000000
1375 1731580999289880948244480.000000
1376 1688932888220622678654976.000000
1377 1647252834966898128977920.000000
1378 1606521065071093240299520.000000
1379 1566718152107941536202752.000000
1380 1527825012914935023271936.000000
1381 1489822902856050616041472.000000
1382 1452693411119383986569216.000000
1383 1416418456049233883561984.000000
1384 1380980280513164128288768.000000
1385 1346361447304543114100736.000000
1386 1312544834581049630523392.000000
1387 1279513631339564039667712.000000
1388 1247251332927915103879168.000000
1389 1215741736593848879022080.000000
1390 1184968937071618702704640.000000
1391 1154917322206564168237056.000000
1392 1125571568617983892783104.000000
1393 1096916637400647019266048.000000
1394 1068937769865235509805056.000000
1395 1041620483317954661842944.000000
1396 1014950566879606857531392.000000
1397 988914077344346515963904.000000
1398 963497335078299052802048.000000
1399 938686919958294700228608.000000
1400 914469667350830332772352.000000
1401 890832664131456196411392.000000
1402 867763244744718403239936.000000
1403 845248987304753023156224.000000
1404 823277709736670016831488.000000
1405 801837465958793850388480.000000
1406 780916542105821860855808.000000
1407 760503452792980768817152.000000
1408 740586937421201605132288.000000
1409 721155956523329023639552.000000
1410 702199688151401909714944.000000
1411 683707524304971864473600.000000
1412 665669067400446948147200.000000
1413 648074126781443636985856.000000
1414 630912715270070221144064.000000
1415 614175045759110505037824.000000
1416 597851527845021306847232.000000
1417 581932764501655441899520.000000
1418 566409548794628115791872.000000
1419 551272860636209219633152.000000
1420 536513863580618315530240.000000
1421 522123901659607757488128.000000
1422 508094496258179932880896.000000
1423 494417343030293468020736.000000
1424 481084308854402839478272.000000
1425 468087428828651136745472.000000
1426 455418903305548405407744.000000
1427 443071094965947062026240.000000
1428 431036525932104531312640.000000
1429 419307874919650368159744.000000
1430 407877974428233586704384.000000
1431 396739807970624509313024.000000
1432 385886507340061755834368.000000
1433 375311349915597680934912.000000
1434 365007756005201003151360.000000
1435 354969286226378187866112.000000
1436 345189638924056355930112.000000
1437 335662647625460087783424.000000
1438 326382278531736101978112.000000
1439 317342628046034622742528.000000
1440 308537920337786584432640.000000
1441 299962504942894513651712.000000
1442 291610854399541608710144.000000
1443 283477561919345816240128.000000
1444 275557339093554096504832.000000
1445 267845013633980793094144.000000
1446 260335527148395935301632.000000
1447 253023932950049772797952.000000
1448 245905393901032324464640.000000
1449 238975180289155885170688.000000
1450 232228667738043132674048.000000
1451 225661335150109181083648.000000
1452 219268762682117773590528.000000
1453 213046629752986404913152.000000
1454 206990713083525196677120.000000
1455 201096884767776162447360.000000
1456 195361110375633692655616.000000
1457 189779447086409943351296.000000
1458 184348041853027166978048.000000
1459 179063129596492314050560.000000
1460 173921031430333897113600.000000
1461 168918152914665539108864.000000
1462 164050982339534487814144.000000
1463 159316089037239785357312.000000
1464 154710121723262805213184.000000
1465 150229806865496993169408.000000
1466 145871947081429289009152.000000
1467 141633419562941258137600.000000
1468 137511174528400680288256.000000
1469 133502233701702363512832.000000
1470 129603688817930759307264.000000
1471 125812700155305412001792.000000
1472 122126495093084318072832.000000
1473 118542366695084148129792.000000
1474 115057672318494621827072.000000
1475 111669832247654662275072.000000
1476 108376328352456211693568.000000
1477 105174702771058652479488.000000
1478 102062556616576913637376.000000
1479 99037548707424529022976.000000
1480 96097394320986857275392.000000
1481 93239863970299807531008.000000
1482 90462782203418021724160.000000
1483 87764026425149585620992.000000
1484 85141525740842410573824.000000
1485 82593259821907511869440.000000
1486 80117257792763721678848.000000
1487 77711597138895051948032.000000
1488 75374402635709733142528.000000
1489 73103845297893612191744.000000
1490 70898141348955265433600.000000
1491 68755551210656860471296.000000
1492 66674378512032124108800.000000
1493 64652969117691976613888.000000
1494 62689710175124457521152.000000
1495 60783029180691675873280.000000
1496 58931393064035208396800.000000
1497 57133307290602291855360.000000
1498 55387314982003218055168.000000
1499 53691996053920062373888.000000
1500 52045966371284704034816.000000
1501 50447876920446159945728.000000
1502 48896412998054795280384.000000
1503 47390293416387752755200.000000
1504 45928269724846930264064.000000
1505 44509125447361901887488.000000
1506 43131675335431896956928.000000
1507 41794764636546907766784.000000
1508 40497268377727048613888.000000
1509 39238090663924162625536.000000
1510 38016163991033263161344.000000
1511 36830448573261602095104.000000
1512 35679931684608291110912.000000
1513 34563627014210128445440.000000
1514 33480574035309275119616.000000
1515 32429837387606549069824.000000
1516 31410506272761584812032.000000
1517 30421693862807108321280.000000
1518 29462536721246904647680.000000
1519 28532194236609610121216.000000
1520 27629848068232826585088.000000
1521 26754701604056601722880.000000
1522 25905979430206301011968.000000
1523 25082926812148487159808.000000
1524 24284809187207361331200.000000
1525 23510911668229995757568.000000
1526 22760538558193305911296.000000
1527 22033012875548126347264.000000
1528 21327675890097050353664.000000
1529 20643886669208603328512.000000
1530 19981021634169858424832.000000
1531 19338474126484384514048.000000
1532 18715653983924689829888.000000
1533 18111987126151143227392.000000
1534 17526915149711437463552.000000
1535 16959894932238914027520.000000
1536 16410398245669098749952.000000
1537 15877911378297320636416.000000
1538 15361934765503480332288.000000
1539 14861982628971401969664.000000
1540 14377582624233953951744.000000
1541 13908275496377594675200.000000
1542 13453614743741483974656.000000
1543 13013166289451063705600.000000
1544 12586508160626277220352.000000
1545 12173230175108563206144.000000
1546 11772933635552904740864.000000
1547 11385231030733741490176.000000
1548 11009745743915658510336.000000
1549 10646111768143110078464.000000
1550 10293973428304764469248.000000
1551 9952985109831404748800.000000
1552 9622810993888090652672.000000
1553 9303124798923983552512.000000
1554 8993609528445433282560.000000
1555 8693957224880331030528.000000
1556 8403868729403822309376.000000
1557 8123053447597990608896.000000
1558 7851229120820293926912.000000
1559 7588121603157444788224.000000
1560 7333464643844236640256.000000
1561 7086999675028334706688.000000
1562 6848475604764461105152.000000
1563 6617648615123759136768.000000
1564 6394281965305722830848.000000
1565 6178145799642377355264.000000
1566 5969016960386674458624.000000
1567 5766678805178504708096.000000
1568 5570921029084240674816.000000
1569 5381539491107441737728.000000
1570 5198336045070196670464.000000
1571 5021118374766722416640.000000
1572 4849699833292550832128.000000
1573 4683899286454461267968.000000
1574 4523540960168235237376.000000
1575 4368454291753197371392.000000
1576 4218473785033918775296.000000
1577 4073438869161651470336.000000
1578 3933193761069502824448.000000
1579 3797587331477127823360.000000
1580 3666472974362495418368.000000
1581 3539708479819604295680.000000
1582 3417155910223196061696.000000
1583 3298681479622572376064.000000
1584 3184155436288400424960.000000
1585 3073451948338151686144.000000
1586 2966448992366963458048.000000
1587 2863028245012465844224.000000
1588 2763074977383507820544.000000
1589 2666477952284262662144.000000
1590 2573129324166406209536.000000
1591 2482924541743717679104.000000
1592 2395762253204678508544.000000
1593 2311544213960054800384.000000
1594 2230175196863787696128.000000
1595 2151562904846792916992.000000
1596 2075617885904616554496.000000
1597 2002253450381141737472.000000
1598 1931385590491744567296.000000
1599 1862932902030600306688.000000
1600 1796816508207999746048.000000
1601 1732959985564683337728.000000
1602 1671289291911479689216.000000
1603 1611732696243513065472.000000
1604 1554220710579536658432.000000
1605 1498686023677867982848.000000
1606 1445063436581667602432.000000
1607 1393289799947215962112.000000
1608 1343303953109947777024.000000
1609 1295046664844058034176.000000
1610 1248460575772347203584.000000
1611 1203490142384194846720.000000
1612 1160081582620289925120.000000
1613 1118182822983806222336.000000
1614 1077743447138620801024.000000
1615 1038714645956092755968.000000
1616 1001049168972738330624.000000
1617 964701277222163709952.000000
1618 929626697405280813056.000000
1619 895782577363848265728.000000
1620 863127442823087128576.000000
1621 831621155369988390912.000000
1622 801224871634667962368.000000
1623 771901003642968735744.000000
1624 743613180309215248384.000000
1625 716326210038776463360.000000
1626 690006044410843234304.000000
1627 664619742912510296064.000000
1628 640135438695990820864.000000
1629 616522305331428720640.000000
1630 593750524528484941824.000000
1631 571791254800492789760.000000
1632 550616601045661843456.000000
1633 530199585020377038848.000000
1634 510514116680338112512.000000
1635 491534966365794205696.000000
1636 473237737807789031424.000000
1637 455598841932868681728.000000
1638 438595471444274249728.000000
1639 422205576158208655360.000000
1640 406407839074285912064.000000
1641 391181653159800537088.000000
1642 376507098827983421440.000000
1643 362364922090906386432.000000
1644 348736513368173903872.000000
1645 335603886933057863680.000000
1646 322949660978166431744.000000
1647 310757038283219337216.000000
1648 299009787467942461440.000000
1649 287692224813531168768.000000
1650 276789196636577923072.000000
1651 266286062199750918144.000000
1652 256168677143950098432.000000
1653 246423377427041943552.000000
1654 237036963754681729024.000000
1655 227996686489101762560.000000
1656 219290231022130757632.000000
1657 210905703599056715776.000000
1658 202831617580314886144.000000
1659 195056880128318275584.000000
1660 187570779307099389952.000000
1661 180362971582742102016.000000
1662 173423469712934141952.000000
1663 166742631014254018560.000000
1664 160311145996136087552.000000
1665 154120027350750035968.000000
1666 148160599288312332288.000000
1667 142424487207656505344.000000
1668 136903607692143575040.000000
1669 131590158821275811840.000000
1670 126476610788644814848.000000
1671 121555696817095589888.000000
1672 116820404362240704512.000000
1673 112263966595711991808.000000
1674 107879854159765766144.000000
1675 103661767185097900032.000000
1676 99603627563948736512.000000
1677 95699571470799962112.000000
1678 91943942123183833088.000000
1679 88331282775332388864.000000
1680 84856329937599528960.000000
