0 277832253510.918152
1 289175237164.528320
2 300963110555.503113
3 313212553833.394470
4 325940841098.670654
5 339165860312.227722
6 352906133825.173828
7 367180839546.487610
8 382009832766.584229
9 397413668655.302368
10 413413625453.239380
11 430031728375.858093
12 447290774250.263062
13 465214356905.006348
14 483826893333.808044
15 503153650654.556946
16 523220773885.477417
17 544055314560.887573
18 565685260209.470337
19 588139564718.567871
20 611448179608.527100
21 635642086241.706055
22 660753328991.313110
23 686815049395.860352
24 713861521325.558472
25 741928187187.646484
26 771051695198.214966
27 801269937748.729492
28 832622090896.114746
29 865148655005.851685
30 898891496578.286011
31 933893891288.913696
32 970200568274.189575
33 1007857755695.020874
34 1046913227610.843872
35 1087416352197.916138
36 1129418141346.114014
37 1172971301669.351074
38 1218130286965.406250
39 1264951352161.750000
40 1313492608784.715332
41 1363814081990.131104
42 1415977769194.374268
43 1470047700345.510498
44 1526089999875.121582
45 1584172950372.156006
46 1644367058021.002441
47 1706745119846.887451
48 1771382292812.438965
49 1838356164810.276855
50 1907746827597.249756
51 1979636951716.903564
52 2054111863457.640381
53 2131259623894.939453
54 2211171110066.990723
55 2293940098333.908691
56 2379663349971.795410
57 2468440699053.750000
58 2560375142670.939941
59 2655572933547.878906
60 2754143675106.895996
61 2856200419037.961426
62 2961859765430.903809
63 3071241965528.119141
64 3184471027156.896973
65 3301674822901.534180
66 3422985201076.381836
67 3548538099562.154297
68 3678473662568.721680
69 3812936360388.811035
70 3952075112208.041016
71 4096043412037.786621
72 4244999457838.588867
73 4399106283902.646484
74 4558531896565.369141
75 4723449413316.802734
76 4894037205384.924805
77 5070479043864.111328
78 5252964249462.759766
79 5441687845945.780273
80 5636850717348.131836
81 5838659769037.327148
82 6047328092703.455078
83 6263075135356.857422
84 6486126872414.219727
85 6716715984955.531250
86 6955082041235.070312
87 7201471682530.900391
88 7456138813418.496094
89 7719344796555.217773
90 7991358652063.407227
91 8272457261601.205078
92 8562925577211.204102
93 8863056835037.974609
94 9173152774007.027344
95 9493523859558.546875
96 9824489512530.400391
97 10166378343286.220703
98 10519528391185.123047
99 10884287369490.951172
100 11261012915819.843750
101 11650072848226.134766
102 12051845427027.359375
103 12466719622470.595703
104 12895095388342.890625
105 13337383941629.902344
106 13794008048327.619141
107 14265402315513.179688
108 14752013489781.470703
109 15254300762155.560547
110 15772736079579.394531
111 16307804463102.396484
112 16860004332866.429688
113 17429847840006.296875
114 18017861205575.707031
115 18624585066611.804688
116 19250574829451.535156
117 19896401030414.164062
118 20562649703965.000000
119 21249922758475.796875
120 21958838359697.937500
121 22690031322065.472656
122 23444153507945.238281
123 24221874234951.136719
124 25023880691442.308594
125 25850878360322.406250
126 26703591451259.628906
127 27582763341447.292969
128 28489157025023.464844
129 29423555571270.757812
130 30386762591715.128906
131 31379602716245.035156
132 32402922078370.027344
133 33457588809739.457031
134 34544493544041.804688
135 35664549930404.015625
136 36818695156411.226562
137 38007890480865.828125
138 39233121776406.453125
139 40495400082103.984375
140 41795762166154.898438
141 43135271098788.632812
142 44515016835506.914062
143 45936116810771.750000
144 47399716542257.500000
145 48906990245782.937500
146 50459141461037.257812
147 52057403688212.343750
148 53703041035654.492188
149 55397348878646.718750
150 57141654529429.757812
151 58937317918571.570312
152 60785732287791.601562
153 62688324894345.078125
154 64646557727070.757812
155 66661928234204.765625
156 68735970063059.226562
157 70870253811664.765625
158 73066387792472.812500
159 75326018808210.218750
160 77650832939979.015625
161 80042556347689.828125
162 82502956082914.750000
163 85033840914244.046875
164 87637062165228.218750
165 90314514564981.828125
166 93068137111525.562500
167 95899913947938.203125
168 98811875251385.828125
169 101806098135094.671875
170 104884707563329.109375
171 108049877279430.562500
172 111303830746974.250000
173 114648842104091.703125
174 118087237131004.250000
175 121621394230811.437500
176 125253745423568.406250
177 128986777353687.171875
178 132823032310687.734375
179 136765109263322.234375
180 140815664907090.343750
181 144977414725157.812500
182 149253134062684.843750
183 153645659214566.843750
184 158157888526582.593750
185 162792783509939.468750
186 167553369969200.343750
187 172442739143569.312500
188 177464048861507.625000
189 182620524708643.843750
190 187915461208936.625000
191 193352223019042.843750
192 198934246135830.375000
193 204665039116977.406250
194 210548184314583.437500
195 216587339121716.031250
196 222786237231805.968750
197 229148689910795.250000
198 235678587281938.812500
199 242379899623145.375000
200 249256678676740.781250
201 256313058971523.500000
202 263553259156976.781250
203 270981583349491.187500
204 278602422490440.968750
205 286420255715950.375000
206 294439651738173.250000
207 302665270237905.312500
208 311101863268330.125000
209 319754276669697.312500
210 328627451494714.687500
211 337726425444431.500000
212 347056334314375.875000
213 356622413450695.062500
214 366429999216044.875000
215 376484530464953.937500
216 386791550028386.562500
217 397356706207201.375000
218 408185754274213.500000
219 419284557984530.687500
220 430659091093842.312500
221 442315438884314.437500
222 454259799697740.375000
223 466498486475576.062500
224 479037928305482.375000
225 491884671973979.812500
226 505045383524811.312500
227 518526849822589.812500
228 532335980121301.187500
229 546479807637214.062500
230 560965491125733.625000
231 575800316461726.875000
232 590991698222831.625000
233 606547181275240.375000
234 622474442361453.250000
235 638781291689446.000000
236 655475674522738.875000
237 672565672770769.875000
238 690059506579022.000000
239 707965535918302.125000
240 726292262172562.625000
241 745048329724654.750000
242 764242527539365.000000
243 783883790743091.375000
244 803981202199486.500000
245 824543994080389.000000
246 845581549431336.750000
247 867103403730959.625000
248 889119246443511.750000
249 911638922563799.000000
250 934672434153749.500000
251 958229941869833.375000
252 982321766480561.875000
253 1006958390373226.625000
254 1032150459049091.000000
255 1057908782606158.125000
256 1084244337208684.500000
257 1111168266542558.250000
258 1138691883255648.500000
259 1166826670382235.250000
260 1195584282750594.250000
261 1224976548372796.750000
262 1255015469815788.000000
263 1285713225552764.000000
264 1317082171293882.250000
265 1349134841295292.750000
266 1381883949645489.750000
267 1415342391527962.250000
268 1449523244459083.500000
269 1484439769500213.250000
270 1520105412442908.250000
271 1556533804966188.250000
272 1593738765764740.500000
273 1631734301646950.000000
274 1670534608601643.750000
275 1710154072832395.750000
276 1750607271758238.000000
277 1791908974979627.000000
278 1834074145208472.000000
279 1877117939161032.750000
280 1921055708412500.250000
281 1965903000212026.250000
282 2011675558256976.500000
283 2058389323425185.750000
284 2106060434463943.250000
285 2154705228634459.500000
286 2204340242310547.750000
287 2254982211530230.500000
288 2306648072498985.000000
289 2359354962043332.500000
290 2413120218013463.500000
291 2467961379633569.500000
292 2523896187798586.000000
293 2580942585315991.500000
294 2639118717091326.000000
295 2698442930256109.500000
296 2758933774236788.000000
297 2820610000763351.500000
298 2883490563816289.000000
299 2947594619510485.000000
300 3012941525914726.000000
301 3079550842805412.000000
302 3147442331353128.500000
303 3216635953740684.000000
304 3287151872711264.500000
305 3359010451045303.500000
306 3432232250964709.500000
307 3506838033463056.000000
308 3582848757560402.500000
309 3660285579481334.000000
310 3739169851754864.500000
311 3819523122234864.000000
312 3901367133039610.000000
313 3984723819409151.000000
314 4069615308479096.500000
315 4156063917969534.000000
316 4244092154787695.500000
317 4333722713543092.500000
318 4424978474973762.000000
319 4517882504282359.000000
320 4612458049380770.000000
321 4708728539041986.000000
322 4806717580957949.000000
323 4906448959702128.000000
324 5007946634595588.000000
325 5111234737475299.000000
326 5216337570363519.000000
327 5323279603036998.000000
328 5432085470494915.000000
329 5542779970324289.000000
330 5655388059961826.000000
331 5769934853851017.000000
332 5886445620493444.000000
333 6004945779393186.000000
334 6125460897893319.000000
335 6248016687903459.000000
336 6372639002517364.000000
337 6499353832519642.000000
338 6628187302780614.000000
339 6759165668538410.000000
340 6892315311567452.000000
341 7027662736232456.000000
342 7165234565427121.000000
343 7305057536396753.000000
344 7447158496444075.000000
345 7591564398517463.000000
346 7738302296680999.000000
347 7887399341465655.000000
348 8038882775101014.000000
349 8192779926626984.000000
350 8349118206884961.000000
351 8507925103387989.000000
352 8669228175069438.000000
353 8833055046909859.000000
354 8999433404441629.000000
355 9168390988131072.000000
356 9339955587637866.000000
357 9514155035951448.000000
358 9691017203404300.000000
359 9870569991561984.000000
360 10052841326989900.000000
361 10237859154896726.000000
362 10425651432654576.000000
363 10616246123196020.000000
364 10809671188288050.000000
365 11005954581683294.000000
366 11205124242148622.000000
367 11407208086371566.000000
368 11612234001744894.000000
369 11820229839029744.000000
370 12031223404897898.000000
371 12245242454353632.000000
372 12462314683035916.000000
373 12682467719401478.000000
374 12905729116789634.000000
375 13132126345369560.000000
376 13361686783970968.000000
377 13594437711799092.000000
378 13830406300034970.000000
379 14069619603322128.000000
380 14312104551140790.000000
381 14557887939070800.000000
382 14806996419944566.000000
383 15059456494891332.000000
384 15315294504274208.000000
385 15574536618521464.000000
386 15837208828853598.000000
387 16103336937907780.000000
388 16372946550261520.000000
389 16646063062857092.000000
390 16922711655328770.000000
391 17202917280234590.000000
392 17486704653194870.000000
393 17774098242939228.000000
394 18065122261264572.000000
395 18359800652905944.000000
396 18658157085322732.000000
397 18960214938402512.000000
398 19265997294084880.000000
399 19575526925907904.000000
400 19888826288479656.000000
401 20205917506877536.000000
402 20526822365978052.000000
403 20851562299719900.000000
404 21180158380303176.000000
405 21512631307327656.000000
406 21849001396873180.000000
407 22189288570525176.000000
408 22533512344348548.000000
409 22881691817813036.000000
410 23233845662673524.000000
411 23589992111808456.000000
412 23950148948019956.000000
413 24314333492799076.000000
414 24682562595059776.000000
415 25054852619845296.000000
416 25431219437010548.000000
417 25811678409884416.000000
418 26196244383915752.000000
419 26584931675306928.000000
420 26977754059639000.000000
421 27374724760492496.000000
422 27775856438067864.000000
423 28181161177809780.000000
424 28590650479039612.000000
425 29004335243600112.000000
426 29422225764516888.000000
427 29844331714680884.000000
428 30270662135556408.000000
429 30701225425919156.000000
430 31136029330628768.000000
431 31575080929440572.000000
432 32018386625861084.000000
433 32465952136052056.000000
434 32917782477787672.000000
435 33373881959469856.000000
436 33834254169206328.000000
437 34298901963956424.000000
438 34767827458749512.000000
439 35241032015980924.000000
440 35718516234790504.000000
441 36200279940528584.000000
442 36686322174314608.000000
443 37176641182693432.000000
444 37671234407394240.000000
445 38170098475197472.000000
446 38673229187914696.000000
447 39180621512486624.000000
448 39692269571204568.000000
449 40208166632060352.000000
450 40728305099230064.000000
451 41252676503696776.000000
452 41781271494017496.000000
453 42314079827239536.000000
454 42851090359971648.000000
455 43392291039614992.000000
456 43937668895759552.000000
457 44487210031750600.000000
458 45040899616431136.000000
459 45598721876065072.000000
460 46160660086446512.000000
461 46726696565200400.000000
462 47296812664279576.000000
463 47870988762663416.000000
464 48449204259263408.000000
465 49031437566040480.000000
466 49617666101339320.000000
467 50207866283444768.000000
468 50802013524365272.000000
469 51400082223848224.000000
470 52002045763632504.000000
471 52607876501942704.000000
472 53217545768230240.000000
473 53831023858165856.000000
474 54448280028888576.000000
475 55069282494515624.000000
476 55693998421917904.000000
477 56322393926765904.000000
478 56954434069850192.000000
479 57590082853681240.000000
480 58229303219372936.000000
481 58872057043813832.000000
482 59518305137130760.000000
483 60168007240448816.000000
484 60821122023951576.000000
485 61477607085246064.000000
486 62137418948035832.000000
487 62800513061106392.000000
488 63466843797626568.000000
489 64136364454769368.000000
490 64809027253656096.000000
491 65484783339626952.000000
492 66163582782841616.000000
493 66845374579213040.000000
494 67530106651677456.000000
495 68217725851803800.000000
496 68908177961745312.000000
497 69601407696536200.000000
498 70297358706736016.000000
499 70995973581424320.000000
500 71697193851547912.000000
501 72400959993623200.000000
502 73107211433795792.000000
503 73815886552259040.000000
504 74526922688034048.000000
505 75240256144112400.000000
506 75955822192963456.000000
507 76673555082407856.000000
508 77393388041858240.000000
509 78115253288928784.000000
510 78839082036414336.000000
511 79564804499640320.000000
512 80292349904183936.000000
513 81021646493967392.000000
514 81752621539723872.000000
515 82485201347836016.000000
516 83219311269547712.000000
517 83954875710548624.000000
518 84691818140931856.000000
519 85430061105523936.000000
520 86169526234586960.000000
521 86910134254892144.000000
522 87651805001164080.000000
523 88394457427894656.000000
524 89138009621525440.000000
525 89882378812997312.000000
526 90627481390666048.000000
527 91373232913581952.000000
528 92119548125131664.000000
529 92866340967040800.000000
530 93613524593734336.000000
531 94361011387053424.000000
532 95108712971325248.000000
533 95856540228783920.000000
534 96604403315339488.000000
535 97352211676691664.000000
536 98099874064785568.000000
537 98847298554606112.000000
538 99594392561307200.000000
539 100341062857672368.000000
540 101087215591903024.000000
541 101832756305730096.000000
542 102577589952845056.000000
543 103321620917646016.000000
544 104064753034294224.000000
545 104806889606076464.000000
546 105547933425068416.000000
547 106287786792094016.000000
548 107026351536975664.000000
549 107763529039069920.000000
550 108499220248083312.000000
551 109233325705162496.000000
552 109965745564252944.000000
553 110696379613720560.000000
554 111425127298229504.000000
555 112151887740870736.000000
556 112876559765534192.000000
557 113599041919518384.000000
558 114319232496370976.000000
559 115037029558952880.000000
560 115752330962719392.000000
561 116465034379211344.000000
562 117175037319748512.000000
563 117882237159318528.000000
564 118586531160653216.000000
565 119287816498485280.000000
566 119985990283977232.000000
567 120680949589314784.000000
568 121372591472456848.000000
569 122060813002033824.000000
570 122745511282386208.000000
571 123426583478735040.000000
572 124103926842475872.000000
573 124777438736587728.000000
574 125447016661148384.000000
575 126112558278947360.000000
576 126773961441187680.000000
577 127431124213267872.000000
578 128083944900634704.000000
579 128732322074698080.000000
580 129376154598798896.000000
581 130015341654220448.000000
582 130649782766234464.000000
583 131279377830172176.000000
584 131904027137511360.000000
585 132523631401969568.000000
586 133138091785594416.000000
587 133747309924841408.000000
588 134351187956629296.000000
589 134949628544364128.000000
590 135542534903921728.000000
591 136129810829579296.000000
592 136711360719886448.000000
593 137287089603465872.000000
594 137856903164734048.000000
595 138420707769532416.000000
596 138978410490658832.000000
597 139529919133290416.000000
598 140075142260287248.000000
599 140613989217367776.000000
600 141146370158146176.000000
601 141672196069021776.000000
602 142191378793911296.000000
603 142703831058814080.000000
604 143209466496200608.000000
605 143708199669215296.000000
606 144199946095683584.000000
607 144684622271914080.000000
608 145162145696286688.000000
609 145632434892616640.000000
610 146095409433286240.000000
611 146550989962134176.000000
612 146999098217093824.000000
613 147439657052571488.000000
614 147872590461555488.000000
615 148297823597447136.000000
616 148715282795605216.000000
617 149124895594594784.000000
618 149526590757132416.000000
619 149920298290718528.000000
620 150305949467949248.000000
621 150683476846498912.000000
622 151052814288765856.000000
623 151413896981172544.000000
624 151766661453112800.000000
625 152111045595538304.000000
626 152446988679176768.000000
627 152774431372373664.000000
628 153093315758551328.000000
629 153403585353277376.000000
630 153705185120935552.000000
631 153998061490992192.000000
632 154282162373851968.000000
633 154557437176295424.000000
634 154823836816492992.000000
635 155081313738588064.000000
636 155329821926844448.000000
637 155569316919350976.000000
638 155799755821278336.000000
639 156021097317682464.000000
640 156233301685849056.000000
641 156436330807173920.000000
642 156630148178574592.000000
643 156814718923427712.000000
644 156990009802028800.000000
645 157155989221568480.000000
646 157312627245622208.000000
647 157459895603148992.000000
648 157597767696995360.000000
649 157726218611900832.000000
650 157845225122002176.000000
651 157954765697832320.000000
652 158054820512811840.000000
653 158145371449229632.000000
654 158226402103710688.000000
655 158297897792168576.000000
656 158359845554240224.000000
657 158412234157201408.000000
658 158455054099361600.000000
659 158488297612935808.000000
660 158511958666393184.000000
661 158526032966280960.000000
662 158530517958522720.000000
663 158525412829190880.000000
664 158510718504753120.000000
665 158486437651791744.000000
666 158452574676197568.000000
667 158409135721837280.000000
668 158356128668695744.000000
669 158293563130493504.000000
670 158221450451780992.000000
671 158139803704510048.000000
672 158048637684084864.000000
673 157947968904893472.000000
674 157837815595322048.000000
675 157718197692253856.000000
676 157589136835055360.000000
677 157450656359052032.000000
678 157302781288496448.000000
679 157145538329031744.000000
680 156978955859653664.000000
681 156803063924174496.000000
682 156617894222192512.000000
683 156423480099570720.000000
684 156219856538429088.000000
685 156007060146653888.000000
686 155785129146929440.000000
687 155554103365296128.000000
688 155314024219239744.000000
689 155064934705317216.000000
690 154806879386323776.000000
691 154539904378006944.000000
692 154264057335333056.000000
693 153979387438311648.000000
694 153685945377384096.000000
695 153383783338382240.000000
696 153072954987063328.000000
697 152753515453227840.000000
698 152425521314426528.000000
699 152089030579263616.000000
700 151744102670302720.000000
701 151390798406583392.000000
702 151029179985754048.000000
703 150659310965830304.000000
704 150281256246584736.000000
705 149895082050576640.000000
706 149500855903829056.000000
707 149098646616161440.000000
708 148688524261185184.000000
709 148270560155971008.000000
710 147844826840396000.000000
711 147411398056178688.000000
712 146970348725610624.000000
713 146521754929993344.000000
714 146065693887788960.000000
715 145602243932493376.000000
716 145131484490241216.000000
717 144653496057150784.000000
718 144168360176418688.000000
719 143676159415173280.000000
720 143176977341095296.000000
721 142670898498815952.000000
722 142158008386101152.000000
723 141638393429831408.000000
724 141112140961786960.000000
725 140579339194247248.000000
726 140040077195414816.000000
727 139494444864672448.000000
728 138942532907684048.000000
729 138384432811348016.000000
730 137820236818613184.000000
731 137250037903167120.000000
732 136673929744006112.000000
733 136092006699896768.000000
734 135504363783738944.000000
735 134911096636839424.000000
736 134312301503106480.000000
737 133708075203174608.000000
738 133098515108469472.000000
739 132483719115222096.000000
740 131863785618443024.000000
741 131238813485864688.000000
742 130608902031862816.000000
743 129974150991365648.000000
744 129334660493760672.000000
745 128690531036808416.000000
746 128041863460572720.000000
747 127388758921376672.000000
748 126731318865793664.000000
749 126069645004682832.000000
750 125403839287277728.000000
751 124734003875337952.000000
752 124060241117372144.000000
753 123382653522941632.000000
754 122701343737053472.000000
755 122016414514651808.000000
756 121327968695216080.000000
757 120636109177474896.000000
758 119940938894243584.000000
759 119242560787394720.000000
760 118541077782969024.000000
761 117836592766435200.000000
762 117129208558107024.000000
763 116419027888725328.000000
764 115706153375212640.000000
765 114990687496608928.000000
766 114272732570194880.000000
767 113552390727811456.000000
768 112829763892382112.000000
769 112104953754645552.000000
770 111378061750105728.000000
771 110649189036206016.000000
772 109918436469734960.000000
773 109185904584469376.000000
774 108451693569062000.000000
775 107715903245180080.000000
776 106978633045900400.000000
777 106239981994368016.000000
778 105500048682723424.000000
779 104758931251304864.000000
780 104016727368130864.000000
781 103273534208668640.000000
782 102529448435893808.000000
783 101784566180646256.000000
784 101038983022287488.000000
785 100292793969663904.000000
786 99546093442381072.000000
787 98798975252393216.000000
788 98051532585912240.000000
789 97303857985640704.000000
790 96556043333332448.000000
791 95808179832684880.000000
792 95060357992566384.000000
793 94312667610582816.000000
794 93565197756985600.000000
795 92818036758925392.000000
796 92071272185053872.000000
797 91324990830476336.000000
798 90579278702058192.000000
799 89834221004087296.000000
800 89089902124294944.000000
801 88346405620237216.000000
802 87603814206038784.000000
803 86862209739501072.000000
804 86121673209576416.000000
805 85382284724209104.000000
806 84644123498545728.000000
807 83907267843514656.000000
808 83171795154776576.000000
809 82437781902046320.000000
810 81705303618786912.000000
811 80974434892276208.000000
812 80245249354046256.000000
813 79517819670695824.000000
814 78792217535075808.000000
815 78068513657847616.000000
816 77346777759413872.000000
817 76627078562221216.000000
818 75909483783434480.000000
819 75194060127981472.000000
820 74480873281967296.000000
821 73769987906457424.000000
822 73061467631627936.000000
823 72355375051281792.000000
824 71651771717729696.000000
825 70950718137033456.000000
826 70252273764610656.000000
827 69556497001198384.000000
828 68863445189173784.000000
829 68173174609229672.000000
830 67485740477402704.000000
831 66801196942451472.000000
832 66119597083582264.000000
833 65440992908519696.000000
834 64765435351919288.000000
835 64092974274119312.000000
836 63423658460228672.000000
837 62757535619547696.000000
838 62094652385318800.000000
839 61435054314803344.000000
840 60778785889681584.000000
841 60125890516771792.000000
842 59476410529065192.000000
843 58830387187072896.000000
844 58187860680480784.000000
845 57548870130108800.000000
846 56913453590170248.000000
847 56281648050827264.000000
848 55653489441038192.000000
849 55029012631692712.000000
850 54408251439030088.000000
851 53791238628336544.000000
852 53178005917917152.000000
853 52568583983337456.000000
854 51963002461930696.000000
855 51361289957565576.000000
856 50763474045670056.000000
857 50169581278506544.000000
858 49579637190693216.000000
859 48993666304967176.000000
860 48411692138184112.000000
861 47833737207549744.000000
862 47259823037077920.000000
863 46689970164270488.000000
864 46124198147013816.000000
865 45562525570686752.000000
866 45004970055475248.000000
867 44451548263887952.000000
868 43902275908468336.000000
869 43357167759697464.000000
870 42816237654082688.000000
871 42279498502426768.000000
872 41746962298272496.000000
873 41218640126517232.000000
874 40694542172192360.000000
875 40174677729402352.000000
876 39659055210418200.000000
877 39147682154919936.000000
878 38640565239383120.000000
879 38137710286603832.000000
880 37639122275357256.000000
881 37144805350184368.000000
882 36654762831301672.000000
883 36168997224628864.000000
884 35687510231929004.000000
885 35210302761056348.000000
886 34737374936306596.000000
887 34268726108864348.000000
888 33804354867342968.000000
889 33344259048411532.000000
890 32888435747504048.000000
891 32436881329605860.000000
892 31989591440112412.000000
893 31546561015755352.000000
894 31107784295591160.000000
895 30673254832047464.000000
896 30242965502022376.000000
897 29816908518031884.000000
898 29395075439400844.000000
899 28977457183492716.000000
900 28564044036973676.000000
901 28154825667106380.000000
902 27749791133068944.000000
903 27348928897294716.000000
904 26952226836828460.000000
905 26559672254694600.000000
906 26171251891273280.000000
907 25786951935679992.000000
908 25406758037144640.000000
909 25030655316385976.000000
910 24658628376977348.000000
911 24290661316699716.000000
912 23926737738878280.000000
913 23566840763698548.000000
914 23210953039498344.000000
915 22859056754031896.000000
916 22511133645702448.000000
917 22167165014759780.000000
918 21827131734459144.000000
919 21491014262178192.000000
920 21158792650488564.000000
921 20830446558178716.000000
922 20505955261225016.000000
923 20185297663707664.000000
924 19868452308668544.000000
925 19555397388908016.000000
926 19246110757717592.000000
927 18940569939545728.000000
928 18638752140593916.000000
929 18340634259340396.000000
930 18046192896988796.000000
931 17755404367839140.000000
932 17468244709578810.000000
933 17184689693490924.000000
934 16904714834577888.000000
935 16628295401597776.000000
936 16355406427011366.000000
937 16086022716837766.000000
938 15820118860416446.000000
939 15557669240073830.000000
940 15298648040692446.000000
941 15043029259180872.000000
942 14790786713842676.000000
943 14541894053642618.000000
944 14296324767368614.000000
945 14054052192687814.000000
946 13815049525095302.000000
947 13579289826754102.000000
948 13346746035225138.000000
949 13117390972085714.000000
950 12891197351435568.000000
951 12668137788289214.000000
952 12448184806853440.000000
953 12231310848689190.000000
954 12017488280756676.000000
955 11806689403342946.000000
956 11598886457871114.000000
957 11394051634590474.000000
958 11192157080146854.000000
959 10993174905032564.000000
960 10797077190915400.000000
961 10603835997846226.000000
962 10413423371344662.000000
963 10225811349362516.000000
964 10040971969124712.000000
965 9858877273847320.000000
966 9679499319332600.000000
967 9502810180440848.000000
968 9328781957439018.000000
969 9157386782225966.000000
970 8988596824434458.000000
971 8822384297409905.000000
972 8658721464065995.000000
973 8497580642617373.000000
974 8338934212189561.000000
975 8182754618306406.000000
976 8029014378255348.000000
977 7877686086330858.000000
978 7728742418956450.000000
979 7582156139685698.000000
980 7437900104082763.000000
981 7295947264482911.000000
982 7156270674633634.000000
983 7018843494216934.000000
984 6883638993253460.000000
985 6750630556389115.000000
986 6619791687064935.000000
987 6491096011570872.000000
988 6364517282984398.000000
989 6240029384994644.000000
990 6117606335612979.000000
991 5997222290770883.000000
992 5878851547806052.000000
993 5762468548837649.000000
994 5648047884031683.000000
995 5535564294757503.000000
996 5424992676636446.000000
997 5316308082483665.000000
998 5209485725144216.000000
999 5104500980224482.000000
1000 5001329388720091.000000
1001 4899946659541416.000000
1002 4800328671937830.000000
1003 4702451477821913.000000
1004 4606291303994768.000000
1005 4511824554273683.000000
1006 4419027811523356.500000
1007 4327877839591927.500000
1008 4238351585153072.500000
1009 4150426179455433.500000
1010 4064078939980660.500000
1011 3979287372011369.500000
1012 3896029170110320.500000
1013 3814282219512121.500000
1014 3734024597428790.000000
1015 3655234574270511.500000
1016 3577890614782935.500000
1017 3501971379102327.000000
1018 3427455723729986.500000
1019 3354322702427235.500000
1020 3282551567032371.500000
1021 3212121768200944.500000
1022 3143012956070724.000000
1023 3075204980852738.000000
1024 3008677893349749.500000
1025 2943411945403545.500000
1026 2879387590272425.500000
1027 2816585482940243.000000
1028 2754986480358398.500000
1029 2694571641622129.500000
1030 2635322228082492.500000
1031 2577219703395389.500000
1032 2520245733508990.500000
1033 2464382186590944.000000
1034 2409611132896698.500000
1035 2355914844580289.000000
1036 2303275795448956.000000
1037 2251676660662889.750000
1038 2201100316381488.250000
1039 2151529839357383.000000
1040 2102948506479610.000000
1041 2055339794267189.000000
1042 2008687378314440.750000
1043 1962975132689304.750000
1044 1918187129285951.500000
1045 1874307637132968.750000
1046 1831321121658342.250000
1047 1789212243912540.250000
1048 1747965859750876.750000
1049 1707567018976430.250000
1050 1668000964444697.000000
1051 1629253131131206.000000
1052 1591309145163276.500000
1053 1554154822817092.750000
1054 1517776169481266.250000
1055 1482159378588036.750000
1056 1447290830513260.250000
1057 1413157091446282.250000
1058 1379744912230843.250000
1059 1347041227178084.250000
1060 1315033152852755.250000
1061 1283707986833687.250000
1062 1253053206449581.000000
1063 1223056467491155.250000
1064 1193705602900683.500000
1065 1164988621439918.000000
1066 1136893706337409.250000
1067 1109409213916187.625000
1068 1082523672202786.250000
1069 1056225779518535.625000
1070 1030504403054081.875000
1071 1005348577428032.125000
1072 980747503230639.125000
1073 956690545553405.750000
1074 933167232505483.750000
1075 910167253717715.250000
1076 887680458835167.250000
1077 865696855998970.875000
1078 844206610318287.375000
1079 823200042333167.250000
1080 802667626469116.750000
1081 782599989484091.250000
1082 762987908908692.000000
1083 743822311480276.875000
1084 725094271571703.000000
1085 706795009615405.625000
1086 688915890523481.125000
1087 671448422104457.375000
1088 654384253477387.750000
1089 637715173483916.000000
1090 621433109098922.750000
1091 605530123840368.625000
1092 589998416178917.125000
1093 574830317947915.250000
1094 560018292754293.562500
1095 545554934390927.875000
1096 531432965251001.250000
1097 517645234744868.437500
1098 504184717719946.312500
1099 491044512884094.312500
1100 478217841232980.937500
1101 465698044481880.625000
1102 453478583502352.500000
1103 441553036764236.437500
1104 429915098783380.937500
1105 418558578575509.000000
1106 407477398116617.687500
1107 396665590810284.625000
1108 386117299962255.937500
1109 375826777262660.312500
1110 365788381276195.937500
1111 355996575940620.500000
1112 346445929073853.375000
1113 337131110890001.250000
1114 328046892524598.125000
1115 319188144569338.437500
1116 310549835616575.125000
1117 302127030813837.750000
1118 293914890428622.312500
1119 285908668423683.687500
1120 278103711043058.062500
1121 270495455409031.062500
1122 263079428130253.406250
1123 255851243921198.875000
1124 248806604233149.343750
1125 241941295896880.531250
1126 235251189777210.750000
1127 228732239439571.312500
1128 222380479828741.375000
1129 216192025959883.937500
1130 210163071622012.656250
1131 204289888094005.218750
1132 198568822873276.562500
1133 192996298417212.156250
1134 187568810897455.437500
1135 182282928967135.000000
1136 177135292541110.750000
1137 172122611589308.000000
1138 167241664943202.375000
1139 162489299115512.812500
1140 157862427133149.437500
1141 153358027383458.437500
1142 148973142473799.875000
1143 144704878104485.406250
1144 140550401955098.968750
1145 136506942584214.953125
1146 132571788342525.046875
1147 128742286299377.437500
1148 125015841182724.421875
1149 121389914332474.328125
1150 117862022667231.968750
1151 114429737664411.687500
1152 111090684353699.250000
1153 107842540323833.593750
1154 104683034742678.031250
1155 101609947390541.375000
1156 98621107706708.375000
1157 95714393849133.453125
1158 92887731767247.171875
1159 90139094287821.640625
1160 87466500213836.390625
1161 84868013436283.484375
1162 82341742058846.781250
1163 79885837535385.046875
1164 77498493820149.703125
1165 75177946530658.687500
1166 72922472123151.140625
1167 70730387080539.812500
1168 68600047112777.882812
1169 66529846369554.382812
1170 64518216665227.078125
1171 62563626715903.906250
1172 60664581388576.578125
1173 58819620962212.132812
1174 57027320400703.039062
1175 55286288637577.039062
1176 53595167872363.085938
1177 51952632878511.476562
1178 50357390322761.054688
1179 48808178095848.273438
1180 47303764654448.273438
1181 45842948374239.085938
1182 44424556913977.609375
1183 43047446590475.421875
1184 41710501764360.570312
1185 40412634236512.453125
1186 39152782655052.570312
1187 37929911932777.109375
1188 36743012674913.539062
1189 35591100617084.031250
1190 34473216073357.597656
1191 33388423394273.117188
1192 32335810434713.000000
1193 31314488031509.503906
1194 30323589490663.242188
1195 29362270084054.289062
1196 28429706555525.566406
1197 27525096636219.136719
1198 26647658569043.941406
1199 25796630642156.015625
1200 24971270731330.257812
1201 24170855851104.132812
1202 23394681714573.113281
1203 22642062301718.902344
1204 21912329436150.171875
1205 21204832370137.695312
1206 20518937377824.679688
1207 19854027356494.285156
1208 19209501435776.531250
1209 18584774594677.195312
1210 17979277286312.257812
1211 17392455070231.458984
1212 16823768252215.539062
1213 16272691531432.261719
1214 15738713654837.019531
1215 15221337078704.396484
1216 14720077637178.302734
1217 14234464217728.095703
1218 13764038443400.126953
1219 13308354361753.898438
1220 12866978140373.724609
1221 12439487768846.808594
1222 12025472767100.574219
1223 11624533899991.873047
1224 11236282898042.714844
1225 10860342184217.322266
1226 10496344606636.601562
1227 10143933177127.412109
1228 9802760815504.191406
1229 9472490099482.613281
1230 9152793020125.048828
1231 8843350742719.199219
1232 8543853372992.166016
1233 8253999728563.199219
1234 7973497115539.719727
1235 7702061110162.086914
1236 7439415345403.545898
1237 7185291302433.357422
1238 6939428106851.890625
1239 6701572329607.493164
1240 6471477792506.347656
1241 6248905378227.595703
1242 6033622844756.947266
1243 5825404644153.283203
1244 5624031745564.021484
1245 5429291462405.735352
1246 5240977283628.174805
1247 5058888708980.599609
1248 4882831088200.533203
1249 4712615464046.360352
1250 4548058419096.181641
1251 4388981926236.392578
1252 4235213202764.745605
1253 4086584568033.751465
1254 3942933304561.269531
1255 3804101522536.385254
1256 3669936027649.729004
1257 3540288192178.477539
1258 3415013829257.441406
1259 3293973070268.698730
1260 3177030245283.238281
