0 1450686443970755358097408.000000
1 1509894635355189555494912.000000
2 1571456234709598534107136.000000
3 1635462150201386811260928.000000
4 1702006694138239256625152.000000
5 1771187706161869023608832.000000
6 1843106680734170023460864.000000
7 1917868899059231218466816.000000
8 1995583565588997190189056.000000
9 2076363949265156111859712.000000
10 2160327529654672387211264.000000
11 2247596148141269427683328.000000
12 2338296164340496752181248.000000
13 2432558617910997755625472.000000
14 2530519395940279418617856.000000
15 2632319406088825201491968.000000
16 2738104755681998908948480.000000
17 2848026936945479975436288.000000
18 2962243018585468179578880.000000
19 3080915843921961017147392.000000
20 3204214235789258318151680.000000
21 3332313208424665880461312.000000
22 3465394186573496853725184.000000
23 3603645232045140228440064.000000
24 3747261277962475535335424.000000
25 3896444370954308257054720.000000
26 4051403921548131000385536.000000
27 4212356963028613101256704.000000
28 4379528419035096157257728.000000
29 4553151380180038078955520.000000
30 4733467389978586535428096.000000
31 4920726740388759663017984.000000
32 5115188777270621815963648.000000
33 5317122216082021556420608.000000
34 5526805468138390656385024.000000
35 5744526977774029627195392.000000
36 5970585570752349073309696.000000
37 6205290814282728661319680.000000
38 6448963389013506920546304.000000
39 6701935473380233670819840.000000
40 6964551140700922602061824.000000
41 7237166769421048457723904.000000
42 7520151466923564914966528.000000
43 7813887507331164632252416.000000
44 8118770783741026349613056.000000
45 8435211275345313046462464.000000
46 8763633529903936209682432.000000
47 9104477162050490478886912.000000
48 9458197367925600956710912.000000
49 9825265456647157573484544.000000
50 10206169399141938986221568.000000
51 10601414394878034175852544.000000
52 11011523457053757496360960.000000
53 11437038016814606727512064.000000
54 11878518547087345739366400.000000
55 12336545206635873370636288.000000
56 12811718504963356028305408.000000
57 13304659988700733049405440.000000
58 13816012950142686928568320.000000
59 14346443158609131340824576.000000
60 14896639615331884312035328.000000
61 15467315332584295029014528.000000
62 16059208137793752665161728.000000
63 16673081503397879138484224.000000
64 17309725403226734094974976.000000
65 17969957196215260448555008.000000
66 18654622538274443899174912.000000
67 19364596323172571353710592.000000
68 20100783653301198209941504.000000
69 20864120841226693893947392.000000
70 21655576442953375632326656.000000
71 22476152323849466931052544.000000
72 23326884758215453279518720.000000
73 24208845563499290491355136.000000
74 25123143270195713168900096.000000
75 26070924328490302644944896.000000
76 27053374352742573284524032.000000
77 28071719404932443750268928.000000
78 29127227318222853863636992.000000
79 30221209061827502858567680.000000
80 31355020148402225609179136.000000
81 32530062085213243928739840.000000
82 33747783870371934179950592.000000
83 35009683535457436410314752.000000
84 36317309735887922450661376.000000
85 37672263390438247068860416.000000
86 39076199371337938614878208.000000
87 40530828246424730164264960.000000
88 42037918074868023743741952.000000
89 43599296258017353562849280.000000
90 45216851446974838806151168.000000
91 46892535508532333557841920.000000
92 48628365551156703470288896.000000
93 50426426012757219143057408.000000
94 52288870812009411691675648.000000
95 54217925565061894068240384.000000
96 56215889869497869111656448.000000
97 58285139657478278584729600.000000
98 60428129620036239430254592.000000
99 62647395704556013353959424.000000
100 64945557687511554463891456.000000
101 67325321824604258824093696.000000
102 69789483580492599806394368.000000
103 72340930440360303683174400.000000
104 74982644805633843765706752.000000
105 77717706976220959798722560.000000
106 80549298221696738874359808.000000
107 83480703943937255249281024.000000
108 86515316933755742030135296.000000
109 89656640724170527677087744.000000
110 92908293042997698999877632.000000
111 96274009367532473900072960.000000
112 99757646584151642992541696.000000
113 103363186755749153832173568.000000
114 107094740999982693190991872.000000
115 110956553481393046491758592.000000
116 114953005520528244809400320.000000
117 119088619823294171588853760.000000
118 123368064833826487470653440.000000
119 127796159214262397578510336.000000
120 132377876454887250588598272.000000
121 137118349618198785023803392.000000
122 142022876220545276892413952.000000
123 147096923255059744768917504.000000
124 152346132359727336099151872.000000
125 157776325134504863408848896.000000
126 163393508611518987895832576.000000
127 169203880882453883863957504.000000
128 175213836887363977666887680.000000
129 181429974369228581251317760.000000
130 187859099998691907564732416.000000
131 194508235673518404194533376.000000
132 201384624997432000329547776.000000
133 208495739943094551754833920.000000
134 215849287704118750164811776.000000
135 223453217741104152848629760.000000
136 231315729026833560310382592.000000
137 239445277495869636285038592.000000
138 247850583703931783623999488.000000
139 256540640702544718155743232.000000
140 265524722134609405654597632.000000
141 274812390556656634616086528.000000
142 284413505993695127062708224.000000
143 294338234732696862768234496.000000
144 304597058360917632665780224.000000
145 315200783055387588963598336.000000
146 326160549130061796790501376.000000
147 337487840847263419466776576.000000
148 349194496500224414864900096.000000
149 361292718773673309182623744.000000
150 373795085389591069545463808.000000
151 386714560045405183760400384.000000
152 400064503652092097939374080.000000
153 413858685879794227275104256.000000
154 428111297018763982401437696.000000
155 442836960163594863206465536.000000
156 458050743728924522094526464.000000
157 473768174304937291607441408.000000
158 490005249861217971687391232.000000
159 506778453307669887756271616.000000
160 524104766421447725297958912.000000
161 542001684149030331539783680.000000
162 560487229292752738631811072.000000
163 579579967591364052838776832.000000
164 599299023204358723922296832.000000
165 619664094610073762545008640.000000
166 640695470927715447586422784.000000
167 662414048673785897723887616.000000
168 684841348963523024302112768.000000
169 707999535168284522899832832.000000
170 731911431039951833976012800.000000
171 756600539313783564685803520.000000
172 782091060801289494798008320.000000
173 808407913985045934343454720.000000
174 835576755127515862257369088.000000
175 863623998906349042383454208.000000
176 892576839588741079617241088.000000
177 922463272757854103259840512.000000
178 953312117604422848371228672.000000
179 985153039797132800307494912.000000
180 1018016574945452312821235712.000000
181 1051934152669056632551899136.000000
182 1086938121288156585081700352.000000
183 1123061773149423322049544192.000000
184 1160339370602481728914194432.000000
185 1198806172642255430114869248.000000
186 1238498462232734400423919616.000000
187 1279453574328163626431545344.000000
188 1321709924607825809573412864.000000
189 1365307038941070626620702720.000000
190 1410285583599493889642201088.000000
191 1456687396233535809942192128.000000
192 1504555517631154461131931648.000000
193 1553934224276535513530236928.000000
194 1604869061727200084077051904.000000
195 1657406878828219716740317184.000000
196 1711595862782638384780148736.000000
197 1767485575097615922118000640.000000
198 1825126988426051657517760512.000000
199 1884572524324079794227511296.000000
200 1945876091944999326666719232.000000
201 2009093127690743894731915264.000000
202 2074280635842353767817150464.000000
203 2141497230191350306029174784.000000
204 2210803176694386310955139072.000000
205 2282260437173801864549892096.000000
206 2355932714087435159948230656.000000
207 2431885496391202204995813376.000000
208 2510186106518661592344690688.000000
209 2590903748501946831093104640.000000
210 2674109557259278316472369152.000000
211 2759876649074392908165021696.000000
212 2848280173293970433553465344.000000
213 2939397365269418182052937728.000000
214 3033307600570052580479074304.000000
215 3130092450495059187516571648.000000
216 3229835738912274601111191552.000000
217 3332623600452148882688704512.000000
218 3438544540085990921720561664.000000
219 3547689494117996087853711360.000000
220 3660151892621090430228889600.000000
221 3776027723347166643332579328.000000
222 3895415597143035786146349056.000000
223 4018416814903564426647961600.000000
224 4145135436094533409997586432.000000
225 4275678348877812722858721280.000000
226 4410155341872551385733529600.000000
227 4548679177586207749029494784.000000
228 4691365667550169158341623808.000000
229 4838333749195022765492535296.000000
230 4989705564501535969163345920.000000
231 5145606540463599032750571520.000000
232 5306165471400347248537632768.000000
233 5471514603154981833211379712.000000
234 5641789719218914298695778304.000000
235 5817130228819980538309771264.000000
236 5997679257014526949174804480.000000
237 6183583736823572233541648384.000000
238 6374994503454166613915336704.000000
239 6572066390647441831787233280.000000
240 6774958329195958005550546944.000000
241 6983833447672974313896542208.000000
242 7198859175417852668221063168.000000
243 7420207347821727671268671488.000000
244 7648054313958683367450869760.000000
245 7882581046608383176739913728.000000
246 8123973254716706334458249216.000000
247 8372421498341755598864908288.000000
248 8628121306133282685649420288.000000
249 8891273295394526766978564096.000000
250 9162083294775825311090081792.000000
251 9440762469650691345543593984.000000
252 9727527450225088610634301440.000000
253 10022600462432232560358588416.000000
254 10326209461665267158553198592.000000
255 10638588269401678146806218752.000000
256 10959976712773307858784616448.000000
257 11290620767137406758227542016.000000
258 11630772701704518617180143616.000000
259 11980691228280081469019258880.000000
260 12340641653176703436636291072.000000
261 12710896032356403500793462784.000000
262 13091733329861355207716241408.000000
263 13483439579593496504286838784.000000
264 13886308050503678951482720256.000000
265 14300639415252384165029478400.000000
266 14726741922404505923214114816.000000
267 15164931572221784898316271616.000000
268 15615532296116808423556775936.000000
269 16078876139834565784439357440.000000
270 16555303450427006364617277440.000000
271 17045163067087921544230338560.000000
272 17548812515915952834750709760.000000
273 18066618208674230222794522624.000000
274 18598955645617200782100135936.000000
275 19146209622453710078036934656.000000
276 19708774441519546246868500480.000000
277 20287054127230107964040806400.000000
278 20881462645888268756416724992.000000
279 21492424129919717353843589120.000000
280 22120373106612612350649303040.000000
281 22765754731436529073988304896.000000
282 23429025026018055899121188864.000000
283 24110651120850663333525716992.000000
284 24811111502818081075783270400.000000
285 25530896267610462235649900544.000000
286 26270507377114223586744205312.000000
287 27030458921856943304493498368.000000
288 27811277388590184181700493312.000000
289 28613501933093312624232235008.000000
290 29437684658282667958914252800.000000
291 30284390897711755999666241536.000000
292 31154199504548233176892309504.000000
293 32047703146115101200627007488.000000
294 32965508604083769722449952768.000000
295 33908237080408702746949058560.000000
296 34876524509092515720535736320.000000
297 35871021873873543624763899904.000000
298 36892395531926171969025736704.000000
299 37941327543667925732659560448.000000
300 39018516008765697223435485184.000000
301 40124675408436660412872654848.000000
302 41260536954137770041400098816.000000
303 42426848942741574484884455424.000000
304 43624377118294021884373630976.000000
305 44853905040453391507416678400.000000
306 46116234459708277244576137216.000000
307 47412185699474898701586006016.000000
308 48742598045173566746864386048.000000
309 50108330140386646056694185984.000000
310 51510260390199459998897012736.000000
311 52949287371827034551174037504.000000
312 54426330252631407537636245504.000000
313 55942329215633226712441946112.000000
314 57498245892623612019273105408.000000
315 59095063804981791162451886080.000000
316 60733788812306568492475219968.000000
317 62415449568968561308838395904.000000
318 64141097988691096457158066176.000000
319 65911809717271266495744180224.000000
320 67728684613547032799422185472.000000
321 69592847238725938670731264000.000000
322 71505447354181654077834788864.000000
323 73467660427834847475129122816.000000
324 75480688149226092865607696384.000000
325 77545758953399480195942973440.000000
326 79664128553705208989389684736.000000
327 81837080483639516648123138048.000000
328 84065926647835015200813088768.000000
329 86352007882316322266396229632.000000
330 88696694524139619140637818880.000000
331 91101386990527784814213332992.000000
332 93567516367624057710574567424.000000
333 96096545008975618865633427456.000000
334 98689967143869063175109345280.000000
335 101349309495633919913991602176.000000
336 104076131910032336465218764800.000000
337 106872027993855378955421351936.000000
338 109738625763843835036411363328.000000
339 112677588306051773487009234944.000000
340 115690614445776252228123754496.000000
341 118779439428167506368187596800.000000
342 121945835609644608760794054656.000000
343 125191613160233151307079221248.000000
344 128518620776947230288044359680.000000
345 131928746408334957971641466880.000000
346 135423917990308059745584414720.000000
347 139006104193374866981638897664.000000
348 142677315181399305575934722048.000000
349 146439603382002164515054026752.000000
350 150295064268729883240345632768.000000
351 154245837155103782052684627968.000000
352 158294106000676240967522582528.000000
353 162442100229207085513982345216.000000
354 166692095559085136775470907392.000000
355 171046414846106636053192376320.000000
356 175507428938735290343802011648.000000
357 180077557545956317515653054464.000000
358 184759270117847618893761216512.000000
359 189555086738975690655520522240.000000
360 194467579034744239598457585664.000000
361 199499371090799226808942198784.000000
362 204653140385613167874816344064.000000
363 209931618736358605620347142144.000000
364 215337593258185350863397060608.000000
365 220873907337011547910705250304.000000
366 226543461615943863978615111680.000000
367 232349214995430948280631033856.000000
368 238294185647267746953325182976.000000
369 244381452042546691972024762368.000000
370 250614153993676235346311905280.000000
371 256995493710561444924999335936.000000
372 263528736871054537095406157824.000000
373 270217213705781005046316531712.000000
374 277064320097436903349214511104.000000
375 284073518694662419761596465152.000000
376 291248340040585500603977826304.000000
377 298592383716136051461651955712.000000
378 306109319498218990800772005888.000000
379 313802888532850970743208411136.000000
380 321676904523333315175429177344.000000
381 329735254933571055985436393472.000000
382 337981902206606325109611298816.000000
383 346420884998465603793735122944.000000
384 355056319427389649699991453696.000000
385 363892400338541521877055045632.000000
386 372933402584253854031957458944.000000
387 382183682319904955515067695104.000000
388 391647678315487353362924437504.000000
389 401329913282943858848957464576.000000
390 411234995219333927461904711680.000000
391 421367618765900047737405046784.000000
392 431732566583090383569364713472.000000
393 442334710741601212977089871872.000000
394 453179014129488069605388713984.000000
395 464270531875407229977542787072.000000
396 475614412788025475254259286016.000000
397 487215900811653015119062892544.000000
398 499080336498132224887425597440.000000
399 511213158495034127972837621760.000000
400 523619905050178738152236122112.000000
401 536306215532529293807901999104.000000
402 549277831969471220932428169216.000000
403 562540600600513472174894350336.000000
404 576100473447411890084527472640.000000
405 589963509900756745429610135552.000000
406 604135878322999399318709862400.000000
407 618623857667964532495386411008.000000
408 633433839116806213141079785472.000000
409 648572327730444887514360578048.000000
410 664045944118445535086082260992.000000
411 679861426124344939838527504384.000000
412 696025630527394089625110708224.000000
413 712545534760711059253521022976.000000
414 729428238645795682121334915072.000000
415 746680966143386236786984353792.000000
416 764311067120617897554410995712.000000
417 782326019134428202188436144128.000000
418 800733429231176744926059692032.000000
419 819541035762402111377557684224.000000
420 838756710216671160058593148928.000000
421 858388459067445918947023519744.000000
422 878444425636890269233344151552.000000
423 898932891975541262445986185216.000000
424 919862280757763020995757604864.000000
425 941241157192869224773859672064.000000
426 963078230951842548421905874944.000000
427 985382358109521007834703069184.000000
428 1008162543102153966291341279232.000000
429 1031427940700185655351353278464.000000
430 1055187857996171916398745878528.000000
431 1079451756407658181623132717056.000000
432 1104229253694905822972307570688.000000
433 1129530125993290243528372256768.000000
434 1155364309860247003055154790400.000000
435 1181741904336560782458895728640.000000
436 1208673173021861375485939810304.000000
437 1236168546164110534875319107584.000000
438 1264238622762926832053873803264.000000
439 1292894172686515891305659236352.000000
440 1322146138802030920980125188096.000000
441 1352005639119117110396957229056.000000
442 1382483968946450600525742211072.000000
443 1413592603061012789986907389952.000000
444 1445343197889876625979913273344.000000
445 1477747593704240434398080532480.000000
446 1510817816825472005724683894784.000000
447 1544566081842864854709976432640.000000
448 1579004793842863740924242952192.000000
449 1614146550649434065113804963840.000000
450 1650004145075326880430518435840.000000
451 1686590567183872475165133635584.000000
452 1723919006561058769654685630464.000000
453 1762002854597486388647684997120.000000
454 1800855706779955244422393757696.000000
455 1840491364992243529694517919744.000000
456 1880923839824803837787093598208.000000
457 1922167352892960108572011659264.000000
458 1964236339163231319939132424192.000000
459 2007145449287436554996566458368.000000
460 2050909551944108567041247543296.000000
461 2095543736186896649676207947776.000000
462 2141063313799442305492291944448.000000
463 2187483821656393039566998601728.000000
464 2234821024090020601224610447360.000000
465 2283090915262065653163885592576.000000
466 2332309721540290953996165709824.000000
467 2382493903879301982905394266112.000000
468 2433660160205115122148060430336.000000
469 2485825427803013467281123442688.000000
470 2539006885708122811564868763648.000000
471 2593221957098263355552469876736.000000
472 2648488311688451985942981378048.000000
473 2704823868126586467861540110336.000000
474 2762246796389692305618010898432.000000
475 2820775520180226179935951126528.000000
476 2880428719321765206782392664064.000000
477 2941225332153588310689290649600.000000
478 3003184557923444899224955650048.000000
479 3066325859177983917459066847232.000000
480 3130668964150111447481818546176.000000
481 3196233869142729665622474489856.000000
482 3263040840908125322427882274816.000000
483 3331110419022383433902603632640.000000
484 3400463418254110674619862089728.000000
485 3471120930926814324857432440832.000000
486 3543104329274172285721725894656.000000
487 3616435267787528192465173479424.000000
488 3691135685554850517659882094592.000000
489 3767227808590404126039745757184.000000
490 3844734152154399631321797230592.000000
491 3923677523061815536573407559680.000000
492 4004081021979649501236863959040.000000
493 4085968045711749806281566715904.000000
494 4169362289470480545845608448000.000000
495 4254287749134308003492239769600.000000
496 4340768723490598333189957091328.000000
497 4428829816462631812448517095424.000000
498 4518495939320087758922594648064.000000
499 4609792312872058858160963715072.000000
500 4702744469641767366069671952384.000000
501 4797378256021976631572491665408.000000
502 4893719834410327823932366782464.000000
503 4991795685323543518821423775744.000000
504 5091632609489655407059274825728.000000
505 5193257729917255763952383557632.000000
506 5296698493940787516816006053888.000000
507 5401982675240981760902441205760.000000
508 5509138375839382126023344652288.000000
509 5618194028065943809849854787584.000000
510 5729178396498757581319109083136.000000
511 5842120579874834778735184445440.000000
512 5957050012970927607749327978496.000000
513 6073996468453276853711145009152.000000
514 6192990058695345756068623941632.000000
515 6314061237562366857114067927040.000000
516 6437240802161629968364619169792.000000
517 6562559894557461915864198545408.000000
518 6690050003449740639302626312192.000000
519 6819742965814839137143311302656.000000
520 6951670968507898127650616508416.000000
521 7085866549825251986314157359104.000000
522 7222362601025817883468500041728.000000
523 7361192367810412294193964646400.000000
524 7502389451757689962506502537216.000000
525 7645987811715565909130923212800.000000
526 7792021765146954050553981698048.000000
527 7940525989428605331558029590528.000000
528 8091535523101785489239472865280.000000
529 8245085767073651911906404859904.000000
530 8401212485768005534564967514112.000000
531 8559951808224271604889275072512.000000
532 8721340229143369498785757528064.000000
533 8885414609879254487752626929664.000000
534 9052212179374905353035914936320.000000
535 9221770535041374115596572033024.000000
536 9394127643578735953184766820352.000000
537 9569321841737536433237459468288.000000
538 9747391837019553866697064579072.000000
539 9928376708316442386269885956096.000000
540 10112315906485036399525212717056.000000
541 10299249254858001365743884566528.000000
542 10489216949688448291430723485696.000000
543 10682259560527129339405229096960.000000
544 10878418030531155079658198794240.000000
545 11077733676702445452922206552064.000000
546 11280248190055006971631025258496.000000
547 11486003635709415988302046035968.000000
548 11695042452913210994649011847168.000000
549 11907407454985881152133686886400.000000
550 12123141829187072952470486384640.000000
551 12342289136506603129600886177792.000000
552 12564893311374980786444929335296.000000
553 12790998661292977318350748123136.000000
554 13020649866378994384345505988608.000000
555 13253891978832727975712031506432.000000
556 13490770422313851811396784750592.000000
557 13731330991234276656568583847936.000000
558 13975619849962668261437085843456.000000
559 14223683531939787272049890689024.000000
560 14475568938703360831775026708480.000000
561 14731323338820977167593648422912.000000
562 14990994366729807455501879869440.000000
563 15254630021481644007346820612096.000000
564 15522278665391923965406826463232.000000
565 15793989022591423453624872730624.000000
566 16069810177479194544413123543040.000000
567 16349791573075477277733602459648.000000
568 16633983009273073522980167876608.000000
569 16922434640986065790954205347840.000000
570 17215196976194309239664084516864.000000
571 17512320873882546204243587497984.000000
572 17813857541872688588309668036608.000000
573 18119858534548034130461641932800.000000
574 18430375750468004667438628077568.000000
575 18745461429872271486829142736896.000000
576 19065168152072745552658795855872.000000
577 19389548832732340480946452037632.000000
578 19718656721029150429941203992576.000000
579 20052545396704757127346544181248.000000
580 20391268766995486091429363580928.000000
581 20734881063445251958926311686144.000000
582 21083436838598950336433781473280.000000
583 21436990962574916742803928121344.000000
584 21795598619515563181620315815936.000000
585 22159315303914715163075415113728.000000
586 22528196816820649376132674617344.000000
587 22902299261913638557071913779200.000000
588 23281679041456846129313802616832.000000
589 23666392852119395175020684640256.000000
590 24056497680670665982551995187200.000000
591 24452050799544525133081592463360.000000
592 24853109762272571895652645076992.000000
593 25259732398785303052360997666816.000000
594 25671976810580115289756445704192.000000
595 26089901365755230925737563258880.000000
596 26513564693908506640426161143808.000000
597 26943025680900066865108943372288.000000
598 27378343463478113310900020576256.000000
599 27819577423766541542837559754752.000000
600 28266787183613927750250715414528.000000
601 28720032598802683252296334180352.000000
602 29179373753117732723918718894080.000000
603 29644870952273747868312567545856.000000
604 30116584717700242981546471981056.000000
605 30594575780183784811808832880640.000000
606 31078905073366483547345127473152.000000
607 31569633727100125421939443367936.000000
608 32066823060655235369199153971200.000000
609 32570534575784515782888568913920.000000
610 33080829949639850735378632802304.000000
611 33597771027542555898639128985600.000000
612 34121419815606108555836735356928.000000
613 34651838473210803760784765616128.000000
614 35189089305330183522857265397760.000000
615 35733234754708428369434536574976.000000
616 36284337393888346494310272729088.000000
617 36842459917089906448864777338880.000000
618 37407665131938444181276182183936.000000
619 37980015951042796625348798709760.000000
620 38559575383422627752219340963840.000000
621 39146406525784969602939156955136.000000
622 39740572553649771136349609394176.000000
623 40342136712324189179872590954496.000000
624 40951162307725689037210584612864.000000
625 41567712697053671026179744727040.000000
626 42191851279309794083461838929920.000000
627 42823641485666892853483621318656.000000
628 43463146769686564822617302237184.000000
629 44110430597385544592292426285056.000000
630 44765556437151171535793819746304.000000
631 45428587749505698637166474690560.000000
632 46099587976720181102566258507776.000000
633 46778620532278025808849741545472.000000
634 47465748790188327690192709222400.000000
635 48161036074149839739467304271872.000000
636 48864545646565459530787487481856.000000
637 49576340697408205040742328958976.000000
638 50296484332938787854708186808320.000000
639 51025039564275693485364502069248.000000
640 51762069295818111076984890064896.000000
641 52507636313522640237026766487552.000000
642 53261803273034315426974792679424.000000
643 54024632687672704517175538352128.000000
644 54796186916274252441566478073856.000000
645 55576528150891149175476218494976.000000
646 56365718404348271274767771762688.000000
647 57163819497658782444276433289216.000000
648 57970893047299645136238672871424.000000
649 58787000452347997941833041707008.000000
650 59612202881479596733333975859200.000000
651 60446561259830715672762981023744.000000
652 61290136255724345756567889510400.000000
653 62142988267262519357778901860352.000000
654 63005177408785679499965396680704.000000
655 63876763497200922324442221117440.000000
656 64757806038180229643433049849856.000000
657 65648364212230592098233562955776.000000
658 66548496860637202865476813717504.000000
659 67458262471282117826502547472384.000000
660 68377719164339003696579048636416.000000
661 69306924677846847410539778277376.000000
662 70245936353163806707937173307392.000000
663 71194811120303363645534745133056.000000
664 72153605483154555455390661738496.000000
665 73122375504588435469154696298496.000000
666 74101176791452952857997444382720.000000
667 75090064479457980570428720021504.000000
668 76089093217953256678176336117760.000000
669 77098317154600860425991122583552.000000
670 78117789919945078267541935095808.000000
671 79147564611881830622421047050240.000000
672 80187693780029857110878081515520.000000
673 81238229410006749735626859347968.000000
674 82299222907611527364185054773248.000000
675 83370725082917435456241847500800.000000
676 84452786134276448216731348893696.000000
677 85545455632239382299088359784448.000000
678 86648782503393504563330700804096.000000
679 87762815014120894495098331463680.000000
680 88887600754280605718997360443392.000000
681 90023186620817166636438784049152.000000
682 91169618801298860938087263895552.000000
683 92326942757388616251485932486656.000000
684 93495203208250833587581480861696.000000
685 94674444113897292091490178170880.000000
686 95864708658475155516454416154624.000000
687 97066039233500989545466336116736.000000
688 98278477421043474105936451207168.000000
689 99502063976858737816282331086848.000000
690 100736838813481755314552660033536.000000
691 101982840983276887931231789907968.000000
692 103240108661451999248258120548352.000000
693 104508679129038973804822296264704.000000
694 105788588755844980419986003591168.000000
695 107079872983377704709454567571456.000000
696 108382566307748964324138169663488.000000
697 109696702262560201703812526768128.000000
698 111022313401773619355167513116672.000000
699 112359431282573479268269604995072.000000
700 113708086448221223394335573147648.000000
701 115068308410908378352489508896768.000000
702 116440125634611982152311177740288.000000
703 117823565517955757509508897701888.000000
704 119218654377082237915886182727680.000000
705 120625417428539557429695104417792.000000
706 122043878772187299699612685697024.000000
707 123474061374125927836366206402560.000000
708 124915987049654028515657149054976.000000
709 126369676446258000012800721682432.000000
710 127835149026638615711114290266112.000000
711 129312423051778786539696996483072.000000
712 130801515564057728501769801039872.000000
713 132302442370415354346059962777600.000000
714 133815218025572095542399193841664.000000
715 135339855815308820290749446750208.000000
716 136876367739811243076892646965248.000000
717 138424764497084158036743177633792.000000
718 139985055466439567383346259427328.000000
719 141557248692064433475288240750592.000000
720 143141350866672107766183431766016.000000
721 144737367315242804925993307865088.000000
722 146345301978858166165760737542144.000000
723 147965157398634361322191076720640.000000
724 149596934699759152036031483609088.000000
725 151240633575637906012635580596224.000000
726 152896252272153534338702080212992.000000
727 154563787572045107656393878405120.000000
728 156243234779411041903150215725056.000000
729 157934587704341141044037163155456.000000
730 159637838647682847072993748713472.000000
731 161352978385947371818504211660800.000000
732 163079996156360160110128226369536.000000
733 164818879642061142668637468884992.000000
734 166569614957460255096905408708608.000000
735 168332186633752852671967262670848.000000
736 170106577604600821574570164092928.000000
737 171892769191984394558999183228928.000000
738 173690741092229210691603588448256.000000
739 175500471362215788888630121988096.000000
740 177321936405773829182763560861696.000000
741 179155110960269412168906810851328.000000
742 180999968083388447307323297234944.000000
743 182856479140122026605273629589504.000000
744 184724613789959952687827840401408.000000
745 186604339974295791935975961133056.000000
746 188495623904050838595425823358976.000000
747 190398430047520052303834696908800.000000
748 192312721118447030680690481954816.000000
749 194238458064332016176311560044544.000000
750 196175600054979026046661508988928.000000
751 198124104471285996564056729714688.000000
752 200083926894284678848809531342848.000000
753 202055021094434105374290684674048.000000
754 204037339021173679983310630027264.000000
755 206030830792740286929055653036032.000000
756 208035444686254859288928891961344.000000
757 210051127128083630926863926296576.000000
758 212077822684478287373362165448704.000000
759 214115474052501032432356204478464.000000
760 216164022051239110143323536359424.000000
761 218223405613312745266322706792448.000000
762 220293561776683635991761666441216.000000
763 222374425676766340746704553246720.000000
764 224465930538848936194789261443072.000000
765 226568007670827377971789129842688.000000
766 228680586456257887612461025067008.000000
767 230803594347732878074623721209856.000000
768 232936956860583444279416168906752.000000
769 235080597566915552369545408675840.000000
770 237234438089981512952592962945024.000000
771 239398398098893619829610328883200.000000
772 241572395303683016656750183972864.000000
773 243756345450708619398733845495808.000000
774 245950162318420382001000240644096.000000
775 248153757713481012563396549148672.000000
776 250367041467250499499849813065728.000000
777 252589921432637266736503523901440.000000
778 254822303481320677720728671354880.000000
779 257064091501347770544770770796544.000000
780 259315187395109232186818505474048.000000
781 261575491077697674317240595382272.000000
782 263844900475652750298415282257920.000000
783 266123311526095635393943758176256.000000
784 268410618176257589959657022029824.000000
785 270706712383405956294538927538176.000000
786 273011484115170219253747807158272.000000
787 275324821350272454079378947571712.000000
788 277646610079665007723932414902272.000000
789 279976734308078620229420917456896.000000
790 282315076055983976552270279999488.000000
791 284661515361970291713714425954304.000000
792 287015930285542982917114948485120.000000
793 289378196910343707252733996171264.000000
794 291748189347795791408910066253824.000000
795 294125779741177071002269767434240.000000
796 296510838270122985801940050378752.000000
797 298903233155562813151522423046144.000000
798 301302830665090120452739719757824.000000
799 303709495118770931504066263515136.000000
800 306123088895391660335771502510080.000000
801 308543472439147136800550291505152.000000
802 310970504266773479720946321326080.000000
803 313404040975124880844846203404288.000000
804 315843937249197794402355048873984.000000
805 318290045870603072696008826683392.000000
806 320742217726488209452144638558208.000000
807 323200301818910447538166309060608.000000
808 325664145274662480427962201014272.000000
809 328133593355551612106603711430656.000000
810 330608489469133276134249922035712.000000
811 333088675179899850617980897460224.000000
812 335573990220925741869079143120896.000000
813 338064272505968736745759222792192.000000
814 340559358142029641293978597851136.000000
815 343059081442367971900914512429056.000000
816 345563274939976725380056517443584.000000
817 348071769401514066260093495672832.000000
818 350584393841694309178198439493632.000000
819 353100975538135242016355426238464.000000
820 355621340046663735335767815225344.000000
821 358145311217078701360625173397504.000000
822 360672711209369961359348171014144.000000
823 363203360510393741999251826671616.000000
824 365737077951002783061994039672832.000000
825 368273680723630984462215371816960.000000
826 370812984400331151417489320050688.000000
827 373354802951264468675296359350272.000000
828 375898948763641199393863490338816.000000
829 378445232661109510200325660737536.000000
830 380993463923592710656585212362752.000000
831 383543450307572024829107836551168.000000
832 386094998066813525868368317382656.000000
833 388647911973535486603056090447872.000000
834 391201995340018307876861754998784.000000
835 393757050040648810062124215697408.000000
836 396312876534401481823723819368448.000000
837 398869273887751497986450755944448.000000
838 401426039798017128605245471981568.000000
839 403982970617130098086430338187264.000000
840 406539861375828057694815498797056.000000
841 409096505808269315561866978656256.000000
842 411652696377064708105760355123200.000000
843 414208224298722289407677719117824.000000
844 416762879569504622371565811531776.000000
845 419316450991690673274417124999168.000000
846 421868726200242814110232236523520.000000
847 424419491689870718161943047176192.000000
848 426968532842491932628514815082496.000000
849 429515633955082499008575492325376.000000
850 432060578267913225727336052162560.000000
851 434603147993169451278980668719104.000000
852 437143124343946011261212387442688.000000
853 439680287563615968150073527762944.000000
854 442214416955566906861953556152320.000000
855 444745290913298382976915054002176.000000
856 447272686950878433953110680403968.000000
857 449796381733750506421006578483200.000000
858 452316151109888133426432821952512.000000
859 454831770141290155863057109090304.000000
860 457343013135811083774728859549696.000000
861 459849653679320977035358755618816.000000
862 462351464668189657259562997121024.000000
863 464848218342087324608728097882112.000000
864 467339686317097616324824137728000.000000
865 469825639619134532138275956588544.000000
866 472305848717658903094250015031296.000000
867 474780083559686837749982938791936.000000
868 477248113604082363522995651084288.000000
869 479709707856130732368085234221056.000000
870 482164634902381654201582869282816.000000
871 484612662945758134617235578159104.000000
872 487053559840922702327991444176896.000000
873 489487093129893532343908366811136.000000
874 491913030077905276739415619665920.000000
875 494331137709502929679694067400704.000000
876 496741182844865988517601600339968.000000
877 499142932136352102322038097575936.000000
878 501536152105253146193534201626624.000000
879 503920609178756803838036263567360.000000
880 506296069727104579142038679715840.000000
881 508662300100938742759283675365376.000000
882 511019066668830431488872439349248.000000
883 513366135854979316784780565020672.000000
884 515703274177079077789254763413504.000000
885 518030248284336717329480552546304.000000
886 520346824995641325364284609265664.000000
887 522652771337869968032291297951744.000000
888 524947854584325009751604379779072.000000
889 527231842293292059731908213342208.000000
890 529504502346711409197178691780608.000000
891 531765602988953303601402834059264.000000
892 534014912865687033831735758422016.000000
893 536252201062837721503601814142976.000000
894 538477237145618836787129575538688.000000
895 540689791197633747408675170942976.000000
896 542889633860034769612387878174720.000000
897 545076536370731794746473814425600.000000
898 547250270603642781311595662278656.000000
899 549410609107973142104481604829184.000000
900 551557325147517973618844283961344.000000
901 553690192739976030834127940878336.000000
902 555808986696266151962452846182400.000000
903 557913482659837846530442657792000.000000
904 560003457145964661696076714082304.000000
905 562078687581011824004470786752512.000000
906 564138952341669437613707704139776.000000
907 566184030794139421545295624798208.000000
908 568213703333268764027068054765568.000000
909 570227751421617780886261653831680.000000
910 572225957628455307542239582879744.000000
911 574208105668669295383814323830784.000000
912 576173980441584886195825800118272.000000
913 578123368069679228053463146430464.000000
914 580056055937183304909135007449088.000000
915 581971832728561916787821700448256.000000
916 583870488466861218124585666347008.000000
917 585751814551914374699421240655872.000000
918 587615603798395683451842661974016.000000
919 589461650473714796494301918396416.000000
920 591289750335737358381569225523200.000000
921 593099700670328381698780201746432.000000
922 594891300328702868585431586308096.000000
923 596664349764578850336524958957568.000000
924 598418651071119010022803179044864.000000
925 600154008017655627925714775310336.000000
926 601870226086185951477773497270272.000000
927 603567112507629054566652325134336.000000
928 605244476297838061307518714380288.000000
929 606902128293351809555328692912128.000000
930 608539881186885017408357317738496.000000
931 610157549562538794189267933331456.000000
932 611754949930730054751839473106944.000000
933 613331900762824921191385952944128.000000
934 614888222525470563524127236292608.000000
935 616423737714614094235653078253568.000000
936 617938270889201238881482617913344.000000
937 619431648704545054964524198658048.000000
938 620903699945355187487022509981696.000000
939 622354255558420239244807144210432.000000
940 623783148684933023685489182375936.000000
941 625190214692452359262330471579648.000000
942 626575291206489371665581259882496.000000
943 627938218141713043726921419980800.000000
944 629278837732765645509780331036672.000000
945 630596994564678172695152222535680.000000
946 631892535602880100712977983864832.000000
947 633165310222793366555928129699840.000000
948 634415170239004021034529469759488.000000
949 635641969934002328101598628151296.000000
950 636845566086484465774548809154560.000000
951 638025817999207902320225637367808.000000
952 639182587526392377251739824291840.000000
953 640315739100660218126615361617920.000000
954 641425139759507058004592538157056.000000
955 642510659171296396324028328968192.000000
956 643572169660772238589371122450432.000000
957 644609546234080231209702740983808.000000
958 645622666603292391571953176018944.000000
959 646611411210427939359008093110272.000000
960 647575663250964176274809920946176.000000
961 648515308696830136359454693654528.000000
962 649430236318876954056385460436992.000000
963 650320337708819401596941342081024.000000
964 651185507300641606115640555339776.000000
965 652025642391461542176644560584704.000000
966 652840643161848679219068374351872.000000
967 653630412695588226680079595339776.000000
968 654394856998887941570520019894272.000000
969 655133885019021301549962585178112.000000
970 655847408662401423008868681646080.000000
971 656535342812081112471827407437824.000000
972 657197605344675880787739095859200.000000
973 657834117146701849656410868023296.000000
974 658444802130326676994119224524800.000000
975 659029587248527448300240490201088.000000
976 659588402509654236988256429277184.000000
977 660121180991389822078722024407040.000000
978 660627858854107869097204633305088.000000
979 661108375353621359611474199183360.000000
980 661562672853319972371251832291328.000000
981 661990696835691804364498335170560.000000
982 662392395913227125947233457930240.000000
983 662767721838700999512748214714368.000000
984 663116629514830294129379909828608.000000
985 663439077003305960837978328662016.000000
986 663735025533193218734471224754176.000000
987 664004439508701813565350240845824.000000
988 664247286516321593034870760669184.000000
989 664463537331321092980956477784064.000000
990 664653165923610287341313288306688.000000
991 664816149462961449071853321584640.000000
992 664952468323591004321190625935360.000000
993 665062106088097335829625854492672.000000
994 665145049550757273741193392422912.000000
995 665201288720175941566812118843392.000000
996 665230816821293271947865548128256.000000
997 665233630296744309916449833484288.000000
998 665209728807573159537101556940800.000000
999 665159115233301438621133760888832.000000
1000 665081795671349656246511386755072.000000
1001 664977779435813386580711106936832.000000
1002 664847079055592941969872867295232.000000
1003 664689710271878707022064278044672.000000
1004 664505692034990836647965170335744.000000
1005 664295046500576344477921911504896.000000
1006 664057799025163437540183403134976.000000
1007 663793978161073961891447217061888.000000
1008 663503615650696985618665462300672.000000
1009 663186746420122942751358079467520.000000
1010 662843408572142661540075838373888.000000
1011 662473643378610556525072659513344.000000
1012 662077495272176596081205686829056.000000
1013 661655011837387910130191566897152.000000
1014 661206243801161190941723541372928.000000
1015 660731245022634101589169676484608.000000
1016 660230072482389927452329195339776.000000
1017 659702786271067288212669133225984.000000
1018 659149449577351163346151343652864.000000
1019 658570128675353445679370178920448.000000
1020 657964892911382734778624693501952.000000
1021 657333814690110720046517238890496.000000
1022 656676969460135874102018829189120.000000
1023 655994435698950365166712387534848.000000
1024 655286294897313214876163466330112.000000
1025 654552631543036186699881854795776.000000
1026 653793533104183269661002528980992.000000
1027 653009090011692404266970495582208.000000
1028 652199395641421035918298363985920.000000
1029 651364546295622989785176591040512.000000
1030 650504641183860125916450219098112.000000
1031 649619782403354395073297065705472.000000
1032 648710074918787140759040968097792.000000
1033 647775626541548529748861599612928.000000
1034 646816547908445974203467523162112.000000
1035 645832952459874355612899960946688.000000
1036 644824956417457129827316059340800.000000
1037 643792678761161843996859507408896.000000
1038 642736241205897775583180567347200.000000
1039 641655768177602538914039120003072.000000
1040 640551386788822270967009152860160.000000
1041 639423226813794475639133469409280.000000
1042 638271420663039002879675502428160.000000
1043 637096103357463503754243568828416.000000
1044 635897412501993161273076724269056.000000
1045 634675488258728371920788151861248.000000
1046 633430473319639817432385053523968.000000
1047 632162512878808853150909216063488.000000
1048 630871754604219121689409362067456.000000
1049 629558348609107246174995419758592.000000
1050 628222447422882330850169832079360.000000
1051 626864205961620177754147015098368.000000
1052 625483781498140289934693213667328.000000
1053 624081333631674884562523609104384.000000
1054 622657024257137049650066433769472.000000
1055 621211017533997844207383250731008.000000
1056 619743479854777602039610167263232.000000
1057 618254579813164121322470657490944.000000
1058 616744488171762279584284383641600.000000
1059 615213377829486819482300198158336.000000
1060 613661423788604646441628664332288.000000
1061 612088803121437662968661898428416.000000
1062 610495694936732552764850108891136.000000
1063 608882280345708107107158408036352.000000
1064 607248742427789749212804978573312.000000
1065 605595266196037381483773818830848.000000
1066 603922038562279165710058704076800.000000
1067 602229248301957217011943511949312.000000
1068 600517086018698542176215928668160.000000
1069 598785744108614969381204508278784.000000
1070 597035416724346624944634746372096.000000
1071 595266299738855370220173543866368.000000
1072 593478590708978574936203522473984.000000
1073 591672488838752306233675970772992.000000
1074 589848194942513589120643503226880.000000
1075 588005911407792907270548310982656.000000
1076 586145842158001988195848659402752.000000
1077 584268192614932725467671976476672.000000
1078 582373169661070840861196428509184.000000
1079 580460981601738986175944720384000.000000
1080 578531838127074472877760851214336.000000
1081 576585950273856113138871448895488.000000
1082 574623530387183558982951466172416.000000
1083 572644792082026865703327568494592.000000
1084 570649950204647432475823820505088.000000
1085 568639220793907613988818773868544.000000
1086 566612821042473254488562194186240.000000
1087 564570969257920745512391533395968.000000
1088 562513884823760496812864405766144.000000
1089 560441788160382152734765874151424.000000
1090 558354900685934452354323335610368.000000
1091 556253444777149028810259899088896.000000
1092 554137643730115930046842351386624.000000
1093 552007721721022606356751893659648.000000
1094 549863903766864507231903934316544.000000
1095 547706415686138816737263006777344.000000
1096 545535484059526947899987770474496.000000
1097 543351336190579703229555415187456.000000
1098 541154200066412451243457337360384.000000
1099 538944304318419326197720829394944.000000
1100 536721878183015962624669788405760.000000
1101 534487151462422221835376474980352.000000
1102 532240354485490458821545242394624.000000
1103 529981718068592444038943139168256.000000
1104 527711473476570128219148115771392.000000
1105 525429852383764013210076079718400.000000
1106 523137086835123380243335036796928.000000
1107 520833409207410409246610652397568.000000
1108 518519052170507412573120087719936.000000
1109 516194248648833091870845220945920.000000
1110 513859231782879851709749587345408.000000
1111 511514234890878583092848413900800.000000
1112 509159491430601581375049361784832.000000
1113 506795234961309723485257200566272.000000
1114 504421699105854857206036179189760.000000
1115 502039117512944031809481583099904.000000
1116 499647723819574937536525408141312.000000
1117 497247751613649399391109754388480.000000
1118 494839434396775878003521704951808.000000
1119 492423005547265156903343889580032.000000
1120 489998698283330745417066801528832.000000
1121 487566745626499185337133598507008.000000
1122 485127380365240277367988659683328.000000
1123 482680835018822415495900629565440.000000
1124 480227341801403189403319296589824.000000
1125 477767132586361163650477416513536.000000
1126 475300438870875751153265121689600.000000
1127 472827491740764116099037619290112.000000
1128 470348521835580870907879212711936.000000
1129 467863759313987845056321476886528.000000
1130 465373433819401563868483607855104.000000
1131 462877774445924490112534132555776.000000
1132 460377009704566297413155278553088.000000
1133 457871367489763534160918403350528.000000
1134 455361075046201857259024683106304.000000
1135 452846358935948834100349270753280.000000
1136 450327445005903581785470223253504.000000
1137 447804558355566990576572170240000.000000
1138 445277923305142043189637730533376.000000
1139 442747763363967112228688193650688.000000
1140 440214301199289657694259372883968.000000
1141 437677758605384936252131057336320.000000
1142 435138356473025991272991362646016.000000
1143 432596314759309535329054407786496.000000
1144 430051852457843201524778200465408.000000
1145 427505187569299423866047499862016.000000
1146 424956537072340918641810273730560.000000
1147 422406116894921802043433873833984.000000
1148 419854141885969748341333774303232.000000
1149 417300825787454232650457527877632.000000
1150 414746381206843308242821229576192.000000
1151 412191019589955619763344015097856.000000
1152 409634951194209669961613655932928.000000
1153 407078385062276176604700323348480.000000
1154 404521528996135393068463507374080.000000
1155 401964589531545085157281087094784.000000
1156 399407771912921181764833614233600.000000
1157 396851280068635783119556275339264.000000
1158 394295316586734328054609480777728.000000
1159 391740082691076892276356697554944.000000
1160 389185778217904986725636246601728.000000
1161 386632601592838035372281264340992.000000
1162 384080749808301189767550700879872.000000
1163 381530418401388155291767289151488.000000
1164 378981801432160254076261129781248.000000
1165 376435091462385399536914826002432.000000
1166 373890479534718063383220737540096.000000
1167 371348155152322829176235718868992.000000
1168 368808306258943694163254479683584.000000
1169 366271119219419984080330022715392.000000
1170 363736778800651402938432486375424.000000
1171 361205468153013298657156961140736.000000
1172 358677368792224162158613341667328.000000
1173 356152660581664495230369759494144.000000
1174 353631521715151875016250137509888.000000
1175 351114128700169044600848197353472.000000
1176 348600656341549136970618081640448.000000
1177 346091277725615942681314491105280.000000
1178 343586164204783256457048460623872.000000
1179 341085485382609555726068801863680.000000
1180 338589409099311902203347260669952.000000
1181 336098101417736904792146251350016.000000
1182 333611726609790329071638002270208.000000
1183 331130447143323912218694354206720.000000
1184 328654423669480392170163742441472.000000
1185 326183815010495165758566528188416.000000
1186 323718778147955764771510305161216.000000
1187 321259468211516447775048758984704.000000
1188 318806038468069060622488686297088.000000
1189 316358640311368039949621054668800.000000
1190 313917423252109667742767160229888.000000
1191 311482534908463595395803839987712.000000
1192 309054120997055520363460150951936.000000
1193 306632325324400655122915326427136.000000
1194 304217289778785214226327549247488.000000
1195 301809154322595342983541238530048.000000
1196 299408056985091217960760655216640.000000
1197 297014133855625238431279257485312.000000
1198 294627519077301678676082421661696.000000
1199 292248344841076107780863637323776.000000
1200 289876741380292847547197266329600.000000
1201 287512836965657225926136159010816.000000
1202 285156757900641905398293748252672.000000
1203 282808628517323431219129592315904.000000
1204 280468571172646945888008285454336.000000
1205 278136706245116944142007617454080.000000
1206 275813152131910465594774085697536.000000
1207 273498025246410851522980773625856.000000
1208 271191440016158823208655888842752.000000
1209 268893508881216666468130742075392.000000
1210 266604342292945414281216110100480.000000
1211 264324048713188109991579341553664.000000
1212 262052734613859223135916243550208.000000
1213 259790504476934561380785771773952.000000
1214 257537460794839300666504272412672.000000
1215 255293704071230963023961607110656.000000
1216 253059332822172189946385449091072.000000
1217 250834443577691726048984916033536.000000
1218 248619130883727992524138581327872.000000
1219 246413487304452908520320631046144.000000
1220 244217603424970736269197416857600.000000
1221 242031567854389355887509039480832.000000
1222 239855467229258529505386099113984.000000
1223 237689386217372128302152019869696.000000
1224 235533407521930035022765691502592.000000
1225 233387611886054750000915811401728.000000
1226 231252078097658845607485897703424.000000
1227 229126882994659774331079134019584.000000
1228 227012101470535725451124727087104.000000
1229 224907806480219864172586374004736.000000
1230 222814069046327873161893165137920.000000
1231 220730958265713248049352002240512.000000
1232 218658541316347464594280014675968.000000
1233 216596883464519036732551825719296.000000
1234 214546048072347069993325355335680.000000
1235 212506096605605058886897921687552.000000
1236 210477088641849235713763645063168.000000
1237 208459081878847471598403049226240.000000
1238 206452132143303577629831148339200.000000
1239 204456293399871601789351174864896.000000
1240 202471617760455978353856767590400.000000
1241 200498155493791981339941699321856.000000
1242 198535955035301978389189773754368.000000
1243 196585062997221612400730800390144.000000
1244 194645524178991767599405466648576.000000
1245 192717381577910663518407129825280.000000
1246 190800676400041357123991044620288.000000
1247 188895448071368816417133954072576.000000
1248 187001734249202530286877919936512.000000
1249 185119570833818349575880073805824.000000
1250 183248991980335055758540918489088.000000
1251 181390030110820288940955354005504.000000
1252 179542715926620683064712716353536.000000
1253 177707078420910551793413851709440.000000
1254 175883144891455017799045064163328.000000
1255 174070940953580487775196201091072.000000
1256 172270490553349626902158378008576.000000
1257 170481815980933158630136303583232.000000
1258 168704937884175139102452441153536.000000
1259 166939875282345112948888536350720.000000
1260 165186645580073331396680500641792.000000
1261 163445264581462079141341990748160.000000
1262 161715746504369164824043107385344.000000
1263 159998103994858206824788387692544.000000
1264 158292348141809697562291924369408.000000
1265 156598488491688432772914788433920.000000
1266 154916533063462099607495515308032.000000
1267 153246488363665042765768506212352.000000
1268 151588359401603155428705711423488.000000
1269 149942149704693662006897314627584.000000
1270 148307861333935577335720199585792.000000
1271 146685494899505059695372655394816.000000
1272 145075049576470955897764345544704.000000
1273 143476523120625368307889319444480.000000
1274 141889911884423749408136674410496.000000
1275 140315210833030524709069763117056.000000
1276 138752413560464137125579232116736.000000
1277 137201512305837225391564634718208.000000
1278 135662497969686784395170906374144.000000
1279 134135360130389155316605990731776.000000
1280 132620087060655648213686907043840.000000
1281 131116665744103122519583772114944.000000
1282 129625081891895075896329934733312.000000
1283 128145319959448863945260418465792.000000
1284 126677363163203394253246695473152.000000
1285 125221193497443385650251233755136.000000
1286 123776791751175220704213200797696.000000
1287 122344137525049743738449877270528.000000
1288 120923209248327176512773239603200.000000
1289 119513984195880350530236210741248.000000
1290 118116438505230797606760206041088.000000
1291 116730547193613897665558473605120.000000
1292 115356284175068436041539782705152.000000
1293 113993622277546084710463599280128.000000
1294 112642533260036700159986586615808.000000
1295 111302987829705024374965608120320.000000
1296 109974955659034537538968994447360.000000
1297 108658405402974247082744856182784.000000
1298 107353304716084377854380318130176.000000
1299 106059620269676910171487041748992.000000
1300 104777317768946624285372250587136.000000
1301 103506361970089012348696343347200.000000
1302 102246716697400824502967366320128.000000
1303 100998344860359826350155543609344.000000
1304 99761208470679084064815399829504.000000
1305 98535268659333129030134581428224.000000
1306 97320485693551138110311816495104.000000
1307 96116818993774409385089081278464.000000
1308 94924227150573719818803150323712.000000
1309 93742667941523880718578617417728.000000
1310 92572098348030807238049922023424.000000
1311 91412474572109048285182300258304.000000
1312 90263752053105147133774723547136.000000
1313 89125885484364256679657969025024.000000
1314 87998828829836514548276982185984.000000
1315 86882535340619791346737749164032.000000
1316 85776957571436001814151199457280.000000
1317 84682047397037375990572242698240.000000
1318 83597756028540438604720254222336.000000
1319 82524034029683643440816375988224.000000
1320 81460831333006789187092646723584.000000
1321 80408097255948622893470319640576.000000
1322 79365780516860145051413059207168.000000
1323 78333829250930724984994245115904.000000
1324 77312191026024720710169169756160.000000
1325 76300812858425315634524148727808.000000
1326 75299641228483446398478425522176.000000
1327 74308622096169461971734128230400.000000
1328 73327700916524496593223940046848.000000
1329 72356822655009926251491375448064.000000
1330 71395931802751585048978662621184.000000
1331 70444972391677723636706446409728.000000
1332 69503888009547386062820312350720.000000
1333 68572621814867484659946476273664.000000
1334 67651116551696951675490786082816.000000
1335 66739314564334905197134423785472.000000
1336 65837157811891892624803814703104.000000
1337 64944587882741635630127887941632.000000
1338 64061546008851790415505655857152.000000
1339 63187973079991534523365210456064.000000
1340 62323809657814917346102077292544.000000
1341 61468995989817398277710070939648.000000
1342 60623472023164842923965018013696.000000
1343 59787177418392806636140955172864.000000
1344 58960051562974781309968355164160.000000
1345 58142033584758180470735736143872.000000
1346 57333062365266180139890413404160.000000
1347 56533076552864830015186835341312.000000
1348 55742014575793255222162856345600.000000
1349 54959814655056489269781954822144.000000
1350 54186414817179307907176288223232.000000
1351 53421752906820325291151696330752.000000
1352 52665766599244875283776875266048.000000
1353 51918393412656056383308145098752.000000
1354 51179570720382715309351166279680.000000
1355 50449235762923783774308046733312.000000
1356 49727325659847626368420883202048.000000
1357 49013777421546381544013227360256.000000
1358 48308527960843593338270330650624.000000
1359 47611514104455404050535810072576.000000
1360 46922672604303947787037269032960.000000
1361 46241940148682791750653542662144.000000
1362 45569253373273614627790640906240.000000
1363 44904548872013977957178313539584.000000
1364 44247763207815262739063998775296.000000
1365 43598832923130942421589995552768.000000
1366 42957694550374354594823168589824.000000
1367 42324284622186007421234205163520.000000
1368 41698539681550051507456979238912.000000
1369 41080396291759719058944418643968.000000
1370 40469791046231518648338388877312.000000
1371 39866660578168271165946513588224.000000
1372 39270941570070626664355742089216.000000
1373 38682570763097341320359560871936.000000
1374 38101484966274080327018225860608.000000
1375 37527621065550908845438600740864.000000
1376 36960916032708651160258696183808.000000
1377 36401306934114154067633928929280.000000
1378 35848730939324562582116157620224.000000
1379 35303125329541152897980407218176.000000
1380 34764427505912483914219031363584.000000
1381 34232574997687677971136239370240.000000
1382 33707505470219799273345596260352.000000
1383 33189156732819834402328761335808.000000
1384 32677466746461788328912985522176.000000
1385 32172373631339062558853580193792.000000
1386 31673815674272930563053911539712.000000
1387 31181731335973277125609133178880.000000
1388 30696059258152497825999503753216.000000
1389 30216738270492833375010559098880.000000
1390 29743707397467994488309339389952.000000
1391 29276905865019379038851705077760.000000
1392 28816273107088047920424230584320.000000
1393 28361748772002711823899808497664.000000
1394 27913272728724625142532810997760.000000
1395 27470785072950274215420400500736.000000
1396 27034226133072400341085273980928.000000
1397 26603536476000316827900470886400.000000
1398 26178656912840425304881346117632.000000
1399 25759528504437597825589558902784.000000
1400 25346092566778478607461882265600.000000
1401 24938290676257552083293778739200.000000
1402 24536064674806945538797626982400.000000
1403 24139356674890880566959955509248.000000
1404 23748109064365854203108252450816.000000
1405 23362264511207391913817669632000.000000
1406 22981765968104570397158501515264.000000
1407 22606556676923269461005068926976.000000
1408 22236580173039161785722538557440.000000
1409 21871780289541755622322870419456.000000
1410 21512101161310201994831017803776.000000
1411 21157487228962469688328723628032.000000
1412 20807883242678550051821136642048.000000
1413 20463234265899195818201789235200.000000
1414 20123485678901270301626878394368.000000
1415 19788583182250675246218734469120.000000
1416 19458472800134507895361909030912.000000
1417 19133100883573156598533192679424.000000
1418 18812414113513897704736260358144.000000
1419 18496359503807180441042756304896.000000
1420 18184884404066716668947406520320.000000
1421 17877936502414764879022202552320.000000
1422 17575463828113860424566065594368.000000
1423 17277414754086210217949194616832.000000
1424 16983737999322170523534720237568.000000
1425 16694382631178949509683202752512.000000
1426 16409298067570971208121105514496.000000
1427 16128434079053184406567044251648.000000
1428 15851740790798622518507749769216.000000
1429 15579168684471561006412327813120.000000
1430 15310668599997621186473213558784.000000
1431 15046191737232148976763895021568.000000
1432 14785689657528219668701616537600.000000
1433 14529114285205667089499360854016.000000
1434 14276417908922407170702028308480.000000
1435 14027553182949510585486453768192.000000
1436 13782473128351346261215894568960.000000
1437 13541131134072160357936082714624.000000
1438 13303480957930482325097698820096.000000
1439 13069476727522727130791988428800.000000
1440 12839072941037317721789967630336.000000
1441 12612224467980847679259455520768.000000
1442 12388886549817427984465285611520.000000
1443 12169014800522834686718922194944.000000
1444 11952565207054671193677058015232.000000
1445 11739494129739972825071069691904.000000
1446 11529758302581622724154051526656.000000
1447 11323314833484986501748980973568.000000
1448 11120121204406040131592561623040.000000
1449 10920135271422472781252148592640.000000
1450 10723315264729023334711606378496.000000
1451 10529619788558507521105553522688.000000
1452 10339007821029785398498589409280.000000
1453 10151438713924123855389143859200.000000
1454 9966872192391246663031004856320.000000
1455 9785268354586399514562691858432.000000
1456 9606587671239835174028414287872.000000
1457 9430790985159959476987955773440.000000
1458 9257839510671564697897453748224.000000
1459 9087694832990366256160464437248.000000
1460 8920318907535262520631841783808.000000
1461 8755674059179531432674006663168.000000
1462 8593722981442312775854003847168.000000
1463 8434428735621695646972166275072.000000
1464 8277754749870610211823174025216.000000
1465 8123664818216895091776042303488.000000
1466 7972123099528748471773080584192.000000
1467 7823094116426826189443300327424.000000
1468 7676542754144306360021090828288.000000
1469 7532434259336091472973279526912.000000
1470 7390734238838338036536109432832.000000
1471 7251408658379754922042892222464.000000
1472 7114423841245577883367252164608.000000
1473 6979746466895696306259831554048.000000
1474 6847343569537982652191541821440.000000
1475 6717182536658028183703775084544.000000
1476 6589231107506499817265059332096.000000
1477 6463457371545272151038670929920.000000
1478 6339829766853448182569071804416.000000
1479 6218317078494476806987213438976.000000
1480 6098888436845436700646208176128.000000
1481 5981513315889678918188714164224.000000
1482 5866161531473849394261540208640.000000
1483 5752803239530464537580400541696.000000
1484 5641408934267126410754922643456.000000
1485 5531949446323391931689973317632.000000
1486 5424395940896392723072567738368.000000
1487 5318719915836319124952228823040.000000
1488 5214893199712675845739712086016.000000
1489 5112887949852479061627305459712.000000
1490 5012676650351313698754687664128.000000
1491 4914232110058286163084686917632.000000
1492 4817527460535867813506588868608.000000
1493 4722536153995622784834782363648.000000
1494 4629231961210734391427099262976.000000
1495 4537588969406352428538261405696.000000
1496 4447581580128638447435865128960.000000
1497 4359184507093497544397111164928.000000
1498 4272372774015839962616505040896.000000
1499 4187121712420379624491198709760.000000
1500 4103406959434736895070486659072.000000
1501 4021204455565818354188968525824.000000
1502 3940490442460302802564767809536.000000
1503 3861241460650085808092286550016.000000
1504 3783434347283502447461677400064.000000
1505 3707046233843209822732090867712.000000
1506 3632054543851493838895443869696.000000
1507 3558436990563801320214428123136.000000
1508 3486171574651315431617079541760.000000
1509 3415236581873336639384841093120.000000
1510 3345610580740194290674125766656.000000
1511 3277272420167528170251930828800.000000
1512 3210201227122554775794639437824.000000
1513 3144376404263158796030467637248.000000
1514 3079777627570414962925484638208.000000
1515 3016384843975354303545853607936.000000
1516 2954178268980525356650739007488.000000
1517 2893138384277161564898760589312.000000
1518 2833245935358487393323930615808.000000
1519 2774481929129920904718379384832.000000
1520 2716827631516710972077339836416.000000
1521 2660264565069730829946677362688.000000
1522 2604774506569913790482767413248.000000
1523 2550339484632089980761932824576.000000
1524 2496941777308644624954646593536.000000
1525 2444563909693671159508791984128.000000
1526 2393188651528185790470098518016.000000
1527 2342799014806872148775977091072.000000
1528 2293378251386990488120260034560.000000
1529 2244909850599898126176885932032.000000
1530 2197377536865761812059483275264.000000
1531 2150765267311879165932338151424.000000
1532 2105057229395221117372114927616.000000
1533 2060237838529526075577964953600.000000
1534 2016291735717565920803716857856.000000
1535 1973203785188896254236297265152.000000
1536 1930959072043662863473057988608.000000
1537 1889542899902799921770248798208.000000
1538 1848940788565104339497554804736.000000
1539 1809138471671557814767956525056.000000
1540 1770121894377343846980905861120.000000
1541 1731877211031885098351895511040.000000
1542 1694390782867351181916182151168.000000
1543 1657649175695946779956021821440.000000
1544 1621639157616386542717787701248.000000
1545 1586347696729855412369260281856.000000
1546 1551761958865844496514810904576.000000
1547 1517869305318149032794770112512.000000
1548 1484657290591374095840381501440.000000
1549 1452113660158231491885888700416.000000
1550 1420226348227956603810553528320.000000
1551 1388983475526097669664714784768.000000
1552 1358373347085996968778454269952.000000
1553 1328384450052195569358702903296.000000
1554 1299005451496054090075589312512.000000
1555 1270225196243809870544795336704.000000
1556 1242032704717356107069791404032.000000
1557 1214417170787920564354256207872.000000
1558 1187367959642924212261484494848.000000
1559 1160874605666195568743738769408.000000
1560 1134926810331777328659470221312.000000
1561 1109514440111487689539970924544.000000
1562 1084627524396487027772218146816.000000
1563 1060256253432955196839200555008.000000
1564 1036390976272137137958904922112.000000
1565 1013022198734844341839720349696.000000
1566 990140581390641563658279190528.000000
1567 967736937551820685201303928832.000000
1568 945802231282323853758045356032.000000
1569 924327575421762968438643359744.000000
1570 903304229624642896622025441280.000000
1571 882723598414930706134070198272.000000
1572 862577229256069007185419436032.000000
1573 842856810636560630758412124160.000000
1574 823554170171200078736898654208.000000
1575 804661272718084179755477762048.000000
1576 786170218511440794314942185472.000000
1577 768073241310411240102707593216.000000
1578 750362706563813036903523942400.000000
1579 733031109590993872241293262848.000000
1580 716071073778803387137293025280.000000
1581 699475348794771165127492239360.000000
1582 683236808816520620149003255808.000000
1583 667348450777480144840592195584.000000
1584 651803392628913896517896503296.000000
1585 636594871618329923193575309312.000000
1586 621716242584272385041833656320.000000
1587 607160976267540796241268965376.000000
1588 592922657638837272358458228736.000000
1589 578994984242879993500374401024.000000
1590 565371764558958535650146516992.000000
1591 552046916377972798851460890624.000000
1592 539014465195922881144304959488.000000
1593 526268542623869460762935164928.000000
1594 513803384814335553935979315200.000000
1595 501613330904154151888300802048.000000
1596 489692821473725778616349884416.000000
1597 478036397022683365793467465728.000000
1598 466638696461915397790449532928.000000
1599 455494455621944300955372617728.000000
1600 444598505777598363764036468736.000000
1601 433945772188962410404746625024.000000
1602 423531272658551847595769069568.000000
1603 413350116104672789201042800640.000000
1604 403397501150913793236156809216.000000
1605 393668714731727904811759173632.000000
1606 384159130714036817701290115072.000000
1607 374864208534811203743090999296.000000
1608 365779491854558882026292772864.000000
1609 356900607226660662584211931136.000000
1610 348223262782486521707075993600.000000
1611 339743246932221177179947401216.000000
1612 331456427081329398389109948416.000000
1613 323358748362581604984741167104.000000
1614 315446232383572446396064727040.000000
1615 307714975989637716238063894528.000000
1616 300161150042103947571438288896.000000
1617 292780998211772137589583118336.000000
1618 285570835787560940495018393600.000000
1619 278527048500210706770303123456.000000
1620 271646091360967726262606888960.000000
1621 264924487515145760793578962944.000000
1622 258358827110481197857687732224.000000
1623 251945766180176940795833614336.000000
1624 245682025540543380154944061440.000000
1625 239564389703132546782772330496.000000
1626 233589705801269006294004531200.000000
1627 227754882530869162226013437952.000000
1628 222056889105454251554595930112.000000
1629 216492754225238566788870963200.000000
1630 211059565060201566015395463168.000000
1631 205754466247022871835884650496.000000
1632 200574658899780622609897488384.000000
1633 195517399634298052737012596736.000000
1634 190579999606029511899995963392.000000
1635 185759823561372312931485614080.000000
1636 181054288902294175666438930432.000000
1637 176460864764160650933658714112.000000
1638 171977071106646908839714095104.000000
1639 167600477817622427254478864384.000000
1640 163328703829889129555045646336.000000
1641 159159416250657989100029607936.000000
1642 155090329503646320748694339584.000000
1643 151119204483679703773564895232.000000
1644 147243847723678663010821341184.000000
1645 143462110573911607283277627392.000000
1646 139771888393397177796238770176.000000
1647 136171119753334655606901964800.000000
1648 132657785652444085531780841472.000000
1649 129229908744094941514678927360.000000
1650 125885552575106345418016948224.000000
1651 122622820836095605974272835584.000000
1652 119439856623257210251036852224.000000
1653 116334841711449597316394123264.000000
1654 113305995838473201056462405632.000000
1655 110351576000415754825658007552.000000
1656 107469875757946304187936538624.000000
1657 104659224553438951794790105088.000000
1658 101917987038803435388294660096.000000
1659 99244562413906817529407340544.000000
1660 96637383775461839927435591680.000000
1661 94094917476266995027063865344.000000
1662 91615662494676576925510533120.000000
1663 89198149814182034732759384064.000000
1664 86840941812987869036088918016.000000
1665 84542631663461881653843984384.000000
1666 82301842741342298060045156352.000000
1667 80117228044586621622175137792.000000
1668 77987469621741308557458931712.000000
1669 75911278009719726393511641088.000000
1670 73887391680869305629926227968.000000
1671 71914576499214678883605413888.000000
1672 69991625185760373634502754304.000000
1673 68117356792738674178112094208.000000
1674 66290616186689737338579320832.000000
1675 64510273540260483546356908032.000000
1676 62775223832607439082089349120.000000
1677 61084386358295944472974852096.000000
1678 59436704244578846557524197376.000000
1679 57831143976949974323473416192.000000
1680 56266694932855999819887411200.000000
1681 54742368923463066167652909056.000000
1682 53257199743365997297955504128.000000
1683 51810242728133647897079054336.000000
1684 50400574319582509476610048000.000000
1685 49027291638673802305059422208.000000
1686 47689512065925623762217074688.000000
1687 46386372829238954066018566144.000000
1688 45117030599030075095657742336.000000
1689 43880661090568731026306105344.000000
1690 42676458673418342430893146112.000000
1691 41503635987877233128401534976.000000
1692 40361423568319389253479956480.000000
1693 39249069473337047944129413120.000000
1694 38165838922582878658265874432.000000
1695 37111013940216332704007847936.000000
1696 36083893004855891032444764160.000000
1697 35083790705940409289176776704.000000
1698 34110037406405266007427907584.000000
1699 33161978911577062694837026816.000000
1700 32238976144194833496542281728.000000
1701 31340404825463866141546905600.000000
1702 30465655162050434902609887232.000000
1703 29614131538926951364649025536.000000
1704 28785252217976871670876471296.000000
1705 27978449042270233834119233536.000000
1706 27193167145922347968218791936.000000
1707 26428864669446829686311092224.000000
1708 25685012480518485794462105600.000000
1709 24961093900058658698436804608.000000
1710 24256604433560179123425378304.000000
1711 23571051507566657820969402368.000000
1712 22903954211225161420958072832.000000
1713 22254843042828881068797460480.000000
1714 21623259661270096846925070336.000000
1715 21008756642322958127563014144.000000
1716 20410897239677139319881990144.000000
1717 19829255150644573966841151488.000000
1718 19263414286461832985806110720.000000
1719 18712968547111858538163470336.000000
1720 18177521600590313125522178048.000000
1721 17656686666541258152324628480.000000
1722 17150086304189512823573839872.000000
1723 16657352204496582451499368448.000000
1724 16178124986468696711449542656.000000
1725 15712053997546516535064920064.000000
1726 15258797118005712087020470272.000000
1727 14818020569300615938367815680.000000
1728 14389398726282067032997363712.000000
1729 13972613933222735877739905024.000000
1730 13567356323583063056952852480.000000
1731 13173323643453236753691836416.000000
1732 12790221078605819121940561920.000000
1733 12417761085096182221348274176.000000
1734 12055663223346953252761501696.000000
1735 11703653995655459393348042752.000000
1736 11361466687062843671739105280.000000
1737 11028841209523954332173598720.000000
1738 10705523949319639013372461056.000000
1739 10391267617652160274196594688.000000
1740 10085831104366252197211537408.000000
1741 9788979334738865566863327232.000000
1742 9500483129281659570155945984.000000
1743 9220119066500661906069520384.000000
1744 8947669348559154163748962304.000000
1745 8682921669789376435097436160.000000
1746 8425669088000914519408771072.000000
1747 8175709898533263641766002688.000000
1748 7932847511001491972049338368.000000
1749 7696890328684107551303794688.000000
1750 7467651630503837519193309184.000000
1751 7244949455552049426989056000.000000
1752 7028606490108623041446543360.000000
1753 6818449957109670383158558720.000000
1754 6614311508016485805877886976.000000
1755 6416027117039633489861804032.000000
1756 6223436977672863674080952320.000000
1757 6036385401492149285483970560.000000
1758 5854720719176126382997504000.000000
1759 5678295183704664937127215104.000000
1760 5506964875693125497792757760.000000
1761 5340589610820308102797066240.000000
1762 5179032849309290550423191552.000000
1763 5022161607420415831814701056.000000
1764 4869846370916818266993197056.000000
1765 4721961010463159913099034624.000000
1766 4578382698919368116278394880.000000
1767 4438991830491233248360792064.000000
1768 4303671941700967567854665728.000000
1769 4172309634140772268718948352.000000
1770 4044794498973830321612521472.000000
1771 3921019043147113575265337344.000000
1772 3800878617281378297789284352.000000
1773 3684271345204131806316593152.000000
1774 3571098055092092804679073792.000000
1775 3461262212190072119364681728.000000
1776 3354669853073987224557584384.000000
1777 3251229521426023014230654976.000000
1778 3150852205290825391003402240.000000
1779 3053451275781895716455055360.000000
1780 2958942427208030367233605632.000000
1781 2867243618590218638568980480.000000
1782 2778275016539797065868247040.000000
1783 2691958939469413049803210752.000000
1784 2608219803108537587277496320.000000
1785 2526984067296152567276371968.000000
1786 2448180184023461841218830336.000000
1787 2371738546700114643442991104.000000
1788 2297591440617733952420970496.000000
1789 2225672994585397253589958656.000000
1790 2155919133711708643471130624.000000
1791 2088267533308994293067677696.000000
1792 2022657573895297324556484608.000000
1793 1959030297270529577619292160.000000
1794 1897328363643456050375426048.000000
1795 1837496009786670210604859392.000000
1796 1779479008197118045427073024.000000
1797 1723224627240230094903443456.000000
1798 1668681592256074208019218432.000000
1799 1615800047606368644890624000.000000
1800 1564531519641626157600735232.000000
1801 1514828880568071042120024064.000000
1802 1466646313194409034273259520.000000
1803 1419939276538863074737651712.000000
1804 1374664472277325023929171968.000000
1805 1330779812013787318203711488.000000
1806 1288244385354695746846195712.000000
1807 1247018428769094602128883712.000000
1808 1207063295216875534249099264.000000
1809 1168341424527808130084503552.000000
1810 1130816314514339060032471040.000000
1811 1094452492801469343862882304.000000
1812 1059215489357412774237437952.000000
1813 1025071809709043101269491712.000000
1814 991988908826428952079761408.000000
1815 959935165661157055925321728.000000
1816 928879858323331125017051136.000000
1817 898793139882592100050534400.000000
1818 869646014778687713527726080.000000
1819 841410315827491371193729024.000000
1820 814058681808581320706621440.000000
1821 787564535620916450219261952.000000
1822 761902062993266005831057408.000000
1823 737046191736443179957747712.000000
1824 712972571524618197428862976.000000
1825 689657554193271986828869632.000000
1826 667078174541586957525319680.000000
1827 645212131627363323164491776.000000
1828 624037770542784707903356928.000000
1829 603534064659608903406845952.000000
1830 583680598332607103475122176.000000
1831 564457550050299587135012864.000000
1832 545845676022299909978849280.000000
1833 527826294192789051779579904.000000
1834 510381268669874202315063296.000000
1835 493492994560796049421631488.000000
1836 477144383203210666820239360.000000
1837 461318847782915104489603072.000000
1838 446000289328681140671741952.000000
1839 431173083074979852095324160.000000
1840 416822065183658041602473984.000000
1841 402932519815776889787645952.000000
1842 389490166545049284335632384.000000
1843 376481148104462845119299584.000000
1844 363892018457920304454828032.000000
1845 351709731188858094528495616.000000
1846 339921628198016405911633920.000000
1847 328515428702696365203914752.000000
1848 317479218530023323409055744.000000
1849 306801439696891789615038464.000000
1850 296470880269445734154108928.000000
1851 286476664495101676527550464.000000
1852 276808243200291263811158016.000000
1853 267455384447243394085814272.000000
1854 258408164443296157581443072.000000
1855 249656958696357614162280448.000000
1856 241192433410304678285017088.000000
1857 233005537114232974540275712.000000
1858 225087492519629578116792320.000000
1859 217429788599659473582161920.000000
1860 210024172884910703160328192.000000
1861 202862643970064087605313536.000000
1862 195937444226087921146396672.000000
1863 189241052712678404143448064.000000
1864 182766178285802676014809088.000000
1865 176505752895315935087296512.000000
1866 170452925067737106837667840.000000
1867 164601053569399325951262720.000000
1868 158943701245293786564657152.000000
1869 153474629029041547895635968.000000
1870 148187790119534913048805376.000000
1871 143077324319901547675779072.000000
1872 138137552534545986656141312.000000
1873 133362971420126359259709440.000000
1874 128748248186419734862888960.000000
1875 124288215543141847636377600.000000
1876 119977866788861089757003776.000000
1877 115812351038264654038040576.000000
1878 111786968584103306089988096.000000
1879 107897166390249825717190656.000000
1880 104138533712382040737841152.000000
1881 100506797842895350299361280.000000
1882 96997819976722133809102848.000000
1883 93607591194833504293617664.000000
1884 90332228562264285941596160.000000
1885 87167971337589214702206976.000000
1886 84111177290850722419572736.000000
1887 81158319127017469044064256.000000
1888 78305981012120441785942016.000000
1889 75550855199292750942961664.000000
1890 72889738751998247804338176.000000
1891 70319530361815617102675968.000000
1892 67837227258198532684775424.000000
1893 65439922207709070108917760.000000
1894 63124800600274526822989824.000000
1895 60889137620088031883034624.000000
1896 58730295498831927705600000.000000
1897 56645720848960785326538752.000000
1898 54632942074837934624735232.000000
1899 52689566859580748872024064.000000
1900 50813279725522046693670912.000000
1901 49001839666246625800486912.000000
1902 47253077848219194767704064.000000
1903 45564895380069945375195136.000000
1904 43935261147652223326486528.000000
1905 42362209713039024916004864.000000
1906 40843839275668048426565632.000000
1907 39378309693900159239323648.000000
1908 37963840565291410794741760.000000
1909 36598709363930711172579328.000000
1910 35281249633236744507752448.000000
1911 34009849232648335309930496.000000
1912 32782948636686462874550272.000000
1913 31599039284902863533244416.000000
1914 30456661981275779634298880.000000
1915 29354405341643165382213632.000000
1916 28290904287810019542433792.000000
1917 27264838586995201103888384.000000
1918 26274931435325209031213056.000000
1919 25319948084112549319016448.000000
1920 24398694507692519134855168.000000
