0 7934687331257570820096.000000
1 8250172522312011612160.000000
2 8577844230699995889664.000000
3 8918158632823767957504.000000
4 9271588402229884747776.000000
5 9638623283809653620736.000000
6 10019770687142552928256.000000
7 10415556299590111068160.000000
8 10826524719765818179584.000000
9 11253240112025635389440.000000
10 11696286882642226315264.000000
11 12156270378346629562368.000000
12 12633817607940748607488.000000
13 13129577987705164267520.000000
14 13644224111348121862144.000000
15 14178452545263827419136.000000
16 14732984649890123481088.000000
17 15308567427979799429120.000000
18 15905974400622973157376.000000
19 16526006511882744102912.000000
20 17169493062931768672256.000000
21 17837292676602493140992.000000
22 18530294293291492966400.000000
23 19249418199184732848128.000000
24 19995617087799001350144.000000
25 20769877155863756537856.000000
26 21573219234596431855616.000000
27 22406699957455167684608.000000
28 23271412965484867354624.000000
29 24168490151402100752384.000000
30 25099102943600244162560.000000
31 26064463631286632710144.000000
32 27065826732002106146816.000000
33 28104490402804303659008.000000
34 29181797896436190281728.000000
35 30299139063836751953920.000000
36 31457951904389522259968.000000
37 32659724165344646922240.000000
38 33905994991888918118400.000000
39 35198356629381705629696.000000
40 36538456179315660816384.000000
41 37927997410605327712256.000000
42 39368742627851045437440.000000
43 40862514598272389087232.000000
44 42411198539050954784768.000000
45 44016744166870692659200.000000
46 45681167811495749222400.000000
47 47406554595272903622656.000000
48 49195060680501021900800.000000
49 51048915586658817015808.000000
50 52970424579543867064320.000000
51 54961971134423139090432.000000
52 57026019475360923516928.000000
53 59165117192940810141696.000000
54 61381897942668339576832.000000
55 63679084226390666510336.000000
56 66059490259146033332224.000000
57 68526024923908096917504.000000
58 71081694816767645319168.000000
59 73729607385151627591680.000000
60 76472974161761351499776.000000
61 79315114096969945972736.000000
62 82259456992503138353152.000000
63 85309547039295612649472.000000
64 88469046462496794214400.000000
65 91741739276671570149376.000000
66 95131535154331640659968.000000
67 98642473411005791600640.000000
68 102278727110148143185920.000000
69 106044607291267852795904.000000
70 109944567324750269906944.000000
71 113983207396933426479104.000000
72 118165279129092682153984.000000
73 122495690334086302269440.000000
74 126979509914501971443712.000000
75 131621972906257558798336.000000
76 136428485671696407199744.000000
77 141404631246331973730304.000000
78 146556174843498201088000.000000
79 151889069521269105360896.000000
80 157409462016128791347200.000000
81 163123698747976336801792.000000
82 169038332001181453254656.000000
83 175160126286505061646336.000000
84 181496064888843574181888.000000
85 188053356605863031209984.000000
86 194839442682718829150208.000000
87 201862003948197938987008.000000
88 209128968157739129765888.000000
89 216648517548932069326848.000000
90 224429096615229016506368.000000
91 232479420103748579491840.000000
92 240808481243197446553600.000000
93 249425560208075481153536.000000
94 258340232825493788819456.000000
95 267562379531077097095168.000000
96 277102194580589830471680.000000
97 286970195524083907559424.000000
98 297177232949521644781568.000000
99 307734500503019686199296.000000
100 318653545192994902114304.000000
101 329946277985714557681664.000000
102 341624984699882337992704.000000
103 353702337208124381855744.000000
104 366191404953383055917056.000000
105 379105666788455343980544.000000
106 392459023147063318675456.000000
107 406265808555103202836480.000000
108 420540804490851195551744.000000
109 435299252603179249958912.000000
110 450556868296991024611328.000000
111 466329854695344720314368.000000
112 482634916987918291566592.000000
113 499489277175718475726848.000000
114 516910689222158555545600.000000
115 534917454620851565494272.000000
116 553528438390722142404608.000000
117 572763085509275236171776.000000
118 592641437795097528762368.000000
119 613184151250945710227456.000000
120 634412513878993662902272.000000
121 656348463980133532827648.000000
122 679014608949409478606848.000000
123 702434244580032657752064.000000
124 726631374888612841652224.000000
125 751630732474598868123648.000000
126 777457799427159517822976.000000
127 804138828793053691510784.000000
128 831700866619330554494976.000000
129 860171774585026732097536.000000
130 889580253236297686056960.000000
131 919955865839771783790592.000000
132 951329062869231386755072.000000
133 983731207141044722335744.000000
134 1017194599614120061829120.000000
135 1051752505870475178541056.000000
136 1087439183292892480274432.000000
137 1124289908956445353705472.000000
138 1162341008251076797792256.000000
139 1201629884252763342241792.000000
140 1242195047861149165944832.000000
141 1284076148721953955381248.000000
142 1327314006952823517872128.000000
143 1371950645691662202830848.000000
144 1418029324486933800288256.000000
145 1465594573549788429549568.000000
146 1514692228888294911377408.000000
147 1565369468344470433955840.000000
148 1617674848555250831327232.000000
149 1671658342858952814886912.000000
150 1727371380169246307778560.000000
151 1784866884839044531879936.000000
152 1844199317537308712894464.000000
153 1905424717162019014311936.000000
154 1968600743813276275572736.000000
155 2033786722850780986998784.000000
156 2101043690060497232592896.000000
157 2170434437955889957699584.000000
158 2242023563239401480781824.000000
159 2315877515450638474936320.000000
160 2392064646827970157084672.000000
161 2470655263410984673345536.000000
162 2551721677411673186500608.000000
163 2635338260882748042379264.000000
164 2721581500712145368645632.000000
165 2810530054973189808717824.000000
166 2902264810660575550898176.000000
167 2996868942842882332557312.000000
168 3094427975262785333362688.000000
169 3195029842416985991806976.000000
170 3298764953148165120327680.000000
171 3405726255782182038536192.000000
172 3516009304844117106229248.000000
173 3629712329387495382843392.000000
174 3746936302971681975042048.000000
175 3867785015323015696613376.000000
176 3992365145715979956781056.000000
177 4120786338111248811425792.000000
178 4253161278088301347078144.000000
179 4389605771610772161429504.000000
180 4530238825663550738923520.000000
181 4675182730801306092437504.000000
182 4824563145648715411226624.000000
183 4978509183393549481148416.000000
184 5137153500314413498892288.000000
185 5300632386385602253160448.000000
186 5469085858002470317326336.000000
187 5642657752871262822072320.000000
188 5821495827108157682876416.000000
189 6005751854593237598601216.000000
190 6195581728625605669289984.000000
191 6391145565926823775174656.000000
192 6592607813040511062638592.000000
193 6800137355177043689472000.000000
194 7013907627552671717654528.000000
195 7234096729273594181320704.000000
196 7460887539816079892152320.000000
197 7694467838154832867229696.000000
198 7935030424592246867230720.000000
199 8182773245342668854132736.000000
200 8437899519925984451100672.000000
201 8700617871426147378528256.000000
202 8971142459671099473920000.000000
203 9249693117391264490192896.000000
204 9536495489414916632215552.000000
205 9831781174959463525777408.000000
206 10135787873078515463094272.000000
207 10448759531326059099193344.000000
208 10770946497699380191035392.000000
209 11102605675923275471912960.000000
210 11444000684140091987197952.000000
211 11795402017069618968920064.000000
212 12157087211704860928901120.000000
213 12529341016610354157846528.000000
214 12912455564890640153051136.000000
215 13306730550897662696095744.000000
216 13712473410746533906743296.000000
217 14129999506710602805411840.000000
218 14559632315567225920552960.000000
219 15001703620967089028726784.000000
220 15456553709900865418035200.000000
221 15924531573337661785505792.000000
222 16405995111111319934205952.000000
223 16901311341131338220568576.000000
224 17410856612996035695869952.000000
225 17935016826087379329613824.000000
226 18474187652226699281563648.000000
227 19028774762973403407187968.000000
228 19599194061647487921291264.000000
229 20185871920160313341640704.000000
230 20789245420736925128458240.000000
231 21409762602615908560011264.000000
232 22047882713812730877313024.000000
233 22704076468034381304299520.000000
234 23378826306833931298668544.000000
235 24072626667094376122941440.000000
236 24785984253932862582030336.000000
237 25519418319117228112347136.000000
238 26273460945087386292846592.000000
239 27048657334676365886095360.000000
240 27845566106625170567331840.000000
241 28664759596988993753841664.000000
242 29506824166531133241032704.000000
243 30372360514203402777919488.000000
244 31261983996813074665308160.000000
245 32176324954975983733047296.000000
246 33116029045459043710140416.000000
247 34081757580013455611527168.000000
248 35074187870803959394336768.000000
249 36094013582538071387144192.000000
250 37141945091402088969142272.000000
251 38218709850911107832610816.000000
252 39325052764780683709120512.000000
253 40461736566930407549829120.000000
254 41629542208728963070558208.000000
255 42829269253592576329515008.000000
256 44061736279049707603361792.000000
257 45327781286384543769559040.000000
258 46628262117974958959230976.000000
259 47964056882439842445656064.000000
260 49336064387713072145367040.000000
261 50745204582161257490022400.000000
262 52192419003863466348904448.000000
263 53678671238174208698613760.000000
264 55204947383688613274320896.000000
265 56772256526731765683847168.000000
266 58381631224495155718389760.000000
267 60034127996943731349520384.000000
268 61730827827616421246926848.000000
269 63472836673447866734215168.000000
270 65261285983735350298673152.000000
271 67097333228378506953490432.000000
272 68982162435520057585958912.000000
273 70916984738716215742038016.000000
274 72903038933765213139238912.000000
275 74941592045325893893095424.000000
276 77033939903454960188129280.000000
277 79181407730197739956338688.000000
278 81385350736362390733979648.000000
279 83647154728610795351965696.000000
280 85968236727002162484215808.000000
281 88350045593121659996340224.000000
282 90794062668929363974553600.000000
283 93301802426466163524370432.000000
284 95874813128551655110868992.000000
285 98514677500613063121829888.000000
286 101223013413777540365942784.000000
287 104001474579371867349450752.000000
288 106851751254962316360286208.000000
289 109775570962075830164914176.000000
290 112774699215741414560235520.000000
291 115850940265989097834676224.000000
292 119006137851447452324855808.000000
293 122242175965179711181553664.000000
294 125560979632895764679622656.000000
295 128964515703683694137966592.000000
296 132454793653397543668678656.000000
297 136033866400843441633230848.000000
298 139703831136904929553154048.000000
299 143466830166743906636529664.000000
300 147325051765224215240769536.000000
301 151280731045688554536566784.000000
302 155336150842237929536880640.000000
303 159493642605647191793991680.000000
304 163755587313055674086195200.000000
305 168124416391579136960757760.000000
306 172602612655969797387845632.000000
307 177192711260474986719084544.000000
308 181897300665022238997610496.000000
309 186719023615874983081803776.000000
310 191660578140888168637923328.000000
311 196724718559509648731275264.000000
312 201914256507649158648168448.000000
313 207232061977562637823639552.000000
314 212681064372873734507200512.000000
315 218264253578875360958742528.000000
316 223984681048230355668041728.000000
317 229845460902213845512093696.000000
318 235849771047618906964361216.000000
319 242000854309454993850105856.000000
320 248302019579566571917410304.000000
321 254756642981295930159923200.000000
322 261368169050314344985788416.000000
323 268140111931744158419517440.000000
324 275076056593691823262662656.000000
325 282179660057308978841911296.000000
326 289454652643503328257376256.000000
327 296904839236407344148512768.000000
328 304534100563724752824303616.000000
329 312346394494060624751886336.000000
330 320345757351347427748085760.000000
331 328536305246472321112211456.000000
332 336922235426208014000979968.000000
333 345507827639553290917642240.000000
334 354297445521579445942484992.000000
335 363295537994877355503386624.000000
336 372506640688708337621008384.000000
337 381935377375934251614076928.000000
338 391586461427831772905734144.000000
339 401464697286863823015247872.000000
340 411574981957496665421119488.000000
341 421922306515138945914765312.000000
342 432511757633277444235460608.000000
343 443348519128882654509793280.000000
344 454437873526153807325560832.000000
345 465785203638662981945917440.000000
346 477395994169968471249518592.000000
347 489275833332740074191716352.000000
348 501430414486464004471390208.000000
349 513865537793767547577827328.000000
350 526587111895408133877530624.000000
351 539601155603970052291821568.000000
352 552913799616303507900989440.000000
353 566531288244732274315100160.000000
354 580459981167063819513495552.000000
355 594706355195415717767806976.000000
356 609277006063881987148480512.000000
357 624178650235037016152604672.000000
358 639418126725301199989374976.000000
359 655002398949153855433080832.000000
360 670938556582193482963091456.000000
361 687233817443033075404505088.000000
362 703895529394018034844172288.000000
363 720931172260733231436922880.000000
364 738348359770285872523509760.000000
365 756154841508312779891671040.000000
366 774358504894682113488453632.000000
367 792967377177838964048920576.000000
368 811989627447730218333110272.000000
369 831433568667265678578810880.000000
370 851307659722231735847485440.000000
371 871620507489585854129635328.000000
372 892380868924052425494495232.000000
373 913597653162928461941047296.000000
374 935279923648996182174203904.000000
375 957436900271446698355589120.000000
376 980077961524692344721375232.000000
377 1003212646684955635320094720.000000
378 1026850658004490402530328576.000000
379 1051001862923318568125726720.000000
380 1075676296298320506361217024.000000
381 1100884162649529877815885824.000000
382 1126635838423466770297782272.000000
383 1152941874273347243723456512.000000
384 1179812997355969167855976448.000000
385 1207260113645109975913070592.000000
386 1235294310261205436603564032.000000
387 1263926857817135584315965440.000000
388 1293169212779860384299352064.000000
389 1323033019847715604519714816.000000
390 1353530114343101437988306944.000000
391 1384672524620329542146326528.000000
392 1416472474488364749954220032.000000
393 1448942385648194958554824704.000000
394 1482094880144551293946429440.000000
395 1515942782831679484502999040.000000
396 1550499123852877944707874816.000000
397 1585777141133472990490525696.000000
398 1621790282886917550474526720.000000
399 1658552210133675548189130752.000000
400 1696076799232557978587496448.000000
401 1734378144424134371016966144.000000
402 1773470560385861747606552576.000000
403 1813368584798554494339121152.000000
404 1854086980923792173796687872.000000
405 1895640740191871104660275200.000000
406 1938045084799865400871354368.000000
407 1981315470319409067972362240.000000
408 2025467588313687608841469952.000000
409 2070517368963259532432113664.000000
410 2116480983700196217732464640.000000
411 2163374847850069816846057472.000000
412 2211215623281303487932006400.000000
413 2260020221061362239737430016.000000
414 2309805804119286583832608768.000000
415 2360589789914020613124521984.000000
416 2412389853107994096683712512.000000
417 2465223928245386020204314624.000000
418 2519110212434537408469401600.000000
419 2574067168033861694304288768.000000
420 2630113525340706176738787328.000000
421 2687268285282530699924996096.000000
422 2745550722109766660700241920.000000
423 2804980386089724950242918400.000000
424 2865577106200878829193396224.000000
425 2927360992826880720961011712.000000
426 2990352440449588345054429184.000000
427 3054572130340417943470342144.000000
428 3120041033249331358059200512.000000
429 3186780412090655414891315200.000000
430 3254811824625094249611788288.000000
431 3324157126137069807889022976.000000
432 3394838472106683534980153344.000000
433 3466878320875469672890236928.000000
434 3540299436305189198683439104.000000
435 3615124890428757856609107968.000000
436 3691378066092563914670735360.000000
437 3769082659589263600742563840.000000
438 3848262683280208693792079872.000000
439 3928942468206637106266636288.000000
440 4011146666688712213725708288.000000
441 4094900254911508782428192768.000000
442 4180228535497005412433002496.000000
443 4267157140061175299608412160.000000
444 4355712031755165964875857920.000000
445 4445919507789665801397600256.000000
446 4537806201941379368557215744.000000
447 4631399087040703236128374784.000000
448 4726725477439494070911107072.000000
449 4823813031458003177044967424.000000
450 4922689753809775723789942784.000000
451 5023383998003653743170551808.000000
452 5125924468721570080599572480.000000
453 5230340224171258087225688064.000000
454 5336660678412624710261014528.000000
455 5444915603656702313067708416.000000
456 5555135132536085210934018048.000000
457 5667349760345614521714343936.000000
458 5781590347252209620682276864.000000
459 5897888120472664224596754432.000000
460 6016274676418126173934977024.000000
461 6136781982804183391896862720.000000
462 6259442380725190426739343360.000000
463 6384288586691733866789470208.000000
464 6511353694629818258136498176.000000
465 6640671177840699401654239232.000000
466 6772274890919918072051531776.000000
467 6906199071634301606416089088.000000
468 7042478342755671122903040000.000000
469 7181147713849835999568330752.000000
470 7322242583019628767161090048.000000
471 7465798738600610424386748416.000000
472 7611852360807988223222480896.000000
473 7760440023333590337564180480.000000
474 7911598694891254744833064960.000000
475 8065365740709451445053685760.000000
476 8221778923969570113822130176.000000
477 8380876407188608750792474624.000000
478 8542696753544652539146797056.000000
479 8707278928143836696234950656.000000
480 8874662299227346358081945600.000000
481 9044886639316847111274758144.000000
482 9217992126297050947531046912.000000
483 9394019344433787065205784576.000000
484 9573009285326236113549918208.000000
485 9755003348791633532302655488.000000
486 9940043343681101681943117824.000000
487 10128171488625056055159685120.000000
488 10319430412706535202583740416.000000
489 10513863156061108570555416576.000000
490 10711513170401659107409920000.000000
491 10912424319466607974633439232.000000
492 11116640879389920000819068928.000000
493 11324207538991440722097340416.000000
494 11535169399985854168948539392.000000
495 11749571977108867218652790784.000000
496 11967461198158867891843235840.000000
497 12188883403952601839767126016.000000
498 12413885348193151784115503104.000000
499 12642514197248803738444890112.000000
500 12874817529841038593563295744.000000
501 13110843336640089959392346112.000000
502 13350640019766634500142923776.000000
503 13594256392197673025269661696.000000
504 13841741677075359888064905216.000000
505 14093145506916975293799333888.000000
506 14348517922724439628479201280.000000
507 14607909372991856880220372992.000000
508 14871370712609398303378898944.000000
509 15138953201661980412089466880.000000
510 15410708504121123220142161920.000000
511 15686688686428361449988423680.000000
512 15966946215968662797527547904.000000
513 16251533959432230373511135232.000000
514 16540505181063134612123811840.000000
515 16833913540793109986135769088.000000
516 17131813092259098158627291136.000000
517 17434258280702815736076173312.000000
518 17741303940750857884064022528.000000
519 18053005294073752309834186752.000000
520 18369417946922466076864282624.000000
521 18690597887540764362523279360.000000
522 19016601483451954410301685760.000000
523 19347485478618462166196420608.000000
524 19683306990472689088831946752.000000
525 20024123506817768146713182208.000000
526 20369992882596624710749913088.000000
527 20720973336527921773029621760.000000
528 21077123447607512903280754688.000000
529 21438502151473685505863843840.000000
530 21805168736635132249058050048.000000
531 22177182840560001399201464320.000000
532 22554604445624645073080680448.000000
533 22937493874920860343825596416.000000
534 23325911787919934350449180672.000000
535 23719919175992569821264871424.000000
536 24119577357783032947646922752.000000
537 24524947974436349329715232768.000000
538 24936092984677334133107589120.000000
539 25353074659740027091723223040.000000
540 25775955578146476825275006976.000000
541 26204798620333568251836497920.000000
542 26639666963126723215011872768.000000
543 27080624074059317639496335360.000000
544 27527733705536601354189930496.000000
545 27981059888843227779423010816.000000
546 28440666927993047676060958720.000000
547 28906619393420256560860364800.000000
548 29378982115511011780727930880.000000
549 29857820177974015113975300096.000000
550 30343198911049832200151236608.000000
551 30835183884557409482172268544.000000
552 31333840900777155342054195200.000000
553 31839235987169754199453859840.000000
554 32351435388929706420370145280.000000
555 32870505561372982707539148800.000000
556 33396513162157895771035271168.000000
557 33929525043338604338892242944.000000
558 34469608243250347908209311744.000000
559 35016829978226117567626346496.000000
560 35571257634143720554144727040.000000
561 36132958757802957069317308416.000000
562 36702001048132403579458682880.000000
563 37278452347225160485085118464.000000
564 37862380631203247500235374592.000000
565 38453854000910000228835262464.000000
566 39052940672430599879501283328.000000
567 39659708967439944470411345920.000000
568 40274227303377804349637918720.000000
569 40896564183451138885641306112.000000
570 41526788186463064154527760384.000000
571 42164967956468876244351451136.000000
572 42811172192258554032367337472.000000
573 43465469636665890968816320512.000000
574 44127929065704651691428675584.000000
575 44798619277530953026180743168.000000
576 45477609081233162399979143168.000000
577 46164967285448293318481936384.000000
578 46860762686806261303475175424.000000
579 47565064058201331786735157248.000000
580 48277940136891789103259975680.000000
581 48999459612427940933079662592.000000
582 49729691114408748462714650624.000000
583 50468703200068190574003355648.000000
584 51216564341691019012671012864.000000
585 51973342913859707735709319168.000000
586 52739107180531998303241371648.000000
587 53513925281950906086592610304.000000
588 54297865221387415990986342400.000000
589 55090994851716668137328869376.000000
590 55893381861829049674060791808.000000
591 56705093762876729280748847104.000000
592 57526197874356857020348366848.000000
593 58356761310032766546275729408.000000
594 59196850963693865759546540032.000000
595 60046533494755975134583980032.000000
596 60905875313703239613604167680.000000
597 61774942567372766357764440064.000000
598 62653801124084055436934774784.000000
599 63542516558613821592417861632.000000
600 64441154137018678774757064704.000000
601 65349778801306866133097250816.000000
602 66268455153960871431726170112.000000
603 67197247442312552782726430720.000000
604 68136219542772808184412241920.000000
605 69085434944917886335690211328.000000
606 70044956735433702120762638336.000000
607 71014847581921041882684588032.000000
608 71995169716563021880193187840.000000
609 72985984919657658658041364480.000000
610 73987354503017090647114907648.000000
611 74999339293236863878425477120.000000
612 76021999614836381322607329280.000000
613 77055395273274025496033624064.000000
614 78099585537839126968528797696.000000
615 79154629124423303251374374912.000000
616 80220584178174141145049726976.000000
617 81297508256033588695730749440.000000
618 82385458309164487236825120768.000000
619 83484490665267530499729915904.000000
620 84594661010791887756043747328.000000
621 85716024373042859894860939264.000000
622 86848635102189119302124175360.000000
623 87992546853172893649570103296.000000
624 89147812567527174980430200832.000000
625 90314484455101361466770456576.000000
626 91492613975701313181724966912.000000
627 92682251820644842233414025216.000000
628 93883447894237985285104205824.000000
629 95096251295174644512958971904.000000
630 96320710297863643204170022912.000000
631 97556872333687154237329375232.000000
632 98804783972193650446344126464.000000
633 100064490902230109165939851264.000000
634 101336037913017059764705689600.000000
635 102619468875169992602890010624.000000
636 103914826721672143187969310720.000000
637 105222153428802433847989895168.000000
638 106541489997022249689565626368.000000
639 107872876431826432049461329920.000000
640 109216351724561779178552164352.000000
641 110571953833218120707739746304.000000
642 111939719663196487087638446080.000000
643 113319685048058226690775580672.000000
644 114711884730260647299281584128.000000
645 116116352341883052258999926784.000000
646 117533120385348255441783619584.000000
647 118962220214144659157745139712.000000
648 120403682013552818074947682304.000000
649 121857534781382558450723061760.000000
650 123323806308724734061778567168.000000
651 124802523160722966857650274304.000000
652 126293710657370685177688227840.000000
653 127797392854337945539014819840.000000
654 129313592523833896193409155072.000000
655 130842331135509878633954017280.000000
656 132383628837408022494793695232.000000
657 133937504436961561477862391808.000000
658 135503975382051356314024542208.000000
659 137083057742124465364393787392.000000
660 138674766189380462730108993536.000000
661 140279113980030500051403931648.000000
662 141896112935635022970481541120.000000
663 143525773424525718981168857088.000000
664 145168104343317079874282192896.000000
665 146823113098513841596934389760.000000
666 148490805588219104192574259200.000000
667 150171186183949904813385318400.000000
668 151864257712565345538996699136.000000
669 153570021438313063830714843136.000000
670 155288477045000853797275172864.000000
671 157019622618297572435834175488.000000
672 158763454628171264924107931648.000000
673 160519967911468819049237970944.000000
674 162289155654643745843151110144.000000
675 164071009376638753862924107776.000000
676 165865518911927532754850283520.000000
677 167672672393723152412532801536.000000
678 169492456237358830373841141760.000000
679 171324855123846345112544083968.000000
680 173169851983619519127129948160.000000
681 175027427980467169873325195264.000000
682 176897562495663796867752263680.000000
683 178780233112301277109330903040.000000
684 180675415599831103783259078656.000000
685 182583083898819525600503398400.000000
686 184503210105925403212611846144.000000
687 186435764459103878926592638976.000000
688 188380715323043565097346662400.000000
689 190338029174843232540908584960.000000
690 192307670589933734021147131904.000000
691 194289602228251320075040063488.000000
692 196283784820668504441639403520.000000
693 198290177155688636359842463744.000000
694 200308736066410477737572564992.000000
695 202339416417767640635717713920.000000
696 204382171094050907103663489024.000000
697 206436950986717407200466173952.000000
698 208503704982493832813572259840.000000
699 210582379951779598249595240448.000000
700 212672920737355260437335113728.000000
701 214775270143402707851877023744.000000
702 216889368924842325446838190080.000000
703 219015155776994066916064624640.000000
704 221152567325566761962544562176.000000
705 223301538116982519527095926784.000000
706 225462000609041856476362047488.000000
707 227633885161934231271603437568.000000
708 229817120029601054677075492864.000000
709 232011631351455821845107834880.000000
710 234217343144466467511838179328.000000
711 236434177295607121915506851840.000000
712 238662053554682609952660389888.000000
713 240900889527532448971705286656.000000
714 243150600669619271015904313344.000000
715 245411100280006630512279945216.000000
716 247682299495731580615354482688.000000
717 249964107286577577336516902912.000000
718 252256430450251441002457858048.000000
719 254559173607970813782765076480.000000
720 256872239200466194673841471488.000000
721 259195527484402407382494216192.000000
722 261528936529224356552543043584.000000
723 263872362214431857409051852800.000000
724 266225698227287760944834281472.000000
725 268588836060963948617604792320.000000
726 270961665013130052001123532800.000000
727 273344072184988415827543851008.000000
728 275735942480760300601799081984.000000
729 278137158607626315459656155136.000000
730 280547601076126816322086502400.000000
731 282967148201024485961395863552.000000
732 285395676102633951422461247488.000000
733 287833058708621499839446777856.000000
734 290279167756279185141393260544.000000
735 292733872795276386687053201408.000000
736 295197041190891810500598824960.000000
737 297668538127730471892202553344.000000
738 300148226613927348313350209536.000000
739 302635967485841502359072538624.000000
740 305131619413244263723048108032.000000
741 307635038905002244161763540992.000000
742 310146080315260322386056052736.000000
743 312664595850125548858084687872.000000
744 315190435574854574137264832512.000000
745 317723447421548048843630706688.000000
746 320263477197351854501137481728.000000
747 322810368593170794760437235712.000000
748 325363963192892108173222084608.000000
749 327924100483125241258226745344.000000
750 330490617863455911534053556224.000000
751 333063350657217521559191683072.000000
752 335642132122781964672811663360.000000
753 338226793465369329855126044672.000000
754 340817163849378898244618158080.000000
755 343413070411241712787115737088.000000
756 346014338272795987654104580096.000000
757 348620790555185850011491500032.000000
758 351232248393283273401328205824.000000
759 353848530950635032323844734976.000000
760 356469455434932989169932173312.000000
761 359094837114009191247702392832.000000
762 361724489332355496428148097024.000000
763 364358223528166953353717219328.000000
764 366995849250907810309894832128.000000
765 369637174179402404559606251520.000000
766 372282004140447061859511566336.000000
767 374930143127943358001912479744.000000
768 377581393322551757219852976128.000000
769 380235555111865486717925457920.000000
770 382892427111100002991666626560.000000
771 385551806184301498004007813120.000000
772 388213487466066775025664393216.000000
773 390877264383779138476580012032.000000
774 393542928680351853519124299776.000000
775 396210270437482482734020427776.000000
776 398879078099412329641979936768.000000
777 401549138497188878008719507456.000000
778 404220236873431367670848028672.000000
779 406892156907592047795741130752.000000
780 409564680741714163106565849088.000000
781 412237589006681606522874626048.000000
782 414910660848956508673327235072.000000
783 417583673957803497643145428992.000000
784 420256404592993732819370901504.000000
785 422928627612987868408996429824.000000
786 425600116503592106024203452416.000000
787 428270643407084451216194797568.000000
788 430939979151804840770646573056.000000
789 433607893282208085233616551936.000000
790 436274154089370760206142668800.000000
791 438938528641950850138880606208.000000
792 441600782817593459596083593216.000000
793 444260681334777384701855268864.000000
794 446917987785097618956583174144.000000
795 449572464665978797242716258304.000000
796 452223873413813174464166232064.000000
797 454871974437517931532263620608.000000
798 457516527152505053298827460608.000000
799 460157290015059485942953803776.000000
800 462794020557116848087244996608.000000
801 465426475421436754993805787136.000000
802 468054410397163170853216583680.000000
803 470677580455767004091879784448.000000
804 473295739787362360710949502976.000000
805 475908641837390263207357054976.000000
806 478516039343663431521212039168.000000
807 481117684373763118810324271104.000000
808 483713328362782724396033245184.000000
809 486302722151407910043695185920.000000
810 488885616024328434503223607296.000000
811 491461759748972206529219395584.000000
812 494030902614553252868877451264.000000
813 496592793471426564343252123648.000000
814 499147180770741446141324296192.000000
815 501693812604383591071429427200.000000
816 504232436745199964795535622144.000000
817 506762800687495032941070778368.000000
818 509284651687791222847136858112.000000
819 511797736805845105327065792512.000000
820 514301802945908952241922899968.000000
821 516796596898229155266912321536.000000
822 519281865380772569020173910016.000000
823 521757355081171489879740121088.000000
824 524222812698877067020747145216.000000
825 526677984987512419948622249984.000000
826 529122618797415329429085749248.000000
827 531556461118360439084550193152.000000
828 533979259122452804882592169984.000000
829 536390760207179985405056385024.000000
830 538790712038615565654630072320.000000
831 541178862594761518393679937536.000000
832 543554960209021521716003733504.000000
833 545918753613792355371311955968.000000
834 548269991984165424174347583488.000000
835 550608424981726305074645303296.000000
836 552933802798442536631489527808.000000
837 555245876200628251157514420224.000000
838 557544396572977275650388787200.000000
839 559829115962649572232587640832.000000
840 562099787123405107124739506176.000000
841 564356163559771285509946474496.000000
842 566597999571233326608706174976.000000
843 568825050296437938446483324928.000000
844 571037071757397907414955589632.000000
845 573233820903686765840330391552.000000
846 575415055656613897040780328960.000000
847 577580534953366144861650026496.000000
848 579730018791107342701644742656.000000
849 581863268271024221555955597312.000000
850 583980045642304834433718419456.000000
851 586080114346042530644132626432.000000
852 588163239059050069196265226240.000000
853 590229185737575708538215333888.000000
854 592277721660907691468012912640.000000
855 594308615474857695804531933184.000000
856 596321637235110654813210148864.000000
857 598316558450429829124995416064.000000
858 600293152125706222993171021824.000000
859 602251192804841578470200836096.000000
860 604190456613451436705712177152.000000
861 606110721301379118428873293824.000000
862 608011766285010209041027170304.000000
863 609893372689371996826118389760.000000
864 611755323390011742198169600000.000000
865 613597403054639774605716226048.000000
866 615419398184526158094131003392.000000
867 617221097155641003532909281280.000000
868 619002290259527661090055913472.000000
869 620762769743894789573482381312.000000
870 622502329852920899083693981696.000000
871 624220766867256448804001415168.000000
872 625917879143715055678955454464.000000
873 627593467154641429082029424640.000000
874 629247333526946883535806398464.000000
875 630879283080800326060672548864.000000
876 632489122867964725790343430144.000000
877 634076662209769143861294137344.000000
878 635641712734704009045862252544.000000
879 637184088415632109673396568064.000000
880 638703605606601931778057830400.000000
881 640200083079255602911411961856.000000
882 641673342058820252989491511296.000000
883 643123206259672377600187039744.000000
884 644549501920466618784178765824.000000
885 645952057838817563552851689472.000000
886 647330705405527523268776427520.000000
887 648685278638345938664943517696.000000
888 650015614215257032803030663168.000000
889 651321551507280934534425608192.000000
890 652602932610783205914423853056.000000
891 653859602379280670145602650112.000000
892 655091408454735940226000093184.000000
893 656298201298332344790286336000.000000
894 657479834220719258782253711360.000000
895 658636163411719676184301142016.000000
896 659767047969492706454518366208.000000
897 660872349929141283784673460224.000000
898 661951934290756926404779048960.000000
899 663005669046895072009772859392.000000
900 664033425209472122846546231296.000000
901 665035076836075896949507620864.000000
902 666010501055683856025146884096.000000
903 666959578093779117623927111680.000000
904 667882191296860170212341710848.000000
905 668778227156334720995928571904.000000
906 669647575331791624781242040320.000000
907 670490128673645123639760125952.000000
908 671305783245143516074379051008.000000
909 672094438343736626188960923648.000000
910 672855996521796302623911968768.000000
911 673590363606682628908396838912.000000
912 674297448720152186054491766784.000000
913 674977164297099500931510173696.000000
914 675629426103631539683012378624.000000
915 676254153254462720550035783680.000000
916 676851268229633683062777708544.000000
917 677420696890540443539337117696.000000
918 677962368495278299753654255616.000000
919 678476215713286411023812657152.000000
920 678962174639298542482749390848.000000
921 679420184806587307157421555712.000000
922 679850189199504157656242716672.000000
923 680252134265308231327859867648.000000
924 680625969925282219303922302976.000000
925 680971649585130896563703382016.000000
926 681289130144660061220761501696.000000
927 681578372006732646069408104448.000000
928 681839339085500595016099168256.000000
929 682071998813906452683750899712.000000
930 682276322150458889313630289920.000000
931 682452283585272731553100726272.000000
932 682599861145378143466338385920.000000
933 682719036399293469005973553152.000000
934 682809794460861032258215084032.000000
935 682872123992347443573829926912.000000
936 682906017206803063560420196352.000000
937 682911469869683861898229972992.000000
938 682888481299732856229714722816.000000
939 682837054369122116285291823104.000000
940 682757195502855192507783839744.000000
941 682648914677428561800671002624.000000
942 682512225418754482937454919680.000000
943 682347144799345683844598595584.000000
944 682153693434760754858135912448.000000
945 681931895479313907128647811072.000000
946 681681778621048111012186685440.000000
947 681403374075975132884357873664.000000
948 681096716581581203740163047424.000000
949 680761844389604793504069844992.000000
950 680398799258082831875610509312.000000
951 680007626442673538484834140160.000000
952 679588374687253329082822164480.000000
953 679141096213794271691731369984.000000
954 678665846711522796401806278656.000000
955 678162685325363740202523164672.000000
956 677631674643673104547586244608.000000
957 677072880685262481141031501824.000000
958 676486372885719649544065515520.000000
959 675872224083028865039848177664.000000
960 675230510502494918143381602304.000000
961 674561311740976454518551085056.000000
962 673864710750430384889666732032.000000
963 673140793820775969934295433216.000000
964 672389650562080409744731799552.000000
965 671611373886072411782572408832.000000
966 670806059986988240926020730880.000000
967 669973808321758555121735696384.000000
968 669114721589536448853688975360.000000
969 668228905710578807853029523456.000000
970 667316469804481819473885528064.000000
971 666377526167779505196870139904.000000
972 665412190250913015822150533120.000000
973 664420580634572800414405623808.000000
974 663402819005425470948694294528.000000
975 662359030131228318144489586688.000000
976 661289341835342456011970576384.000000
977 660193884970647128385362329600.000000
978 659072793392867703079787560960.000000
979 657926203933321012846327234560.000000
980 656754256371087613274498269184.000000
981 655557093404619401891449667584.000000
982 654334860622788087219922927616.000000
983 653087706475386892693952004096.000000
984 651815782243089295344488415232.000000
985 650519242006876621203973341184.000000
986 649198242616941956516739547136.000000
987 647852943661078256054591029248.000000
988 646483507432562611224070586368.000000
989 645090098897540618615089266688.000000
990 643672885661925907902171709440.000000
991 642232037937819332697944752128.000000
992 640767728509460209257844572160.000000
993 639280132698716780647948484608.000000
994 637769428330128854224860086272.000000
995 636235795695508382664670314496.000000
996 634679417518110654914946400256.000000
997 633100478916385526481468522496.000000
998 631499167367317625880224727040.000000
999 629875672669367077728709246976.000000
1000 628230186905020171888244031488.000000
1001 626562904402960393231461777408.000000
1002 624874021699871000665274712064.000000
1003 623163737501877951502351335424.000000
1004 621432252645646189398773989376.000000
1005 619679770059136684576015908864.000000
1006 617906494722039214869747597312.000000
1007 616112633625887080054960160768.000000
1008 614298395733867963933729488896.000000
1009 612463991940340725441061978112.000000
1010 610609635030067970393006669824.000000
1011 608735539637178125782148448256.000000
1012 606841922203864686813597663232.000000
1013 604929000938836358586590822400.000000
1014 602996995775528647733329002496.000000
1015 601046128330086474164262141952.000000
1016 599076621859131876668654747648.000000
1017 597088701217325186250990157824.000000
1018 595082592814732333577165340672.000000
1019 593058524574010253216986431488.000000
1020 591016725887419180775987216384.000000
1021 588957427573676972196568760320.000000
1022 586880861834662622840366301184.000000
1023 584787262211983130469423120384.000000
1024 582676863543413694487844618240.000000
1025 580549901919223706711652040704.000000
1026 578406614638397963078555664384.000000
1027 576247240164767029308994617344.000000
1028 574072018083054852924023767040.000000
1029 571881189054857976843859918848.000000
1030 569674994774565291397597888512.000000
1031 567453677925231061486792605696.000000
1032 565217482134411502739557187584.000000
1033 562966651929975813810524520448.000000
1034 560701432695905034888066105344.000000
1035 558422070628085769283185934336.000000
1036 556128812690114108486320128000.000000
1037 553821906569117219778925166592.000000
1038 551501600631606388673713537024.000000
1039 549168143879370593751535714304.000000
1040 546821785905421450681511837696.000000
1041 544462776850001347373434929152.000000
1042 542091367356665114467839770624.000000
1043 539707808528444942050433957888.000000
1044 537312351884110505277401333760.000000
1045 534905249314533657954553430016.000000
1046 532486753039168812331908988928.000000
1047 530057115562659349319095681024.000000
1048 527616589631579418164549648384.000000
1049 525165428191322454966325477376.000000
1050 522703884343145919794980585472.000000
1051 520232211301382455896439783424.000000
1052 517750662350826548542838931456.000000
1053 515259490804308224005392826368.000000
1054 512758949960461318104914329600.000000
1055 510249293061698065920262406144.000000
1056 507730773252397401372857729024.000000
1057 505203643537318296055078453248.000000
1058 502668156740245877864395702272.000000
1059 500124565462880814386131238912.000000
1060 497573122043978927530510909440.000000
1061 495014078518753424322989129728.000000
1062 492447686578544106709983428608.000000
1063 489874197530766508228947738624.000000
1064 487293862259146727779807002624.000000
1065 484706931184250756590775304192.000000
1066 482113654224318361108974927872.000000
1067 479514280756407151315390562304.000000
1068 476909059577857108300808585216.000000
1069 474298238868081552445996531712.000000
1070 471682066150693981617842552832.000000
1071 469060788255977323674663387136.000000
1072 466434651283703132736307855360.000000
1073 463803900566309173468357197824.000000
1074 461168780632440389561258868736.000000
1075 458529535170863459872299548672.000000
1076 455886406994757827348928659456.000000
1077 453239638006394459732500807680.000000
1078 450589469162204523473506664448.000000
1079 447936140438248103957453864960.000000
1080 445279890796086842322327699456.000000
1081 442620958149067173898328473600.000000
1082 439959579329021838463000903680.000000
1083 437295990053392195586545942528.000000
1084 434630424892780422635313954816.000000
1085 431963117238934621289478881280.000000
1086 429294299273173728711822802944.000000
1087 426624201935256244386049032192.000000
1088 423953054892699176180343898112.000000
1089 421281086510550512967163576320.000000
1090 418608523821620782930035998720.000000
1091 415935592497178904844446990336.000000
1092 413262516818114724870112673792.000000
1093 410589519646575134991567552512.000000
1094 407916822398074899006975115264.000000
1095 405244645014088589620881129472.000000
1096 402573205935126029178211663872.000000
1097 399902722074294471001748013056.000000
1098 397233408791353010095124381696.000000
1099 394565479867258589892650729472.000000
1100 391899147479211908567773741056.000000
1101 389234622176200973100362235904.000000
1102 386572112855047860233607053312.000000
1103 383911826736961780545279229952.000000
1104 381253969344598093789625581568.000000
1105 378598744479628623534459191296.000000
1106 375946354200822778512235560960.000000
1107 373296998802643632441020907520.000000
1108 370650876794358751209120071680.000000
1109 368008184879668511804386967552.000000
1110 365369117936852687044403527680.000000
1111 362733868999438462701015138304.000000
1112 360102629237386790794478747648.000000
1113 357475587938803130769222926336.000000
1114 354852932492169763801452773376.000000
1115 352234848369101509825948286976.000000
1116 349621519107625410232009621504.000000
1117 347013126295984939178502651904.000000
1118 344409849556968039840563068928.000000
1119 341811866532759759644144959488.000000
1120 339219352870318640063483740160.000000
1121 336632482207277775775147753472.000000
1122 334051426158369065425050796032.000000
1123 331476354302369457739774558208.000000
1124 328907434169570952200805416960.000000
1125 326344831229770413632011632640.000000
1126 323788708880780396969011970048.000000
1127 321239228437458519304389525504.000000
1128 318696549121255449577494937600.000000
1129 316160828050277856734141743104.000000
1130 313632220229867020043635654656.000000
1131 311110878543690603482719453184.000000
1132 308596953745344181302340878336.000000
1133 306090594450463535124034093056.000000
1134 303591947129342656016333930496.000000
1135 301101156100057240444990390272.000000
1136 298618363522090056106658234368.000000
1137 296143709390456136952480530432.000000
1138 293677331530325555601752457216.000000
1139 291219365592140149155340222464.000000
1140 288769945047222016977785585664.000000
1141 286329201183870307195259191296.000000
1142 283897263103943829003316494336.000000
1143 281474257719925550134782328832.000000
1144 279060309752465777709904035840.000000
1145 276655541728401066981517688832.000000
1146 274260073979244671034948845568.000000
1147 271874024640145435217904009216.000000
1148 269497509649310632700725428224.000000
1149 267130642747889750495381684224.000000
1150 264773535480314194567985364992.000000
1151 262426297195090134479442804736.000000
1152 260089035046039280267166744576.000000
1153 257761853993983404627573342208.000000
1154 255444856808868845671550025728.000000
1155 253138144072326275547034288128.000000
1156 250841814180660738747866808320.000000
1157 248555963348268336118593748992.000000
1158 246280685611473538027591041024.000000
1159 244016072832783854561906393088.000000
1160 241762214705555599925587214336.000000
1161 239519198759066704838704234496.000000
1162 237287110363991580756234207232.000000
1163 235066032738272230485407039488.000000
1164 232856046953381136786262065152.000000
1165 230657231940970897590204760064.000000
1166 228469664499904169096471642112.000000
1167 226293419303660327940550295552.000000
1168 224128568908111534085160042496.000000
1169 221975183759664711180956467200.000000
1170 219833332203762126047565316096.000000
1171 217703080493736450703411380224.000000
1172 215584492800013797835505926144.000000
1173 213477631219659452053379350528.000000
1174 211382555786260491505764401152.000000
1175 209299324480139846282356195328.000000
1176 207227993238895495598045134848.000000
1177 205168615968259350181948948480.000000
1178 203121244553270084818593382400.000000
1179 201085928869753658223009726464.000000
1180 199062716796105785197098696704.000000
1181 197051654225370696383354372096.000000
1182 195052785077609289479018774528.000000
1183 193066151312552555339132698624.000000
1184 191091792942531588428576849920.000000
1185 189129748045680768739010674688.000000
1186 187180052779406198686988894208.000000
1187 185242741394114609918651662336.000000
1188 183317846247195245749733425152.000000
1189 181405397817250567484984000512.000000
1190 179505424718567586658305179648.000000
1191 177617953715825178856487124992.000000
1192 175743009739030729280219774976.000000
1193 173880615898680163883496243200.000000
1194 172030793501134821798199689216.000000
1195 170193562064209750650571980800.000000
1196 168368939332966634185751003136.000000
1197 166556941295705898622702845952.000000
1198 164757582200151066418247368704.000000
1199 162970874569820150153107996672.000000
1200 161196829220577788537381847040.000000
1201 159435455277361017292268240896.000000
1202 157686760191074540744335163392.000000
1203 155950749755647992268882706432.000000
1204 154227428125249079093846081536.000000
1205 152516797831648424523959631872.000000
1206 150818859801727170754671280128.000000
1207 149133613375124896961947238400.000000
1208 147461056322018423256247173120.000000
1209 145801184861028545013414363136.000000
1210 144153993677247132942481752064.000000
1211 142519475940378881429929459712.000000
1212 140897623322992796940487360512.000000
1213 139288426018877040510948605952.000000
1214 137691872761490720781273923584.000000
1215 136107950842509013572661542912.000000
1216 134536646130453146171095384064.000000
1217 132977943089402044538511425536.000000
1218 131431824797779081566187683840.000000
1219 129898272967207716328684126208.000000
1220 128377267961432171649588789248.000000
1221 126868788815295989959350026240.000000
1222 125372813253774315689288400896.000000
1223 123889317711054028411649392640.000000
1224 122418277349656220371465011200.000000
1225 120959666079596497218410905600.000000
1226 119513456577576856712613199872.000000
1227 118079620306205099201614839808.000000
1228 116658127533235823709618438144.000000
1229 115248947350828523631564292096.000000
1230 113852047694817187716881448960.000000
1231 112467395363987518469796003840.000000
1232 111094956039355364410476462080.000000
1233 109734694303443322748830482432.000000
1234 108386573659549091323046789120.000000
1235 107050556551002139326603591680.000000
1236 105726604380403454352302276608.000000
1237 104414677528843703824024600576.000000
1238 103114735375095799797795258368.000000
1239 101826736314776906135685300224.000000
1240 100550637779475771481022005248.000000
1241 99286396255841341832114995200.000000
1242 98033967304627339874313175040.000000
1243 96793305579690312979974193152.000000
1244 95564364846935291678393630720.000000
1245 94347098003206261438112858112.000000
1246 93141457095116803424489832448.000000
1247 91947393337817297834393731072.000000
1248 90764857133694626013047160832.000000
1249 89593798091000764954876837888.000000
1250 88434165042406298354326700032.000000
1251 87285906063475871127191945216.000000
1252 86148968491060819920055959552.000000
1253 85023298941606798176760627200.000000
1254 83908843329372138452887273472.000000
1255 82805546884553574278527713280.000000
1256 81713354171316770702368964608.000000
1257 80632209105727388615882833920.000000
1258 79562054973580360689062510592.000000
1259 78502834448124159547660042240.000000
1260 77454489607676425405506519040.000000
1261 76416961953128974030984970240.000000
1262 75390192425338596241702912000.000000
1263 74374121422401045283829972992.000000
1264 73368688816805933908007845888.000000
1265 72373833972468794006205104128.000000
1266 71389495761639208093982130176.000000
1267 70415612581681071988492206080.000000
1268 69452122371723528530777079808.000000
1269 68498962629179933524450344960.000000
1270 67556070426132083121466638336.000000
1271 66623382425578418425395412992.000000
1272 65700834897542987942153158656.000000
1273 64788363735044024386101182464.000000
1274 63885904469919514605788332032.000000
1275 62993392288507792304501686272.000000
1276 62110762047181939694788149248.000000
1277 61237948287735376851226329088.000000
1278 60374885252617257774844215296.000000
1279 59521506900016142648996790272.000000
1280 58677746918790072718889844736.000000
1281 57843538743241517274564132864.000000
1282 57018815567736084429619068928.000000
1283 56203510361162955002094813184.000000
1284 55397555881236511731931414528.000000
1285 54600884688636788889889013760.000000
1286 53813429160988926995882573824.000000
1287 53035121506679081779754696704.000000
1288 52265893778506681831370260480.000000
1289 51505677887171768302637678592.000000
1290 50754405614595965306108116992.000000
1291 50012008627076949068757336064.000000
1292 49278418488275228368392159232.000000
1293 48553566672032083964495659008.000000
1294 47837384575018772576627326976.000000
1295 47129803529215623219866763264.000000
1296 46430754814220630073114886144.000000
1297 45740169669387374754485239808.000000
1298 45057979305791169696064602112.000000
1299 44384114918023466598508003328.000000
1300 43718507695813958219421712384.000000
1301 43061088835480250350231879680.000000
1302 42411789551204409090190082048.000000
1303 41770541086136840814352924672.000000
1304 41137274723326660410605568000.000000
1305 40511921796479022774752378880.000000
1306 39894413700539012943395684352.000000
1307 39284681902102160835300294656.000000
1308 38682657949651791707476328448.000000
1309 38088273483623115568957095936.000000
1310 37501460246294407395992928256.000000
1311 36922150091505220974056308736.000000
1312 36350274994202137743960571904.000000
1313 35785767059812165001301458944.000000
1314 35228558533444210059733106688.000000
1315 34678581808919048192497025024.000000
1316 34135769437628079021320306688.000000
1317 33600054137221403516310913024.000000
1318 33071368800125766964617412608.000000
1319 32549646501892922061713571840.000000
1320 32034820509378917900656574464.000000
1321 31526824288755124099876913152.000000
1322 31025591513351319922988285952.000000
1323 30531056071331978688570851328.000000
1324 30043152073206231255044063232.000000
1325 29561813859172287034861551616.000000
1326 29086976006297319690679091200.000000
1327 28618573335533420045867679744.000000
1328 28156540918570667342487879680.000000
1329 27700814084528198456027643904.000000
1330 27251328426484308607833735168.000000
1331 26808019807846208097841315840.000000
1332 26370824368561145897694527488.000000
1333 25939678531169032045653393408.000000
1334 25514519006698458799379841024.000000
1335 25095282800406780253579509760.000000
1336 24681907217365354332173631488.000000
1337 24274329867891372122070581248.000000
1338 23872488672827167351978852352.000000
1339 23476321868668365012633387008.000000
1340 23085768012542144551923482624.000000
1341 22700765987036594011247738880.000000
1342 22321255004882879137328398336.000000
1343 21947174613490953147159412736.000000
1344 21578464699340667519762432000.000000
1345 21215065492229282171308736512.000000
1346 20856917569376756000211599360.000000
1347 20503961859390414293072609280.000000
1348 20156139646090017736319041536.000000
1349 19813392572195009844322762752.000000
1350 19475662642875077500000534528.000000
1351 19142892229165660681197846528.000000
1352 18815024071249743980949143552.000000
1353 18492001281607398869149155328.000000
1354 18173767348034664390425837568.000000
1355 17860266136533105503377555456.000000
1356 17551441894071702726662684672.000000
1357 17247239251222443083429838848.000000
1358 16947603224671244019344343040.000000
1359 16652479219605707829047984128.000000
1360 16361813031981243708307668992.000000
1361 16075550850667103345201643520.000000
1362 15793639259473955128529125376.000000
1363 15516025239064386756140859392.000000
1364 15242656168748181223702003712.000000
1365 14973479828163685607840677888.000000
1366 14708444398847020867170336768.000000
1367 14447498465690676375511367680.000000
1368 14190591018292991120195452928.000000
1369 13937671452200285182103650304.000000
1370 13688689570043110444972900352.000000
1371 13443595582568269801412624384.000000
1372 13202340109568221137724243968.000000
1373 12964874180709407612825763840.000000
1374 12731149236261176692862615552.000000
1375 12501117127726891029458059264.000000
1376 12274730118378803483230863360.000000
1377 12051940883698290584440537088.000000
1378 11832702511723126683550613504.000000
1379 11616968503303280933384224768.000000
1380 11404692772266875375197356032.000000
1381 11195829645497988580483530752.000000
1382 10990333862927754004835336192.000000
1383 10788160577440422112513753088.000000
1384 10589265354695945379213475840.000000
1385 10393604172870643081489154048.000000
1386 10201133422317548960795852800.000000
1387 10011809905148044850097029120.000000
1388 9825590834736205230109622272.000000
1389 9642433835147532768953499648.000000
1390 9462296940493563688344616960.000000
1391 9285138594213970233541001216.000000
1392 9110917648287515944878604288.000000
1393 8939593362373594362199146496.000000
1394 8771125402885683770262814720.000000
1395 8605473841998394740378173440.000000
1396 8442599156589416688063086592.000000
1397 8282462227118010515155058688.000000
1398 8125024336441482199045242880.000000
1399 7970247168571008420035952640.000000
1400 7818092807368437105984274432.000000
1401 7668523735185338327720001536.000000
1402 7521502831445916329772580864.000000
1403 7376993371175014149430181888.000000
1404 7234959023472799618433024000.000000
1405 7095363849937404882254299136.000000
1406 6958172303037012573759209472.000000
1407 6823349224432665174241968128.000000
1408 6690859843253255514259193856.000000
1409 6560669774323951857515364352.000000
1410 6432745016349517719242014720.000000
1411 6307051950053743578442629120.000000
1412 6183557336276351679398412288.000000
1413 6062228314028680142248738816.000000
1414 5943032398509449303925194752.000000
1415 5825937479081777970787909632.000000
1416 5710911817212875649545404416.000000
1417 5597924044377526760760147968.000000
1418 5486943159926636770869903360.000000
1419 5377938528922076093794484224.000000
1420 5270879879938991642499874816.000000
1421 5165737302836814185007939584.000000
1422 5062481246500083006712053760.000000
1423 4961082516550301739835719680.000000
1424 4861512273029948511161942016.000000
1425 4763742028059733872347185152.000000
1426 4667743643470272544901169152.000000
1427 4573489328409258046099816448.000000
1428 4480951636925209470889361408.000000
1429 4390103465528863553130332160.000000
1430 4300918050733258191495233536.000000
1431 4213368966573590458973290496.000000
1432 4127430122107813917435625472.000000
1433 4043075758899011526970048512.000000
1434 3960280448480567795310919680.000000
1435 3879019089805046714701185024.000000
1436 3799266906677799131512045568.000000
1437 3720999445176252825201541120.000000
1438 3644192571055732470321250304.000000
1439 3568822467142871060047724544.000000
1440 3494865630717341767447871488.000000
1441 3422298870882954780524675072.000000
1442 3351099305928892067717578752.000000
1443 3281244360681969578764402688.000000
1444 3212711763850774054633996288.000000
1445 3145479545362474341238833152.000000
1446 3079526033693141736253030400.000000
1447 3014829853192393007640346624.000000
1448 2951369921403066368403701760.000000
1449 2889125446376781429556117504.000000
1450 2828075923986071425592066048.000000
1451 2768201135233853522307973120.000000
1452 2709481143560979377320624128.000000
1453 2651896292152477831504330752.000000
1454 2595427201243333056765362176.000000
1455 2540054765424327025246601216.000000
1456 2485760150948717607369310208.000000
1457 2432524793040327893049147392.000000
1458 2380330393203736129877049344.000000
1459 2329158916537152317962584064.000000
1460 2278992589048597462829236224.000000
1461 2229813894975975924105740288.000000
1462 2181605574111647515554086912.000000
1463 2134350619131996060812050432.000000
1464 2088032272932623600379232256.000000
1465 2042634025969668878369816576.000000
1466 1998139613607766329741279232.000000
1467 1954533013475173333580382208.000000
1468 1911798442826574531452207104.000000
1469 1869920355914010162288918528.000000
1470 1828883441366443535015870464.000000
1471 1788672619578386552845238272.000000
1472 1749273040108081093126651904.000000
1473 1710670079085599631347810304.000000
1474 1672849336631356590982692864.000000
1475 1635796634285396006803603456.000000
1476 1599498012447868643151183872.000000
1477 1563939727831082296720490496.000000
1478 1529108250923494994647973888.000000
1479 1494990263466012277469085696.000000
1480 1461572655940948657004609536.000000
1481 1428842525073979529251258368.000000
1482 1396787171349408997718360064.000000
1483 1365394096539099128739659776.000000
1484 1334651001245306379609047040.000000
1485 1304545782457792711301791744.000000
1486 1275066531125433212252192768.000000
1487 1246201529742631944734113792.000000
1488 1217939249950785982257168384.000000
1489 1190268350155066743449452544.000000
1490 1163177673156743472554704896.000000
1491 1136656243801300104950841344.000000
1492 1110693266642548102707281920.000000
1493 1085278123622974129082204160.000000
1494 1060400371770486664070168576.000000
1495 1036049740911798918072762368.000000
1496 1012216131402599913735847936.000000
1497 988889611874709449023160320.000000
1498 966060417000369636203560960.000000
1499 943718945273840554836230144.000000
1500 921855756810442268070641664.000000
1501 900461571163190536819441664.000000
1502 879527265157154187469914112.000000
1503 859043870741661264165994496.000000
1504 839002572860461168044539904.000000
1505 819394707339969914457817088.000000
1506 800211758795677398141501440.000000
1507 781445358556829916025847808.000000
1508 763087282609454193265606656.000000
1509 745129449557814996587511808.000000
1510 727563918604377253455331328.000000
1511 710382887548325865927475200.000000
1512 693578690802710701733314560.000000
1513 677143797430269126809485312.000000
1514 661070809197953704525824000.000000
1515 645352458650226359374184448.000000
1516 629981607201131374625947648.000000
1517 614951243245182064732930048.000000
1518 600254480287074660208607232.000000
1519 585884555090249333637906432.000000
1520 571834825844297129864986624.000000
1521 558098770351226406815399936.000000
1522 544669984230570645010776064.000000
1523 531542179143342161261494272.000000
1524 518709181034811385572229120.000000
1525 506164928396088199199326208.000000
1526 493903470544493514110009344.000000
1527 481918965922677525695168512.000000
1528 470205680416464984965382144.000000
1529 458757985691375675744714752.000000
1530 447570357547789173097758720.000000
1531 436637374294698426372194304.000000
1532 425953715142006399685361664.000000
1533 415514158611306877263282176.000000
1534 405313580965093564697542656.000000
1535 395346954654328766643306496.000000
1536 385609346784311030379970560.000000
1537 376095917598766988443779072.000000
1538 366801918982097581344030720.000000
1539 357722692979693448211726336.000000
1540 348853670336248635600142336.000000
1541 340190369051980952655364096.000000
1542 331728392956674791297777664.000000
1543 323463430301457763289530368.000000
1544 315391252368217352102215680.000000
1545 307507712096558589178544128.000000
1546 299808742728209742776238080.000000
1547 292290356468772871459569664.000000
1548 284948643166715475828670464.000000
1549 277779769009496698937933824.000000
1550 270779975236722831524888576.000000
1551 263945576870219971863511040.000000
1552 257272961460911552616988672.000000
1553 250758587852386110602739712.000000
1554 244398984961042187210981376.000000
1555 238190750572686939296628736.000000
1556 232130550155472977463869440.000000
1557 226215115689050801837178880.000000
1558 220441244509814102333325312.000000
1559 214805798172108971336269824.000000
1560 209305701325291717492998144.000000
1561 203937940606493306191347712.000000
1562 198699563548975974431326208.000000
1563 193587677505941694918426624.000000
1564 188599448589668347644215296.000000
1565 183732100625836847195488256.000000
1566 178982914122921063967883264.000000
1567 174349225256500007954022400.000000
1568 169828424868366209226113024.000000
1569 165417957480287805277995008.000000
1570 161115320322289198375632896.000000
1571 156918062375318135362289664.000000
1572 152823783428156513924939776.000000
1573 148830133148437321749626880.000000
1574 144934810167635234594488320.000000
1575 141135561179883023326248960.000000
1576 137430180054481880064458752.000000
1577 133816506961962709741993984.000000
1578 130292427513559350400516096.000000
1579 126855871913954582460366848.000000
1580 123504814127157880238899200.000000
1581 120237271055373515393859584.000000
1582 117051301730723085166837760.000000
1583 113945006519678034266554368.000000
1584 110916526340062085738659840.000000
1585 107964041890488684489211904.000000
1586 105085772892086204803055616.000000
1587 102279977342375699106758656.000000
1588 99544950781163113367470080.000000
1589 96879025568300455635714048.000000
1590 94280570173184285574430720.000000
1591 91747988475847437411418112.000000
1592 89279719079509062802472960.000000
1593 86874234634442840232427520.000000
1594 84530041173027629987528704.000000
1595 82245677455843410623594496.000000
1596 80019714328674748738830336.000000
1597 77850754090288314467745792.000000
1598 75737429870845972950548480.000000
1599 73678405020822575534571520.000000
1600 71672372510291286632169472.000000
1601 69718054338444152652431360.000000
1602 67814200953215490575040512.000000
1603 65959590680875682324545536.000000
1604 64153029165464429982121984.000000
1605 62393348817932466742362112.000000
1606 60679408274862144451772416.000000
1607 59010091866638108839641088.000000
1608 57384309094939737408405504.000000
1609 55800994119428561138876416.000000
1610 54259105253502963452739584.000000
1611 52757624468995903028461568.000000
1612 51295556909690642562547712.000000
1613 49871930413529946604437504.000000
1614 48485795043396771393830912.000000
1615 47136222626344478219173888.000000
1616 45822306301155091442302976.000000
1617 44543160074105805961428992.000000
1618 43297918382824636079407104.000000
1619 42085735668118442796384256.000000
1620 40905785953653449809723392.000000
1621 39757262433375522509553664.000000
1622 38639377066553064736948224.000000
1623 37551360180328776800927744.000000
1624 36492460079668665734135808.000000
1625 35461942664594967895212032.000000
1626 34459091054592667682865152.000000
1627 33483205220080120760369152.000000
1628 32533601620834930139332608.000000
1629 31609612851267129709690880.000000
1630 30710587292433593818677248.000000
1631 29835888770687883559305216.000000
1632 28984896222861531430256640.000000
1633 28157003367872869108285440.000000
1634 27351618384661886781095936.000000
1635 26568163596349457869832192.000000
1636 25806075160521401864028160.000000
1637 25064802765538077035200512.000000
1638 24343809332771912782184448.000000
1639 23642570724676193304444928.000000
1640 22960575458589512401158144.000000
1641 22297324426181126647709696.000000
1642 21652330618444083468697600.000000
1643 21025118856143928339464192.000000
1644 20415225525631203370074112.000000
1645 19822198319928466376491008.000000
1646 19245595985001928183513088.000000
1647 18684988071130623402573824.000000
1648 18139954689285407157256192.000000
1649 17610086272432934972555264.000000
1650 17094983341679295565135872.000000
1651 16594256277169667078881280.000000
1652 16107525093662291455377408.000000
1653 15634419220694069491531776.000000
1654 15174577287258577387388928.000000
1655 14727646910916362841882624.000000
1656 14293284491259590662422528.000000
1657 13871155007654003354894336.000000
1658 13460931821181316779474944.000000
1659 13062296480707863902158848.000000
1660 12674938533004573822418944.000000
1661 12298555336845647442608128.000000
1662 11932851881013812983234560.000000
1663 11577540606140916426604544.000000
1664 11232341230313997835698176.000000
1665 10896980578377865636085760.000000
1666 10571192414865831636238336.000000
1667 10254717280491940303863808.000000
1668 9947302332138135337566208.000000
1669 9648701186271887484780544.000000
1670 9358673765729358732853248.000000
1671 9076986149801655122526208.000000
1672 8803410427561352139636736.000000
1673 8537724554368383606325248.000000
1674 8279712211494615847534592.000000
1675 8029162668807860206436352.000000
1676 7785870650456757734735872.000000
1677 7549636203498693585797120.000000
1678 7320264569414435163078656.000000
1679 7097566058453147274182656.000000
1680 6881355926753184518766592.000000
1681 6671454256184403662209024.000000
1682 6467685836858912346734592.000000
1683 6269880052257575292370944.000000
1684 6077870766921161434464256.000000
1685 5891496216655100270084096.000000
1686 5710598901198143904284672.000000
1687 5535025479305910965764096.000000
1688 5364626666200890930626560.000000
1689 5199257133341802726686720.000000
1690 5038775410465244440428544.000000
1691 4883043789854180487725056.000000
1692 4731928232787903877480448.000000
1693 4585298278129242921238528.000000
1694 4443026953005475915890688.000000
1695 4304990685540076604096512.000000
1696 4171069219593268989263872.000000
1697 4041145531469958492454912.000000
1698 3915105748554465432043520.000000
1699 3792839069832132662657024.000000
1700 3674237688258569625927680.000000
1701 3559196714937940921286656.000000
1702 3447614105072598173876224.000000
1703 3339390585646779715289088.000000
1704 3234429584807794619449344.000000
1705 3132637162909058434334720.000000
1706 3033921945179583636570112.000000
1707 2938195055985430315925504.000000
1708 2845370054649193827401728.000000
1709 2755362872794194022236160.000000
1710 2668091753180703368413184.000000
1711 2583477190002051634954240.000000
1712 2501441870609192675442688.000000
1713 2421910618632725257519104.000000
1714 2344810338472165459886080.000000
1715 2270069961122533104156672.000000
1716 2197620391309233811881984.000000
1717 2127394455902464700841984.000000
1718 2059326853583061882241024.000000
1719 1993354105732294720356352.000000
1720 1929414508518493262970880.000000
1721 1867448086154002988793856.000000
1722 1807396545296545670496256.000000
1723 1749203230569369557794816.000000
1724 1692813081175290418298880.000000
1725 1638172588580062934073344.000000
1726 1585229755241082713538560.000000
1727 1533934054357838206074880.000000
1728 1484236390621051766177792.000000
1729 1436089061937879684481024.000000
1730 1389445722110980163371008.000000
1731 1344261344449732540366848.000000
1732 1300492186292324585701376.000000
1733 1258095754417813931950080.000000
1734 1217030771327750998327296.000000
1735 1177257142377335440277504.000000
1736 1138735923736471412932608.000000
1737 1101429291161526231629824.000000
1738 1065300509558976446201856.000000
1739 1030313903322484243955712.000000
1740 996434827425394309726208.000000
1741 963629639250938161004544.000000
1742 931865671142868512669696.000000
1743 901111203659573046018048.000000
1744 871335439515075854991360.000000
1745 842508478190681795330048.000000
1746 814601291201397590589440.000000
1747 787585698001537755774976.000000
1748 761434342514310080626688.000000
1749 736120670270478478213120.000000
1750 711618906141508363091968.000000
1751 687904032652945065508864.000000
1752 664951768864045163085824.000000
1753 642738549800018705907712.000000
1754 621241506423508880588800.000000
1755 600438446132246641377280.000000
1756 580307833770090700996608.000000
1757 560828773138937346523136.000000
1758 541980988999296132055040.000000
1759 523744809547545066864640.000000
1760 506101149358175270469632.000000
1761 489031492779603434405888.000000
1762 472517877772351218647040.000000
1763 456542880178667467571200.000000
1764 441089598412910789394432.000000
1765 426141638562231368024064.000000
1766 411683099887359445958656.000000
1767 397698560713502935220224.000000
1768 384173064701602365964288.000000
1769 371092107490421834252288.000000
1770 358441623700143320596480.000000
1771 346207974288376228478976.000000
1772 334377934249676595265536.000000
1773 322938680649896383479808.000000
1774 311877780986868682194944.000000
1775 301183181869136411099136.000000
1776 290843198004626232180736.000000
1777 280846501491357882777600.000000
1778 271182111402454801186816.000000
1779 261839383657920021397504.000000
1780 252808001175798348251136.000000
1781 244077964295536111517696.000000
1782 235639581466510825095168.000000
1783 227483460194865950752768.000000
1784 219600498241964945178624.000000
1785 211981875067914899423232.000000
1786 204619043513783489134592.000000
1787 197503721716282640302080.000000
1788 190627885248835861086208.000000
1789 183983759483094836445184.000000
1790 177563812165117850681344.000000
1791 171360746200559136014336.000000
1792 165367492643352295243776.000000
1793 159577203882513720672256.000000
1794 153983247021812593197056.000000
1795 148579197447189940928512.000000
1796 143358832576933119655936.000000
1797 138316125789727957712896.000000
1798 133445240525846048931840.000000
1799 128740524556820206845952.000000
1800 124196504419099270447104.000000
