0 19189792056301.628906
1 19998495302746.222656
2 20840110133221.417969
3 21715925188814.718750
4 22627277427716.558594
5 23575553849488.828125
6 24562193277417.296875
7 25588688200771.945312
8 26656586678853.855469
9 27767494308760.433594
10 28923076258854.363281
11 30125059369981.050781
12 31375234326535.683594
13 32675457899540.531250
14 34027655263954.894531
15 35433822392502.343750
16 36896028528363.515625
17 38416418739148.554688
18 39997216554631.984375
19 41640726690798.625000
20 43349337862823.000000
21 45125525689674.875000
22 46971855693119.062500
23 48890986393951.304688
24 50885672508391.882812
25 52958768247638.226562
26 55113230723655.609375
27 57352123464372.789062
28 59678620041532.273438
29 62096007814531.843750
30 64607691793684.000000
31 67217198626410.710938
32 69928180709986.156250
33 72744420434531.343750
34 75669834560065.859375
35 78708478731521.984375
36 81864552135725.296875
37 85142402304452.968750
38 88546530067786.671875
39 92081594662087.062500
40 95752418997026.093750
41 99563995086228.234375
42 103521489646190.703125
43 107630249868266.500000
44 111895809368619.921875
45 116323894321183.937500
46 120920429778782.031250
47 125691546187698.515625
48 130643586101116.531250
49 135783111096983.187500
50 141116908905986.218750
51 146652000755480.812500
52 152395648935336.062500
53 158355364591828.187500
54 164538915755846.062500
55 170954335611832.187500
56 177609931014038.593750
57 184514291256829.156250
58 191676297105929.062500
59 199105130097675.093750
60 206810282113504.968750
61 214801565237072.468750
62 223089121901568.781250
63 231683435334998.187500
64 240595340311334.156250
65 249836034215674.937500
66 259417088431693.656250
67 269350460059880.593750
68 279648503975256.531250
69 290323985233444.187500
70 301390091834181.625000
71 312860447851563.625000
72 324749126940507.937500
73 337070666229155.875000
74 349840080607131.125000
75 363072877419798.937500
76 376785071578884.875000
77 390993201100057.437500
78 405714343078285.062500
79 420966130112029.125000
80 436766767187557.687500
81 453135049034931.062500
82 470090377967424.000000
83 487652782216414.125000
84 505842934774036.562500
85 524682172756116.875000
86 544192517298203.812500
87 564396693997753.500000
88 585318153915810.875000
89 606981095151774.000000
90 629410485005135.750000
91 652632082738375.500000
92 676672462955413.875000
93 701559039610403.750000
94 727320090661842.500000
95 753984783387375.500000
96 781583200374861.625000
97 810146366205661.500000
98 839706274846372.125000
99 870295917765540.125000
100 901949312792235.125000
101 934701533733635.375000
102 968588740769155.000000
103 1003648211638913.750000
104 1039918373644727.000000
105 1077438836482102.375000
106 1116250425922070.875000
107 1156395218362022.750000
108 1197916576265059.750000
109 1240859184507758.000000
110 1285269087656517.750000
111 1331193728193078.250000
112 1378681985710169.000000
113 1427784217098538.500000
114 1478552297747055.500000
115 1531039663777855.250000
116 1585301355339039.500000
117 1641394060977548.000000
118 1699376163115491.000000
119 1759307784653382.000000
120 1821250836724232.500000
121 1885269067622786.750000
122 1951428112934562.750000
123 2019795546889836.250000
124 2090440934967982.500000
125 2163435887778030.250000
126 2238854116241777.750000
127 2316771488106023.500000
128 2397266085811018.000000
129 2480418265742620.500000
130 2566310718896029.500000
131 2655028532979288.000000
132 2746659255985325.000000
133 2841292961261602.000000
134 2939022314106805.500000
135 3039942639924579.500000
136 3144151993964491.000000
137 3251751232681116.500000
138 3362844086742190.000000
139 3477537235717495.000000
140 3595940384480410.000000
141 3718166341354452.000000
142 3844331098037577.000000
143 3974553911337438.500000
144 4108957386751206.000000
145 4247667563923830.500000
146 4390814004019235.500000
147 4538529879039237.000000
148 4690952063125185.000000
149 4848221225878245.000000
150 5010481927733834.000000
151 5177882717427117.000000
152 5350576231585742.000000
153 5528719296487354.000000
154 5712473032019274.000000
155 5902002957878077.000000
156 6097479102047502.000000
157 6299076111593189.000000
158 6506973365813321.000000
159 6721355091784296.000000
160 6942410482341207.000000
161 7170333816533272.000000
162 7405324582594187.000000
163 7647587603468373.000000
164 7897333164933979.000000
165 8154777146363839.000000
166 8420141154166115.000000
167 8693652657946315.000000
168 8975545129433025.000000
169 9266058184209544.000000
170 9565437726294368.000000
171 9873936095613080.000000
172 10191812218405322.000000
173 10519331760609636.000000
174 10856767284270218.000000
175 11204398407009240.000000
176 11562511964608672.000000
177 11931402176745782.000000
178 12311370815926562.000000
179 12702727379661904.000000
180 13105789265930428.000000
181 13520881951973212.000000
182 13948339176465168.000000
183 14388503125107342.000000
184 14841724619686084.000000
185 15308363310642704.000000
186 15788787873200074.000000
187 16283376207089918.000000
188 16792515639926166.000000
189 17316603134269778.000000
190 17856045498428938.000000
191 18411259601040132.000000
192 18982672589474424.000000
193 19570722112113564.000000
194 20175856544540268.000000
195 20798535219686500.000000
196 21439228661984648.000000
197 22098418825564060.000000
198 22776599336537592.000000
199 23474275739420332.000000
200 24191965747724304.000000
201 24930199498771020.000000
202 25689519812764020.000000
203 26470482456163688.000000
204 27273656409404876.000000
205 28099624138998808.000000
206 28948981874059028.000000
207 29822339887291736.000000
208 30720322780489060.000000
209 31643569774564528.000000
210 32592735004167724.000000
211 33568487816916844.000000
212 34571513077284208.000000
213 35602511475171116.000000
214 36662199839207648.000000
215 37751311454810248.000000
216 38870596387031696.000000
217 40020821808234464.000000
218 41202772330620664.000000
219 42417250343646840.000000
220 43665076356354560.000000
221 44947089344644576.000000
222 46264147103521328.000000
223 47617126604334280.000000
224 49006924357040096.000000
225 50434456777510160.000000
226 51900660559904320.000000
227 53406493054132744.000000
228 54952932648423664.000000
229 56540979157017312.000000
230 58171654212999248.000000
231 59846001666290496.000000
232 61565087986806672.000000
233 63330002672796288.000000
234 65141858664370472.000000
235 67001792762229512.000000
236 68910966051594016.000000
237 70870564331344128.000000
238 72881798548368944.000000
239 74945905237126752.000000
240 77064146964413840.000000
241 79237812779338160.000000
242 81468218668491488.000000
243 83756708016311856.000000
244 86104652070625088.000000
245 88513450413353008.000000
246 90984531436372608.000000
247 93519352822507264.000000
248 96119402031631456.000000
249 98786196791862864.000000
250 101521285595820128.000000
251 104326248201912656.000000
252 107202696140636160.000000
253 110152273225835840.000000
254 113176656070901936.000000
255 116277554609857824.000000
256 119456712623295408.000000
257 122715908269114624.000000
258 126056954618014128.000000
259 129481700193683280.000000
260 132992029517638336.000000
261 136589863658641712.000000
262 140277160786646048.000000
263 144055916731190032.000000
264 147928165544183872.000000
265 151895980067002752.000000
266 155961472501817952.000000
267 160126794987080608.000000
268 164394140177073664.000000
269 168765741825445472.000000
270 173243875372628704.000000
271 177830858537052448.000000
272 182529051910040768.000000
273 187340859554300416.000000
274 192268729605879616.000000
275 197315154879493216.000000
276 202482673477089728.000000
277 207773869399541120.000000
278 213191373161330112.000000
279 218737862408098976.000000
280 224416062536930816.000000
281 230228747319216256.000000
282 236178739525965632.000000
283 242268911555415008.000000
284 248502186062770272.000000
285 254881536591932736.000000
286 261409988209039072.000000
287 268090618137648992.000000
288 274926556395403136.000000
289 281920986431975968.000000
290 289077145768136704.000000
291 296398326635727040.000000
292 303887876618366784.000000
293 311549199292679680.000000
294 319385754869842432.000000
295 327401060837236800.000000
296 335598692600000128.000000
297 343982284122242880.000000
298 352555528567710720.000000
299 361322178939662656.000000
300 370286048719716800.000000
301 379451012505435136.000000
302 388821006646383680.000000
303 398400029878425728.000000
304 408192143955980608.000000
305 418201474281985472.000000
306 428432210535290240.000000
307 438888607295201024.000000
308 449574984662905472.000000
309 460495728879470784.000000
310 471655292940138944.000000
311 483058197204610176.000000
312 494709030003010368.000000
313 506612448237233664.000000
314 518773177977338432.000000
315 531196015052687168.000000
316 543885825637482304.000000
317 556847546830382848.000000
318 570086187227852224.000000
319 583606827490895232.000000
320 597414620904833920.000000
321 611514793931763584.000000
322 625912646755334400.000000
323 640613553817479424.000000
324 655622964346731136.000000
325 670946402877732352.000000
326 686589469761573376.000000
327 702557841666556416.000000
328 718857272068994048.000000
329 735493591733648128.000000
330 752472709183399424.000000
331 769800611157736448.000000
332 787483363059659136.000000
333 805527109390562944.000000
334 823938074172691200.000000
335 842722561358715776.000000
336 861886955228027904.000000
337 881437720769272704.000000
338 901381404048719104.000000
339 921724632563989248.000000
340 942474115582702848.000000
341 963636644465590016.000000
342 985219092973594496.000000
343 1007228417558526592.000000
344 1029671657636762240.000000
345 1052555935845553536.000000
346 1075888458281453440.000000
347 1099676514720369792.000000
348 1123927478818789888.000000
349 1148648808295660032.000000
350 1173848045094455808.000000
351 1199532815524934400.000000
352 1225710830384083200.000000
353 1252389885055762688.000000
354 1279577859588537856.000000
355 1307282718751222528.000000
356 1335512512065582080.000000
357 1364275373815749888.000000
358 1393579523033790720.000000
359 1423433263460948224.000000
360 1453844983484039936.000000
361 1484823156046483456.000000
362 1516376338533475840.000000
363 1548513172630756352.000000
364 1581242384156498176.000000
365 1614572782865769216.000000
366 1648513262227072512.000000
367 1683072799170444544.000000
368 1718260453806588160.000000
369 1754085369116553984.000000
370 1790556770611416832.000000
371 1827683965961487104.000000
372 1865476344594489088.000000
373 1903943377262255872.000000
374 1943094615575397888.000000
375 1982939691505440512.000000
376 2023488316853963008.000000
377 2064750282688195840.000000
378 2106735458742616320.000000
379 2149453792786034432.000000
380 2192915309953677312.000000
381 2237130112043799296.000000
382 2282108376778327552.000000
383 2327860357027079168.000000
384 2374396379995054592.000000
385 2421726846372378112.000000
386 2469862229446390784.000000
387 2518813074175459840.000000
388 2568589996224055808.000000
389 2619203680958641152.000000
390 2670664882403958272.000000
391 2722984422159266816.000000
392 2776173188274124800.000000
393 2830242134083289600.000000
394 2885202277000344576.000000
395 2941064697269642752.000000
396 2997840536676193792.000000
397 3055540997213106688.000000
398 3114177339706216448.000000
399 3173760882395551744.000000
400 3234302999473270272.000000
401 3295815119577750016.000000
402 3358308724243485184.000000
403 3421795346306485760.000000
404 3486286568264871936.000000
405 3551794020594369024.000000
406 3618329380018427904.000000
407 3685904367732695040.000000
408 3754530747583583744.000000
409 3824220324200702976.000000
410 3894984941082918912.000000
411 3966836478637838336.000000
412 4039786852174498816.000000
413 4113848009849113088.000000
414 4189031930563663360.000000
415 4265350621817219072.000000
416 4342816117509833216.000000
417 4421440475698879488.000000
418 4501235776307768320.000000
419 4582214118786894848.000000
420 4664387619726813184.000000
421 4747768410423526400.000000
422 4832368634395910144.000000
423 4918200444855203840.000000
424 5005276002126618624.000000
425 5093607471023048704.000000
426 5183207018170942464.000000
427 5274086809288404992.000000
428 5366259006415591424.000000
429 5459735765097496576.000000
430 5554529231519283200.000000
431 5650651539594263552.000000
432 5748114808004721664.000000
433 5846931137195747328.000000
434 5947112606322278400.000000
435 6048671270149634048.000000
436 6151619155907717120.000000
437 6255968260099208192.000000
438 6361730545262048256.000000
439 6468917936686497792.000000
440 6577542319087158272.000000
441 6687615533230280704.000000
442 6799149372516803584.000000
443 6912155579521487872.000000
444 7026645842488624128.000000
445 7142631791784728576.000000
446 7260124996308799488.000000
447 7379136959860570112.000000
448 7499679117467319296.000000
449 7621762831669832704.000000
450 7745399388768091136.000000
451 7870599995027249152.000000
452 7997375772844661760.000000
453 8125737756878489600.000000
454 8255696890138678272.000000
455 8387264020040992768.000000
456 8520449894424868864.000000
457 8655265157535791104.000000
458 8791720345973112832.000000
459 8929825884604020736.000000
460 9069592082444587008.000000
461 9211029128508733440.000000
462 9354147087626006528.000000
463 9498955896229171200.000000
464 9645465358112483328.000000
465 9793685140161675264.000000
466 9943624768056633344.000000
467 10095293621947901952.000000
468 10248700932107909120.000000
469 10403855774558136320.000000
470 10560767066673334272.000000
471 10719443562763851776.000000
472 10879893849637314560.000000
473 11042126342140821504.000000
474 11206149278684887040.000000
475 11371970716750356480.000000
476 11539598528379564032.000000
477 11709040395653093376.000000
478 11880303806153328640.000000
479 12053396048416276480.000000
480 12228324207372951552.000000
481 12405095159781726208.000000
482 12583715569653084160.000000
483 12764191883668197376.000000
484 12946530326592833536.000000
485 13130736896687953920.000000
486 13316817361118740480.000000
487 13504777251363319808.000000
488 13694621858622941184.000000
489 13886356229235064832.000000
490 14079985160091052032.000000
491 14275513194059941888.000000
492 14472944615420123136.000000
493 14672283445300377600.000000
494 14873533437132142592.000000
495 15076698072114530304.000000
496 15281780554693953536.000000
497 15488783808059977728.000000
498 15697710469659258880.000000
499 15908562886729183232.000000
500 16121343111853189120.000000
501 16336052898539356160.000000
502 16552693696824223744.000000
503 16771266648903634944.000000
504 16991772584792385536.000000
505 17214212018014578688.000000
506 17438585141326583808.000000
507 17664891822474395648.000000
508 17893131599987331072.000000
509 18123303679009976320.000000
510 18355406927174234112.000000
511 18589439870513483776.000000
512 18825400689420648448.000000
513 19063287214652211200.000000
514 19303096923380084736.000000
515 19544826935293263872.000000
516 19788474008751235072.000000
517 20034034536991035392.000000
518 20281504544390033408.000000
519 20530879682786299904.000000
520 20782155227858501632.000000
521 21035326075567407104.000000
522 21290386738660851712.000000
523 21547331343244173312.000000
524 21806153625418022912.000000
525 22066846927985614848.000000
526 22329404197231276032.000000
527 22593817979772231680.000000
528 22860080419485642752.000000
529 23128183254512783360.000000
530 23398117814342344704.000000
531 23669875016974585856.000000
532 23943445366168588288.000000
533 24218818948774162432.000000
534 24495985432150528000.000000
535 24774934061673521152.000000
536 25055653658333294592.000000
537 25338132616424202240.000000
538 25622358901328883712.000000
539 25908320047398244352.000000
540 26196003155929141248.000000
541 26485394893241634816.000000
542 26776481488857432064.000000
543 27069248733781409792.000000
544 27363681978887856128.000000
545 27659766133413101568.000000
546 27957485663556268032.000000
547 28256824591189811200.000000
548 28557766492681363456.000000
549 28860294497828614144.000000
550 29164391288908693504.000000
551 29470039099843624960.000000
552 29777219715483463680.000000
553 30085914471008354304.000000
554 30396104251451297792.000000
555 30707769491342696448.000000
556 31020890174478352384.000000
557 31335445833812074496.000000
558 31651415551474315264.000000
559 31968777958918029312.000000
560 32287511237193142272.000000
561 32607593117350600704.000000
562 32929000880977440768.000000
563 33251711360863756288.000000
564 33575700941802803200.000000
565 33900945561525231616.000000
566 34227420711768424448.000000
567 34555101439481942016.000000
568 34883962348169916416.000000
569 35213977599371374592.000000
570 35545120914279149568.000000
571 35877365575498334208.000000
572 36210684428944838656.000000
573 36545049885884784640.000000
574 36880433925115482112.000000
575 37216808095288328192.000000
576 37554143517374390272.000000
577 37892410887272964096.000000
578 38231580478563655680.000000
579 38571622145402322944.000000
580 38912505325561118720.000000
581 39254199043613048832.000000
582 39596671914261045248.000000
583 39939892145811980288.000000
584 40283827543795417088.000000
585 40628445514727383040.000000
586 40973713070019026944.000000
587 41319596830030069760.000000
588 41666063028267040768.000000
589 42013077515725922304.000000
590 42360605765379203072.000000
591 42708612876806742016.000000
592 43057063580970377216.000000
593 43405922245131542528.000000
594 43755152877911670784.000000
595 44104719134494785536.000000
596 44454584321971453952.000000
597 44804711404823789568.000000
598 45155063010550415360.000000
599 45505601435430944768.000000
600 45856288650428841984.000000
601 46207086307231875072.000000
602 46557955744429268992.000000
603 46908857993824329728.000000
604 47259753786881605632.000000
605 47610603561307398144.000000
606 47961367467762302976.000000
607 48312005376704651264.000000
608 48662476885363441664.000000
609 49012741324839272448.000000
610 49362757767331962880.000000
611 49712485033493323776.000000
612 50061881699903348736.000000
613 50410906106668302336.000000
614 50759516365139034112.000000
615 51107670365747666944.000000
616 51455325785960857600.000000
617 51802440098347802624.000000
618 52148970578760990720.000000
619 52494874314627751936.000000
620 52840108213350432768.000000
621 53184629010813444096.000000
622 53528393279994380288.000000
623 53871357439677726720.000000
624 54213477763268255744.000000
625 54554710387702185984.000000
626 54895011322453557248.000000
627 55234336458633388032.000000
628 55572641578179117056.000000
629 55909882363131920384.000000
630 56246014404999077888.000000
631 56580993214199037952.000000
632 56914774229586198528.000000
633 57247312828052930560.000000
634 57578564334205853696.000000
635 57908484030113734656.000000
636 58237027165123837952.000000
637 58564148965744287744.000000
638 58889804645588877312.000000
639 59213949415381942272.000000
640 59536538493019709440.000000
641 59857527113685516288.000000
642 60176870540015345664.000000
643 60494524072310915072.000000
644 60810443058796814336.000000
645 61124582905918644224.000000
646 61436899088678952960.000000
647 61747347161007382528.000000
648 62055882766162042880.000000
649 62362461647158599680.000000
650 62667039657223659520.000000
651 62969572770269143040.000000
652 63270017091384279040.000000
653 63568328867341385728.000000
654 63864464497112588288.000000
655 64158380542393352192.000000
656 64450033738129727488.000000
657 64739381003045617664.000000
658 65026379450166501376.000000
659 65310986397336125440.000000
660 65593159377722490880.000000
661 65872856150309634048.000000
662 66150034710371516416.000000
663 66424653299924508672.000000
664 66696670418154790912.000000
665 66966044831816998912.000000
666 67232735585600618496.000000
667 67496702012460376064.000000
668 67757903743907119104.000000
669 68016300720255361024.000000
670 68271853200824156160.000000
671 68524521774087389184.000000
672 68774267367770030080.000000
673 69021051258886815744.000000
674 69264835083719409664.000000
675 69505580847729016832.000000
676 69743250935400267776.000000
677 69977808120013316096.000000
678 70209215573340299264.000000
679 70437436875262697472.000000
680 70662436023306207232.000000
681 70884177442089500672.000000
682 71102625992683380736.000000
683 71317746981877153792.000000
684 71529506171348377600.000000
685 71737869786733051904.000000
686 71942804526592557056.000000
687 72144277571274088448.000000
688 72342256591661465600.000000
689 72536709757812826112.000000
690 72727605747482099712.000000
691 72914913754520993792.000000
692 73098603497158492160.000000
693 73278645226154524672.000000
694 73455009732824973312.000000
695 73627668356934729728.000000
696 73796592994456158208.000000
697 73961756105189588992.000000
698 74123130720243499008.000000
699 74280690449370841088.000000
700 74434409488159490048.000000
701 74584262625073463296.000000
702 74730225248342540288.000000
703 74872273352697462784.000000
704 75010383545948422144.000000
705 75144533055403917312.000000
706 75274699734127886336.000000
707 75400862067032391680.000000
708 75522999176803762176.000000
709 75641090829659815936.000000
710 75755117440935837696.000000
711 75865060080497393664.000000
712 75970900477977526272.000000
713 76072621027836772352.000000
714 76170204794243612672.000000
715 76263635515773632512.000000
716 76352897609925738496.000000
717 76437976177453268992.000000
718 76518857006508703744.000000
719 76595526576600285184.000000
720 76667972062358568960.000000
721 76736181337112346624.000000
722 76800142976271417344.000000
723 76859846260515913728.000000
724 76915281178790248448.000000
725 76966438431100780544.000000
726 77013309431116103680.000000
727 77055886308569006080.000000
728 77094161911458775040.000000
729 77128129808053649408.000000
730 77157784288691961856.000000
731 77183120367381692416.000000
732 77204133783197663232.000000
733 77220821001475833856.000000
734 77233179214804172800.000000
735 77241206343809908736.000000
736 77244901037742538752.000000
737 77244262674852790272.000000
738 77239291362566815744.000000
739 77229987937456242688.000000
740 77216353965003407360.000000
741 77198391739162411008.000000
742 77176104281715851264.000000
743 77149495341427490816.000000
744 77118569392991535104.000000
745 77083331635778338816.000000
746 77043787992377622528.000000
747 76999945106939494400.000000
748 76951810343313784832.000000
749 76899391782988742656.000000
750 76842698222829764608.000000
751 76781739172618878976.000000
752 76716524852396228608.000000
753 76647066189604470784.000000
754 76573374816037044224.000000
755 76495463064591859712.000000
756 76413343965831266304.000000
757 76327031244350095360.000000
758 76236539314952667136.000000
759 76141883278640791552.000000
760 76043078918413877248.000000
761 75940142694883065856.000000
762 75833091741701062656.000000
763 75721943860809220096.000000
764 75606717517504069632.000000
765 75487431835324841984.000000
766 75364106590764367872.000000
767 75236762207804948480.000000
768 75105419752281784320.000000
769 74970100926075633664.000000
770 74830828061137518592.000000
771 74687624113347166208.000000
772 74540512656208084992.000000
773 74389517874381389824.000000
774 74234664557060816896.000000
775 74075978091191926784.000000
776 73913484454537281536.000000
777 73747210208591175680.000000
778 73577182491345895424.000000
779 73403429009912619008.000000
780 73225978032999636992.000000
781 73044858383250964480.000000
782 72860099429447860224.000000
783 72671731078576545792.000000
784 72479783767765065728.000000
785 72284288456092139520.000000
786 72085276616271265792.000000
787 71882780226213240832.000000
788 71676831760470081536.000000
789 71467464181563629568.000000
790 71254710931202179072.000000
791 71038605921388257280.000000
792 70819183525420900352.000000
793 70596478568795881472.000000
794 70370526320007004160.000000
795 70141362481252130816.000000
796 69909023179047239680.000000
797 69673544954751942656.000000
798 69434964755009904640.000000
799 69193319922107850752.000000
800 68948648184256454656.000000
801 68700987645796679680.000000
802 68450376777335316480.000000
803 68196854405812985856.000000
804 67940459704508407808.000000
805 67681232182982483968.000000
806 67419211676965650432.000000
807 67154438338192367616.000000
808 66886952624186097664.000000
809 66616795287998611456.000000
810 66344007367907106816.000000
811 66068630177072816128.000000
812 65790705293164724224.000000
813 65510274547952107520.000000
814 65227380016869326848.000000
815 64942064008556683264.000000
816 64654369054380875776.000000
817 64364337897938698240.000000
818 64072013484547424256.000000
819 63777438950725804032.000000
820 63480657613668786176.000000
821 63181712960720060416.000000
822 62880648638845370368.000000
823 62577508444110708736.000000
824 62272336311168491520.000000
825 61965176302755364864.000000
826 61656072599205167104.000000
827 61345069487980298240.000000
828 61032211353225216000.000000
829 60717542665345089536.000000
830 60401107970613338112.000000
831 60082951880811151360.000000
832 59763119062902431744.000000
833 59441654228747345920.000000
834 59118602124857868288.000000
835 58794007522198323200.000000
836 58467915206034382848.000000
837 58140369965833420800.000000
838 57811416585219383296.000000
839 57481099831985471488.000000
840 57149464448167239680.000000
841 56816555140179517440.000000
842 56482416569019842560.000000
843 56147093340541386752.000000
844 55810629995798315008.000000
845 55473071001466175488.000000
846 55134460740340293632.000000
847 54794843501914939392.000000
848 54454263473045618688.000000
849 54112764728697364480.000000
850 53770391222781771776.000000
851 53427186779084791808.000000
852 53083195082288201728.000000
853 52738459669087043584.000000
854 52393023919405301760.000000
855 52046931047712260096.000000
856 51700224094441693184.000000
857 51352945917516242944.000000
858 51005139183978913792.000000
859 50656846361734045696.000000
860 50308109711399460864.000000
861 49958971278272200704.000000
862 49609472884409327616.000000
863 49259656120825954304.000000
864 48909562339812204544.000000
865 48559232647370825728.000000
866 48208707895777189888.000000
867 47858028676263256064.000000
868 47507235311827173376.000000
869 47156367850169786368.000000
870 46805466056759820288.000000
871 46454569408028844032.000000
872 46103717084697501696.000000
873 45752947965234118656.000000
874 45402300619447173120.000000
875 45051813302212337664.000000
876 44701523947335647232.000000
877 44351470161553350656.000000
878 44001689218669805568.000000
879 43652218053834031104.000000
880 43303093257955885056.000000
881 42954351072262512640.000000
882 42606027382996000768.000000
883 42258157716252655616.000000
884 41910777232964591616.000000
885 41563920724024180736.000000
886 41217622605551796224.000000
887 40871916914307227648.000000
888 40526837303245209600.000000
889 40182417037215285248.000000
890 39838688988806209536.000000
891 39495685634335121408.000000
892 39153439049981599744.000000
893 38811980908066643968.000000
894 38471342473476521984.000000
895 38131554600231493632.000000
896 37792647728199360512.000000
897 37454651879953506304.000000
898 37117596657775296512.000000
899 36781511240800620544.000000
900 36446424382310100992.000000
901 36112364407162724352.000000
902 35779359209372344320.000000
903 35447436249826639872.000000
904 35116622554147954688.000000
905 34786944710695464960.000000
906 34458428868707901440.000000
907 34131100736586391552.000000
908 33804985580316393472.000000
909 33480108222028128256.000000
910 33156493038694629376.000000
911 32834163960966471680.000000
912 32513144472142397440.000000
913 32193457607274635264.000000
914 31875125952408195072.000000
915 31558171643952848896.000000
916 31242616368186781696.000000
917 30928481360890875904.000000
918 30615787407112224768.000000
919 30304554841055899648.000000
920 29994803546103595008.000000
921 29686552954957864960.000000
922 29379822049910648832.000000
923 29074629363234729984.000000
924 28770992977696731136.000000
925 28468930527190188032.000000
926 28168459197487271936.000000
927 27869595727107715072.000000
928 27572356408303288320.000000
929 27276757088156405760.000000
930 26982813169791246336.000000
931 26690539613695729664.000000
932 26399950939152805888.000000
933 26111061225779302400.000000
934 25823884115170779136.000000
935 25538432812650512384.000000
936 25254720089121058816.000000
937 24972758283016540160.000000
938 24692559302353899520.000000
939 24414134626881392640.000000
940 24137495310322425856.000000
941 23862651982713061376.000000
942 23589614852831121408.000000
943 23318393710715293696.000000
944 23048997930272206848.000000
945 22781436471969648640.000000
946 22515717885614055424.000000
947 22251850313210273792.000000
948 21989841491901845504.000000
949 21729698756989767680.000000
950 21471429045027790848.000000
951 21215038896992432128.000000
952 20960534461525602304.000000
953 20707921498248118272.000000
954 20457205381141815296.000000
955 20208391101998690304.000000
956 19961483273934815232.000000
957 19716486134967205888.000000
958 19473403551651618816.000000
959 19232239022779412480.000000
960 18992995683131367424.000000
961 18755676307286630400.000000
962 18520283313484746752.000000
963 18286818767538900992.000000
964 18055284386798350336.000000
965 17825681544158128128.000000
966 17598011272114128896.000000
967 17372274266861543424.000000
968 17148470892434845696.000000
969 16926601184887291904.000000
970 16706664856508149760.000000
971 16488661300075642880.000000
972 16272589593143816192.000000
973 16058448502361415680.000000
974 15846236487820904448.000000
975 15635951707435804672.000000
976 15427592021344468992.000000
977 15221154996338548736.000000
978 15016637910314252288.000000
979 14814037756744669184.000000
980 14613351249171384320.000000
981 14414574825713551360.000000
982 14217704653592776704.000000
983 14022736633672009728.000000
984 13829666405006782464.000000
985 13638489349407094784.000000
986 13449200596008235008.000000
987 13261795025848965120.000000
988 13076267276455372800.000000
989 12892611746428782592.000000
990 12710822600036171776.000000
991 12530893771801526272.000000
992 12352818971096514560.000000
993 12176591686729048064.000000
994 12002205191528181760.000000
995 11829652546923829248.000000
996 11658926607519959040.000000
997 11490020025659709440.000000
998 11322925255981064192.000000
999 11157634559961745408.000000
1000 10994140010451865600.000000
1001 10832433496193099776.000000
1002 10672506726322993152.000000
1003 10514351234863175680.000000
1004 10357958385190168576.000000
1005 10203319374487560192.000000
1006 10050425238178367488.000000
1007 9899266854336395264.000000
1008 9749834948075356160.000000
1009 9602120095914747904.000000
1010 9456112730121254912.000000
1011 9311803143024685056.000000
1012 9169181491307337728.000000
1013 9028237800265764864.000000
1014 8888961968043980800.000000
1015 8751343769837084672.000000
1016 8615372862064372736.000000
1017 8481038786511006720.000000
1018 8348330974437385216.000000
1019 8217238750655250432.000000
1020 8087751337569811456.000000
1021 7959857859186957312.000000
1022 7833547345084851200.000000
1023 7708808734349086720.000000
1024 7585630879470666752.000000
1025 7464002550206184448.000000
1026 7343912437399370752.000000
1027 7225349156763479040.000000
1028 7108301252623785984.000000
1029 6992757201619691520.000000
1030 6878705416365707264.000000
1031 6766134249070912512.000000
1032 6655031995116237824.000000
1033 6545386896589152256.000000
1034 6437187145775181824.000000
1035 6330420888605918208.000000
1036 6225076228062960640.000000
1037 6121141227537473536.000000
1038 6018603914144933888.000000
1039 5917452281994724352.000000
1040 5817674295414216704.000000
1041 5719257892127040512.000000
1042 5622190986385262592.000000
1043 5526461472055191552.000000
1044 5432057225656549376.000000
1045 5338966109354814464.000000
1046 5247175973906544640.000000
1047 5156674661557433344.000000
1048 5067450008893030400.000000
1049 4979489849641927680.000000
1050 4892782017431324672.000000
1051 4807314348494860288.000000
1052 4723074684332635136.000000
1053 4640050874323416064.000000
1054 4558230778288903680.000000
1055 4477602269010118656.000000
1056 4398153234695884800.000000
1057 4319871581403403776.000000
1058 4242745235411029504.000000
1059 4166762145543201792.000000
1060 4091910285447720448.000000
1061 4018177655825364480.000000
1062 3945552286612016640.000000
1063 3874022239113404416.000000
1064 3803575608092584448.000000
1065 3734200523810366464.000000
1066 3665885154018796544.000000
1067 3598617705907940352.000000
1068 3532386428006136320.000000
1069 3467179612033945600.000000
1070 3402985594712027136.000000
1071 3339792759523194368.000000
1072 3277589538428896256.000000
1073 3216364413540408320.000000
1074 3156105918744994816.000000
1075 3096802641287381504.000000
1076 3038443223306791424.000000
1077 2981016363329907712.000000
1078 2924510817720075264.000000
1079 2868915402083074560.000000
1080 2814218992629853696.000000
1081 2760410527496525824.000000
1082 2707479008022063616.000000
1083 2655413499984025600.000000
1084 2604203134792731648.000000
1085 2553837110644271104.000000
1086 2504304693632756736.000000
1087 2455595218822249984.000000
1088 2407698091278751232.000000
1089 2360602787062726656.000000
1090 2314298854182566912.000000
1091 2268775913509455616.000000
1092 2224023659654071296.000000
1093 2180031861805601024.000000
1094 2136790364533512704.000000
1095 2094289088552556288.000000
1096 2052518031451476480.000000
1097 2011467268385894656.000000
1098 1971126952735864064.000000
1099 1931487316728563200.000000
1100 1892538672026633984.000000
1101 1854271410282642176.000000
1102 1816676003660176384.000000
1103 1779743005322059008.000000
1104 1743463049886200576.000000
1105 1707826853849569024.000000
1106 1672825215980815104.000000
1107 1638449017682039552.000000
1108 1604689223320207872.000000
1109 1571536880528754432.000000
1110 1538983120479848960.000000
1111 1507019158127873792.000000
1112 1475636292424594432.000000
1113 1444825906506568448.000000
1114 1414579467855290880.000000
1115 1384888528430571520.000000
1116 1355744724777715712.000000
1117 1327139778108943360.000000
1118 1299065494359638784.000000
1119 1271513764219873792.000000
1120 1244476563141764352.000000
1121 1217945951323150080.000000
1122 1191914073668092160.000000
1123 1166373159724727552.000000
1124 1141315523600944512.000000
1125 1116733563858420608.000000
1126 1092619763385486976.000000
1127 1068966689249336192.000000
1128 1045766992528076160.000000
1129 1023013408123082752.000000
1130 1000698754552192512.000000
1131 978815933724175232.000000
1132 957357930694995584.000000
1133 936317813406327808.000000
1134 915688732406809600.000000
1135 895463920556501760.000000
1136 875636692715007744.000000
1137 856200445413750912.000000
1138 837148656512826624.000000
1139 818474884842915840.000000
1140 800172769832699776.000000
1141 782236031122218752.000000
1142 764658468162627840.000000
1143 747433959802772224.000000
1144 730556463863032832.000000
1145 714020016696850816.000000
1146 697818732740374656.000000
1147 681946804050626944.000000
1148 666398499832623488.000000
1149 651168165955839488.000000
1150 636250224460432256.000000
1151 621639173053616256.000000
1152 607329584596583680.000000
1153 593316106582358144.000000
1154 579593460604960768.000000
1155 566156441820270400.000000
1156 552999918398946112.000000
1157 540118830971771648.000000
1158 527508192067797568.000000
1159 515163085545614976.000000
1160 503078666018128640.000000
1161 491250158271160704.000000
1162 479672856676225792.000000
1163 468342124597815872.000000
1164 457253393795505792.000000
1165 446402163821220736.000000
1166 435784001411960832.000000
1167 425394539878308800.000000
1168 415229478489009152.000000
1169 405284581851931520.000000
1170 395555679291697856.000000
1171 386038664224266112.000000
1172 376729493528755776.000000
1173 367624186916776832.000000
1174 358718826299546560.000000
1175 350009555153048000.000000
1176 341492577881494720.000000
1177 333164159179349888.000000
1178 325020623392148608.000000
1179 317058353876367808.000000
1180 309273792358572736.000000
1181 301663438294081792.000000
1182 294223848225361280.000000
1183 286951635140381344.000000
1184 279843467831141792.000000
1185 272896070252576160.000000
1186 266106220882043744.000000
1187 259470752079597696.000000
1188 252986549449234208.000000
1189 246650551201300864.000000
1190 240459747516254432.000000
1191 234411179909939616.000000
1192 228501940600566976.000000
1193 222729171877555232.000000
1194 217090065472398304.000000
1195 211581861931722528.000000
1196 206201849992676800.000000
1197 200947365960814592.000000
1198 195815793090603072.000000
1199 190804560968702336.000000
1200 185911144900149952.000000
1201 181133065297576480.000000
1202 176467887073582176.000000
1203 171913219036391424.000000
1204 167466713288904448.000000
1205 163126064631257312.000000
1206 158889009966997504.000000
1207 154753327712980160.000000
1208 150716837213082912.000000
1209 146777398155837760.000000
1210 142932909996066576.000000
1211 139181311380614192.000000
1212 135520579578256544.000000
1213 131948729913868544.000000
1214 128463815206925712.000000
1215 125063925214411184.000000
1216 121747186078199680.000000
1217 118511759776981280.000000
1218 115355843582787904.000000
1219 112277669522181104.000000
1220 109275503842155168.000000
1221 106347646480809248.000000
1222 103492430542834304.000000
1223 100708221779863344.000000
1224 97993418075724224.000000
1225 95346448936636960.000000
1226 92765774986389552.000000
1227 90249887466527328.000000
1228 87797307741585568.000000
1229 85406586809393296.000000
1230 83076304816473216.000000
1231 80805070578560048.000000
1232 78591521106258288.000000
1233 76434321135853920.000000
1234 74332162665297888.000000
1235 72283764495372240.000000
1236 70287871776048424.000000
1237 68343255558046928.000000
1238 66448712349602728.000000
1239 64603063678440528.000000
1240 62805155658959992.000000
1241 61053858564632096.000000
1242 59348066405601600.000000
1243 57686696511492232.000000
1244 56068689119408264.000000
1245 54493006967122184.000000
1246 52958634891440848.000000
1247 51464579431735560.000000
1248 50009868438624816.000000
1249 48593550687792816.000000
1250 47214695498927768.000000
1251 45872392359760904.000000
1252 44565750555188536.000000
1253 43293898801452880.000000
1254 42055984885361912.000000
1255 40851175308522792.000000
1256 39678654936564736.000000
1257 38537626653324360.000000
1258 37427311019966256.000000
1259 36346945939010648.000000
1260 35295786323237884.000000
1261 34273103769439324.000000
1262 33278186236982576.000000
1263 32310337731159768.000000
1264 31368877991283228.000000
1265 30453142183495916.000000
1266 29562480598260736.000000
1267 28696258352492524.000000
1268 27853855096296384.000000
1269 27034664724274448.000000
1270 26238095091363584.000000
1271 25463567733164480.000000
1272 24710517590723344.000000
1273 23978392739726024.000000
1274 23266654124064268.000000
1275 22574775293732840.000000
1276 21902242147016260.000000
1277 21248552676923908.000000
1278 20613216721829804.000000
1279 19995755720275856.000000
1280 19395702469895204.000000
1281 18812600890411792.000000
1282 18246005790673456.000000
1283 17695482639674196.000000
1284 17160607341521922.000000
1285 16640966014307206.000000
1286 16136154772828508.000000
1287 15645779515130044.000000
1288 15169455712806554.000000
1289 14706808205031022.000000
1290 14257470996260174.000000
1291 13821087057572728.000000
1292 13397308131595738.000000
1293 12985794540973564.000000
1294 12586215000335252.000000
1295 12198246431714618.000000
1296 11821573783378440.000000
1297 11455889852018222.000000
1298 11100895108260226.000000
1299 10756297525449562.000000
1300 10421812411663496.000000
1301 10097162244909776.000000
1302 9782076511465630.000000
1303 9476291547313174.000000
1304 9179550382627660.000000
1305 8891602589274522.000000
1306 8612204131271740.000000
1307 8341117218174293.000000
1308 8078110161337587.000000
1309 7822957233016957.000000
1310 7575438528260626.000000
1311 7335339829553878.000000
1312 7102452474172352.000000
1313 6876573224202594.000000
1314 6657504139188457.000000
1315 6445052451362243.000000
1316 6239030443419405.000000
1317 6039255328796726.000000
1318 5845549134413205.000000
1319 5657738585834249.000000
1320 5475654994819230.000000
1321 5299134149213456.000000
1322 5128016205145500.000000
1323 4962145581491554.000000
1324 4801370856568582.000000
1325 4645544667018446.000000
1326 4494523608845806.000000
1327 4348168140572604.500000
1328 4206342488472541.000000
1329 4068914553849344.500000
1330 3935755822323003.500000
1331 3806741275088334.500000
1332 3681749302111065.000000
1333 3560661617226545.000000
1334 3443363175106976.500000
1335 3329742090063176.000000
1336 3219689556647525.000000
1337 3113099772024944.500000
1338 3009869860079352.000000
1339 2909899797223241.500000
1340 2813092339878712.000000
1341 2719352953598384.500000
1342 2628589743795206.500000
1343 2540713388050696.000000
1344 2455637069971235.000000
1345 2373276414562735.000000
1346 2293549425094292.500000
1347 2216376421421860.500000
1348 2141679979743356.750000
1349 2069384873757082.750000
1350 1999418017195702.250000
1351 1931708407708416.500000
1352 1866187072064418.000000
1353 1802787012651021.750000
1354 1741443155240451.750000
1355 1682092297999396.250000
1356 1624673061716043.500000
1357 1569125841219673.500000
1358 1515392757968145.500000
1359 1463417613779171.000000
1360 1413145845681534.500000
1361 1364524481862879.250000
1362 1317502098690955.250000
1363 1272028778785753.500000
1364 1228056070120161.750000
1365 1185536946127292.250000
1366 1144425766792855.000000
1367 1104678240711464.250000
1368 1066251388086023.750000
1369 1029103504649700.500000
1370 993194126490415.250000
1371 958483995758059.625000
1372 924935027235051.750000
1373 892510275751124.000000
1374 861173904423637.625000
1375 830891153705044.625000
1376 801628311219392.750000
1377 773352682370180.125000
1378 746032561702143.625000
1379 719637204999884.375000
1380 694136802106586.125000
