0 2718426.246654
1 2833388.855049
2 2952965.468292
3 3077330.321036
4 3206663.762887
5 3341152.454133
6 3480989.567017
7 3626374.992658
8 3777515.553777
9 3934625.223335
10 4097925.349243
11 4267644.885263
12 4444020.628245
13 4627297.461846
14 4817728.606866
15 5015575.878352
16 5221109.949613
17 5434610.623294
18 5656367.109673
19 5886678.312307
20 6125853.121211
21 6374210.713703
22 6632080.863090
23 6899804.255340
24 7177732.813918
25 7466230.032926
26 7765671.318742
27 8076444.340293
28 8398949.388156
29 8733599.742634
30 9080822.050999
31 9441056.714054
32 9814758.282204
33 10202395.861197
34 10604453.527720
35 11021430.755020
36 11453842.848737
37 11902221.393111
38 12367114.707763
39 12849088.315212
40 13348725.419319
41 13866627.394837
42 14403414.288245
43 14959725.330053
44 15536219.458759
45 16133575.856633
46 16752494.497525
47 17393696.706859
48 18057925.734020
49 18745947.337284
50 19458550.381504
51 20196547.448706
52 20960775.461790
53 21752096.321508
54 22571397.556892
55 23419592.989321
56 24297623.410382
57 25206457.273713
58 26147091.400996
59 27120551.702255
60 28127893.910645
61 29170204.331879
62 30248600.608467
63 31364232.498914
64 32518282.672039
65 33711967.516563
66 34946537.966119
67 36223280.339822
68 37543517.198546
69 38908608.217036
70 40319951.071997
71 41778982.346278
72 43287178.449278
73 44846056.553687
74 46457175.548680
75 48122137.009658
76 49842586.184647
77 51620212.997441
78 53456753.067575
79 55353988.747213
80 57313750.175014
81 59337916.347050
82 61428416.204823
83 63587229.740435
84 65816389.118954
85 68117979.817996
86 70494141.784550
87 72947070.609070
88 75479018.716806
89 78092296.576403
90 80789273.925720
91 83572381.014854
92 86444109.866323
93 89407015.552357
94 92463717.489237
95 95616900.748586
96 98869317.385558
97 102223787.783775
98 105683202.016944
99 109250521.226982
100 112928779.018533
101 116721082.869706
102 120630615.558851
103 124660636.607209
104 128814483.737196
105 133095574.346130
106 137507406.995142
107 142053562.913021
108 146737707.514729
109 151563591.934278
110 156535054.571670
111 161656022.653577
112 166930513.807402
113 172362637.648361
114 177956597.379205
115 183716691.402164
116 189647314.942697
117 195752961.684596
118 202038225.415978
119 208507801.685666
120 215166489.469457
121 222019192.845742
122 229070922.679905
123 236326798.316945
124 243792049.281691
125 251472016.986006
126 259372156.442306
127 267498037.982740
128 275855348.983307
129 284449895.592206
130 293287604.461649
131 302374524.482371
132 311716828.520035
133 321320815.152696
134 331192910.408472
135 341339669.502546
136 351767778.572579
137 362484056.411608
138 373495456.197464
139 384809067.217718
140 396432116.589136
141 408371970.970602
142 420636138.268435
143 433232269.332997
144 446168159.645460
145 459451750.993579
146 473091133.135293
147 487094545.448921
148 501470378.568732
149 516227176.004599
150 531373635.744465
151 546918611.838264
152 562871115.961965
153 579240318.960356
154 596035552.367137
155 613266309.900916
156 630942248.935614
157 649073191.943802
158 667669127.911452
159 686740213.722542
160 706296775.511958
161 726349309.985083
162 746908485.702451
163 767985144.327816
164 789590301.837965
165 811735149.692559
166 834431055.962299
167 857689566.413649
168 881522405.548353
169 905941477.595959
170 930958867.457513
171 956586841.598609
172 982837848.889916
173 1009724521.393314
174 1037259675.091738
175 1065456310.560816
176 1094327613.580353
177 1123886955.683735
178 1154147894.643245
179 1185124174.889357
180 1216829727.861963
181 1249278672.291553
182 1282485314.408317
183 1316464148.077117
184 1351229854.856315
185 1386797303.978374
186 1423181552.250186
187 1460397843.871053
188 1498461610.166243
189 1537388469.234053
190 1577194225.504282
191 1617894869.206044
192 1659506575.742828
193 1702045704.972724
194 1745528800.391744
195 1789972588.218143
196 1835393976.375698
197 1881810053.373841
198 1929238087.082640
199 1977695523.400532
200 2027199984.812833
201 2077769268.838950
202 2129421346.366321
203 2182174359.869111
204 2236046621.509650
205 2291056611.120726
206 2347222974.066748
207 2404564518.981933
208 2463100215.383607
209 2522849191.158791
210 2583830729.922255
211 2646064268.244252
212 2709569392.746198
213 2774365837.062556
214 2840473478.667297
215 2907912335.563238
216 2976702562.832747
217 3046864449.048181
218 3118418412.540625
219 3191384997.525453
220 3265784870.083292
221 3341638813.995084
222 3418967726.429896
223 3497792613.484315
224 3578134585.572171
225 3660014852.663525
226 3743454719.371870
227 3828475579.888527
228 3915098912.763360
229 4003346275.530917
230 4093239299.181274
231 4184799682.474838
232 4278049186.100516
233 4373009626.676693
234 4469702870.594543
235 4568150827.703348
236 4668375444.837440
237 4770398699.184667
238 4874242591.496161
239 4979929139.137484
240 5087480368.981123
241 5196918310.140574
242 5308264986.546247
243 5421542409.363537
244 5536772569.253565
245 5653977428.477109
246 5773178912.842443
247 5894398903.497803
248 6017659228.569448
249 6142981654.646233
250 6270387878.111840
251 6399899516.325915
252 6531538098.655393
253 6665325057.357505
254 6801281718.316038
255 6939429291.632529
256 7079788862.074196
257 7222381379.380586
258 7367227648.430941
259 7514348319.274497
260 7663763877.026042
261 7815494631.629115
262 7969560707.489459
263 8125982032.981385
264 8284778329.829888
265 8445969102.371445
266 8609573626.696592
267 8775610939.677460
268 8944099827.883654
269 9115058816.389862
270 9288506157.478933
271 9464459819.243999
272 9642937474.093624
273 9823956487.163916
274 10007533904.641735
275 10193686442.003304
276 10382430472.172506
277 10573782013.603506
278 10767756718.292236
279 10964369859.721609
280 11163636320.745289
281 11365570581.415079
282 11570186706.757124
283 11777498334.502079
284 11987518662.774820
285 12200260437.749041
286 12415735941.272528
287 12633956978.468771
288 12854934865.320850
289 13078680416.243540
290 13305203931.649790
291 13534515185.517742
292 13766623412.964651
293 14001537297.834099
294 14239264960.303070
295 14479813944.515507
296 14723191206.249041
297 14969403100.621792
298 15218455369.846102
299 15470353131.036205
300 15725100864.076962
301 15982702399.560806
302 16243160906.800154
303 16506478881.922600
304 16772658136.056339
305 17041699783.613203
306 17313604230.676918
307 17588371163.504108
308 17865999537.145763
309 18146487564.196758
310 18429832703.681267
311 18716031650.081814
312 19005080322.519783
313 19296973854.095207
314 19591706581.393795
315 19889272034.169048
316 20189662925.207355
317 20492871140.384113
318 20798887728.918705
319 21107702893.836300
320 21419305982.644527
321 21733685478.232807
322 22050828990.002342
323 22370723245.234684
324 22693354080.706692
325 23018706434.559807
326 23346764338.431408
327 23677510909.855965
328 24010928344.943859
329 24346997911.345394
330 24685699941.507683
331 25027013826.231895
332 25370918008.538406
333 25717389977.847191
334 26066406264.480793
335 26417942434.497044
336 26771973084.858738
337 27128471838.947174
338 27487411342.426632
339 27848763259.466335
340 28212498269.326893
341 28578586063.317451
342 28946995342.130253
343 29317693813.558662
344 29690648190.604904
345 30065824189.983498
346 30443186531.026176
347 30822698934.993923
348 31204324124.801727
349 31588023825.161263
350 31973758763.146694
351 32361488669.188522
352 32751172278.500271
353 33142767332.942562
354 33536230583.328896
355 33931517792.177353
356 34328583736.912151
357 34727382213.518669
358 35127866040.655617
359 35529987064.227463
360 35933696162.420158
361 36338943251.203133
362 36745677290.299835
363 37153846289.629349
364 37563397316.221008
365 37974276501.603882
366 38386429049.672600
367 38799799245.030823
368 39214330461.813332
369 39629965172.987595
370 40046644960.134949
371 40464310523.711990
372 40882901693.791756
373 41302357441.284439
374 41722615889.636856
375 42143614327.009941
376 42565289218.932671
377 42987576221.431114
378 43410410194.630730
379 43833725216.829582
380 44257454599.040321
381 44681530899.997940
382 45105885941.630280
383 45530450824.988220
384 45955155946.631332
385 46379931015.465729
386 46804705070.029236
387 47229406496.219780
388 47653963045.461708
389 48078301853.305298
390 48502349458.453613
391 48926031822.211128
392 49349274348.348030
393 49772001903.373672
394 50194138837.212746
395 50615609004.276985
396 51036335784.925232
397 51456242107.304367
398 51875250469.563034
399 52293282962.430389
400 52710261292.151146
401 53126106803.768379
402 53540740504.745026
403 53954083088.915031
404 54366054960.754379
405 54776576259.962524
406 55185566886.343864
407 55592946524.979324
408 55998634671.677223
409 56402550658.692894
410 56804613680.705856
411 57204742821.043381
412 57602857078.139000
413 57998875392.214249
414 58392716672.171608
415 58784299822.686867
416 59173543771.488144
417 59560367496.809418
418 59944690055.005699
419 60326430608.317017
420 60705508452.768188
421 61081843046.191025
422 61455354036.355858
423 61825961289.198601
424 62193584917.129845
425 62558145307.412155
426 62919563150.591682
427 63277759468.969917
428 63632655645.101692
429 63984173450.304985
430 64332235073.168236
431 64676763148.040932
432 65017680783.492798
433 65354911590.727036
434 65688379711.933304
435 66018009848.565430
436 66343727289.529579
437 66665457939.267807
438 66983128345.722610
439 67296665728.167664
440 67605998004.889954
441 67911053820.708893
442 68211762574.317383
443 68508054445.430641
444 68799860421.727859
445 69087112325.572464
446 69369742840.496307
447 69647685537.433578
448 69920874900.690170
449 70189246353.634140
450 70452736284.093399
451 70711282069.446503
452 70964822101.392914
453 71213295810.388779
454 71456643689.734879
455 71694807319.303284
456 71927729388.889435
457 72155353721.176743
458 72377625294.300644
459 72594490263.999542
460 72805895985.340225
461 73011791034.005356
462 73212125227.130997
463 73406849643.682541
464 73595916644.357239
465 73779279891.002136
466 73956894365.536270
467 74128716388.366394
468 74294703636.285599
469 74454815159.844559
470 74609011400.185577
471 74757254205.329529
472 74899506845.906479
473 75035734030.320816
474 75165901919.342117
475 75289978140.113388
476 75407931799.568573
477 75519733497.251312
478 75625355337.527847
479 75724770941.186707
480 75817955456.418594
481 75904885569.169891
482 75985539512.863892
483 76059897077.484192
484 76127939618.014511
485 76189650062.230515
486 76245012917.838745
487 76294014278.958603
488 76336641831.943634
489 76372884860.538437
490 76402734250.368713
491 76426182492.761078
492 76443223687.891190
493 76453853547.257645
494 76458069395.480728
495 76455870171.424576
496 76447256428.642319
497 76432230335.143906
498 76410795672.486633
499 76382957834.189087
500 76348723823.469238
501 76308102250.308228
502 76261103327.841339
503 76207738868.078476
504 76148022276.956589
505 76081968548.726837
506 76009594259.679901
507 75930917561.213257
508 75845958172.243988
509 75754737370.972244
510 75657277985.999573
511 75553604386.807632
512 75443742473.602783
513 75327719666.532471
514 75205564894.279633
515 75077308582.041885
516 74942982638.902359
517 74802620444.599625
518 74656256835.704346
519 74503928091.210571
520 74345671917.550308
521 74181527433.039627
522 74011535151.765656
523 73835736966.923447
524 73654176133.612625
525 73466897251.103394
526 73273946244.582230
527 73075370346.387863
528 72871218076.747833
529 72661539224.027237
530 72446384824.500290
531 72225807141.656723
532 71999859645.054382
533 71768596988.730194
534 71532074989.181702
535 71290350602.931442
536 71043481903.686981
537 70791528059.109131
538 70534549307.201706
539 70272606932.335739
540 70005763240.921509
541 69734081536.741989
542 69457626095.961395
543 69176462141.822403
544 68890655819.046249
545 68600274167.949471
546 68305385098.291702
547 68006057362.868568
548 67702360530.864075
549 67394364960.976997
550 67082141774.335648
551 66765762827.215622
552 66445300683.575104
553 66120828587.422409
554 65792420435.030327
555 65460150747.012154
556 65124094640.273865
557 64784327799.857300
558 64440926450.688988
559 64093967329.249298
560 63743527655.176559
561 63389685102.820679
562 63032517772.760948
563 62672104163.302383
564 62308523141.965187
565 61941853916.981453
566 61572176008.813675
567 61199569221.708984
568 60824113615.303261
569 60445889476.289116
570 60064977290.161560
571 59681457713.055016
572 59295411543.685219
573 58906919695.409599
574 58516063168.419144
575 58122923022.075104
576 57727580347.403236
577 57330116239.758553
578 56930611771.672981
579 56529147965.898361
580 56125805768.657104
581 55720666023.112144
582 55313809443.068336
583 54905316586.916550
584 54495267831.831902
585 54083743348.237312
586 53670823074.542831
587 53256586692.171967
588 52841113600.884766
589 52424482894.408203
590 52006773336.383354
591 51588063336.639374
592 51168430927.803123
593 50747953742.253914
594 50326708989.431824
595 49904773433.508347
596 49482223371.427368
597 49059134611.324585
598 48635582451.332893
599 48211641658.781128
600 47787386449.793251
601 47362890469.294762
602 46938226771.432693
603 46513467800.415535
604 46088685371.778831
605 45663950654.082047
606 45239334151.041969
607 44814905684.107735
608 44390734375.481888
609 43966888631.592110
610 43543436127.017426
611 43120443788.872864
612 42697977781.655823
613 42276103492.557434
614 41854885517.241623
615 41434387646.094582
616 41014672850.946739
617 40595803272.269249
618 40177840206.846596
619 39760844095.926773
620 39344874513.849907
621 38929990157.156303
622 38516248834.174271
623 38103707455.087852
624 37692422022.484627
625 37282447622.382919
626 36873838415.737976
627 36466647630.426071
628 36060927553.705498
629 35656729525.152779
630 35254103930.072639
631 34853100193.379547
632 34453766773.948723
633 34056151159.434139
634 33660299861.550724
635 33266258411.817883
636 32874071357.761116
637 32483782259.568264
638 32095433687.196880
639 31709067217.928650
640 31324723434.366901
641 30942441922.872971
642 30562261272.436745
643 30184219073.976818
644 29808351920.065342
645 29434695405.072487
646 29063284125.725231
647 28694151682.075027
648 28327330678.868824
649 27962852727.317539
650 27600748447.256207
651 27241047469.689514
652 26883778439.716690
653 26528969019.829262
654 26176645893.575172
655 25826834769.582718
656 25479560385.937347
657 25134846514.904690
658 24792715967.992695
659 24453190601.345699
660 24116291321.463474
661 23782038091.237736
662 23450449936.298946
663 23121544951.665768
664 22795340308.689785
665 22471852262.287941
666 22151096158.454838
667 21833086442.047455
668 21517836664.834293
669 21205359493.801311
670 20895666719.706814
671 20588769265.877213
672 20284677197.236103
673 19983399729.558430
674 19684945238.942020
675 19389321271.488400
676 19096534553.185040
677 18806590999.981083
678 18519495728.048519
679 18235253064.221004
680 17953866556.602337
681 17675338985.336716
682 17399672373.532925
683 17126867998.334635
684 16856926402.128952
685 16589847403.885555
686 16325630110.618639
687 16064272928.964046
688 15805773576.863951
689 15550129095.351570
690 15297335860.428406
691 15047389595.026590
692 14800285381.049021
693 14556017671.479946
694 14314580302.558859
695 14075966506.010586
696 13840168921.324474
697 13607179608.075809
698 13376990058.282539
699 13149591208.790621
700 12924973453.681276
701 12703126656.693554
702 12484040163.655855
703 12267702814.919949
704 12054102957.791311
705 11843228458.949583
706 11635066716.853165
707 11429604674.122025
708 11226828829.892918
709 11026725252.141331
710 10829279589.964588
711 10634477085.820726
712 10442302587.717758
713 10252740561.348146
714 10065775102.163475
715 9881389947.384281
716 9699568487.940355
717 9520293780.336660
718 9343548558.440493
719 9169315245.185320
720 8997575964.187082
721 8828312551.268700
722 8661506565.888874
723 8497139302.471157
724 8335191801.629602
725 8175644861.287292
726 8018479047.684253
727 7863674706.271426
728 7711211972.487363
729 7561070782.414553
730 7413230883.312458
731 7267671844.024275
732 7124373065.254836
733 6983313789.716901
734 6844473112.143498
735 6707829989.163860
736 6573363249.040811
737 6441051601.267447
738 6310873646.021203
739 6182807883.473351
740 6056832722.952338
741 5932926491.959217
742 5811067445.033770
743 5691233772.469914
744 5573403608.879133
745 5457555041.600798
746 5343666118.958323
747 5231714858.360263
748 5121679254.245549
749 5013537285.872076
750 4907266924.948167
751 4802846143.106327
752 4700252919.218915
753 4599465246.555463
754 4500461139.781427
755 4403218641.798276
756 4307715830.424923
757 4213930824.920552
758 4121841792.349101
759 4031426953.785542
760 3942664590.364451
761 3855533049.171186
762 3770010748.976253
763 3686076185.813462
764 3603707938.402512
765 3522884673.416791
766 3443585150.597178
767 3365788227.712797
768 3289472865.369630
769 3214618131.668042
770 3141203206.710342
771 3069207386.959477
772 2998610089.450143
773 2929390855.853525
774 2861529356.397053
775 2795005393.640526
776 2729798906.110044
777 2665889971.791246
778 2603258811.483373
779 2541885792.015750
780 2481751429.328288
781 2422836391.417681
782 2365121501.151007
783 2308587738.948443
784 2253216245.336893
785 2198988323.376321
786 2145885440.960631
787 2093889232.994949
788 2042981503.451215
789 1993144227.303976
790 1944359552.348356
791 1896609800.902121
792 1849877471.393861
793 1804145239.839258
794 1759395961.207462
795 1715612670.679613
796 1672778584.801533
797 1630877102.532663
798 1589891806.193269
799 1549806462.312029
800 1510605022.376050
801 1472271623.485380
802 1434790588.914146
803 1398146428.580344
804 1362323839.426410
805 1327307705.712620
806 1293083099.225441
807 1259635279.402847
808 1226949693.378746
809 1195011975.948514
810 1163807949.457740
811 1133323623.616213
812 1103545195.239172
813 1074459047.917893
814 1046051751.621569
815 1018310062.232538
816 991220921.016811
817 964771454.031896
818 938948971.473856
819 913740966.965557
820 889135116.788028
821 865119279.056818
822 841681492.845269
823 818809977.256533
824 796493130.446205
825 774719528.597389
826 753477924.849986
827 732757248.186004
828 712546602.272621
829 692835264.264762
830 673612683.568871
831 654868480.569578
832 636592445.320920
833 618774536.203731
834 601404878.550840
835 584473763.241621
836 567971645.267488
837 551889142.269825
838 536217033.051884
839 520946256.066106
840 506067907.878322
841 491573241.610240
842 477453665.361620
843 463700740.613504
844 450306180.613814
845 437261848.746655
846 424559756.886575
847 412192063.739050
848 400151073.168410
849 388429232.514398
850 377019130.898534
851 365913497.521415
852 355105199.952070
853 344587242.410439
854 334352764.044048
855 324395037.199881
856 314707465.692479
857 305283583.069211
858 296117050.873675
859 287201656.908137
860 278531313.495912
861 270100055.744533
862 261902039.810562
863 253931541.166841
864 246182952.872968
865 238650783.849776
866 231329657.158522
867 224214308.285512
868 217299583.432844
869 210580437.815925
870 204051933.968396
871 197709240.055084
872 191547628.193563
873 185562472.784885
874 179749248.854037
875 174103530.400624
876 168620988.760300
877 163297390.977390
878 158128598.189193
879 153110564.022372
880 148239333.001854
881 143511038.972639
882 138921903.534872
883 134468234.492549
884 130146424.316185
885 125952948.619751
886 121884364.652186
887 117937309.803766
888 114108500.127576
889 110394728.876345
890 106792865.054861
891 103299851.988180
892 99912705.905829
893 96628514.542173
894 93444435.753118
895 90357696.149292
896 87365589.745849
897 84465476.629005
898 81654781.639426
899 78930993.072545
900 76291661.395913
901 73734397.983623
902 71256873.867895
903 68856818.507835
904 66532018.575431
905 64280316.758784
906 62099610.582600
907 59987851.245938
908 57943042.477207
909 55963239.406391
910 54046547.454482
911 52191121.240068
912 50395163.503052
913 48656924.045427
914 46974698.689062
915 45346828.250417
916 43771697.532119
917 42247734.331312
918 40773408.464683
919 39347230.810084
920 37967752.364628
921 36633563.319159
922 35343292.148983
923 34095604.720730
924 32889203.415239
925 31722826.266312
926 30595246.115223
927 29505269.780833
928 28451737.245169
929 27433520.854320
930 26449524.534504
931 25498683.023142
932 24579961.114792
933 23692352.921777
934 22834881.149349
935 22006596.385215
936 21206576.403266
937 20433925.481339
938 19687773.732832
939 18967276.452009
940 18271613.472808
941 17599988.540990
942 16951628.699440
943 16325783.686447
944 15721725.346772
945 15138747.055352
946 14576163.153418
947 14033308.396881
948 13509537.416789
949 13004224.191666
950 12516761.531571
951 12046560.573670
952 11593050.289166
953 11155677.001377
954 10733903.914806
955 10327210.655004
956 9935092.819059
957 9557061.536520
958 9192643.040588
959 8841378.249381
960 8502822.357121
