0 3.287019
1 3.477764
2 3.678902
3 3.890959
4 4.114484
5 4.350050
6 4.598260
7 4.859740
8 5.135145
9 5.425163
10 5.730507
11 6.051926
12 6.390200
13 6.746143
14 7.120605
15 7.514473
16 7.928671
17 8.364165
18 8.821959
19 9.303101
20 9.808683
21 10.339843
22 10.897765
23 11.483684
24 12.098883
25 12.744699
26 13.422523
27 14.133802
28 14.880041
29 15.662804
30 16.483718
31 17.344473
32 18.246824
33 19.192597
34 20.183686
35 21.222057
36 22.309752
37 23.448889
38 24.641667
39 25.890363
40 27.197343
41 28.565057
42 29.996043
43 31.492933
44 33.058453
45 34.695424
46 36.406770
47 38.195515
48 40.064789
49 42.017829
50 44.057985
51 46.188720
52 48.413612
53 50.736360
54 53.160787
55 55.690840
56 58.330594
57 61.084258
58 63.956173
59 66.950821
60 70.072823
61 73.326944
62 76.718098
63 80.251349
64 83.931912
65 87.765163
66 91.756636
67 95.912026
68 100.237198
69 104.738184
70 109.421188
71 114.292593
72 119.358956
73 124.627018
74 130.103706
75 135.796131
76 141.711599
77 147.857604
78 154.241841
79 160.872201
80 167.756778
81 174.903869
82 182.321979
83 190.019821
84 198.006319
85 206.290612
86 214.882054
87 223.790217
88 233.024893
89 242.596094
90 252.514057
91 262.789243
92 273.432338
93 284.454257
94 295.866141
95 307.679361
96 319.905517
97 332.556442
98 345.644195
99 359.181068
100 373.179585
101 387.652496
102 402.612784
103 418.073659
104 434.048558
105 450.551146
106 467.595312
107 485.195166
108 503.365043
109 522.119491
110 541.473278
111 561.441382
112 582.038991
113 603.281499
114 625.184501
115 647.763790
116 671.035351
117 695.015358
118 719.720165
119 745.166305
120 771.370480
121 798.349558
122 826.120562
123 854.700667
124 884.107190
125 914.357582
126 945.469420
127 977.460398
128 1010.348321
129 1044.151087
130 1078.886688
131 1114.573191
132 1151.228729
133 1188.871492
134 1227.519716
135 1267.191664
136 1307.905623
137 1349.679884
138 1392.532729
139 1436.482422
140 1481.547189
141 1527.745208
142 1575.094590
143 1623.613366
144 1673.319469
145 1724.230721
146 1776.364812
147 1829.739287
148 1884.371524
149 1940.278721
150 1997.477873
151 2055.985758
152 2115.818913
153 2176.993621
154 2239.525883
155 2303.431408
156 2368.725583
157 2435.423461
158 2503.539734
159 2573.088715
160 2644.084315
161 2716.540023
162 2790.468886
163 2865.883482
164 2942.795901
165 3021.217725
166 3101.160001
167 3182.633223
168 3265.647306
169 3350.211564
170 3436.334692
171 3524.024736
172 3613.289076
173 3704.134402
174 3796.566689
175 3890.591179
176 3986.212357
177 4083.433927
178 4182.258791
179 4282.689030
180 4384.725879
181 4488.369707
182 4593.619999
183 4700.475329
184 4808.933346
185 4918.990751
186 5030.643277
187 5143.885675
188 5258.711688
189 5375.114039
190 5493.084411
191 5612.613431
192 5733.690653
193 5856.304542
194 5980.442463
195 6106.090661
196 6233.234250
197 6361.857203
198 6491.942336
199 6623.471299
200 6756.424564
201 6890.781420
202 7026.519958
203 7163.617071
204 7302.048438
205 7441.788530
206 7582.810596
207 7725.086662
208 7868.587531
209 8013.282782
210 8159.140764
211 8306.128604
212 8454.212205
213 8603.356248
214 8753.524201
215 8904.678323
216 9056.779667
217 9209.788093
218 9363.662274
219 9518.359710
220 9673.836736
221 9830.048538
222 9986.949165
223 10144.491547
224 10302.627511
225 10461.307798
226 10620.482085
227 10780.099003
228 10940.106164
229 11100.450176
230 11261.076676
231 11421.930353
232 11582.954973
233 11744.093409
234 11905.287674
235 12066.478944
236 12227.607600
237 12388.613251
238 12549.434778
239 12710.010362
240 12870.277524
241 13030.173163
242 13189.633595
243 13348.594589
244 13506.991415
245 13664.758876
246 13821.831362
247 13978.142882
248 14133.627119
249 14288.217467
250 14441.847082
251 14594.448927
252 14745.955818
253 14896.300475
254 15045.415569
255 15193.233771
256 15339.687802
257 15484.710483
258 15628.234786
259 15770.193885
260 15910.521206
261 16049.150479
262 16186.015791
263 16321.051636
264 16454.192965
265 16585.375243
266 16714.534497
267 16841.607367
268 16966.531159
269 17089.243899
270 17209.684378
271 17327.792206
272 17443.507865
273 17556.772752
274 17667.529234
275 17775.720697
276 17881.291587
277 17984.187468
278 18084.355060
279 18181.742287
280 18276.298327
281 18367.973650
282 18456.720062
283 18542.490752
284 18625.240327
285 18704.924856
286 18781.501908
287 18854.930588
288 18925.171576
289 18992.187161
290 19055.941272
291 19116.399515
292 19173.529201
293 19227.299378
294 19277.680853
295 19324.646227
296 19368.169913
297 19408.228161
298 19444.799082
299 19477.862666
300 19507.400799
301 19533.397282
302 19555.837844
303 19574.710156
304 19590.003844
305 19601.710492
306 19609.823660
307 19614.338880
308 19615.253665
309 19612.567512
310 19606.281900
311 19596.400291
312 19582.928123
313 19565.872809
314 19545.243730
315 19521.052222
316 19493.311573
317 19462.037002
318 19427.245652
319 19388.956573
320 19347.190702
321 19301.970845
322 19253.321659
323 19201.269625
324 19145.843028
325 19087.071930
326 19024.988141
327 18959.625192
328 18891.018307
329 18819.204366
330 18744.221878
331 18666.110941
332 18584.913210
333 18500.671860
334 18413.431545
335 18323.238361
336 18230.139805
337 18134.184732
338 18035.423315
339 17933.906997
340 17829.688453
341 17722.821537
342 17613.361241
343 17501.363645
344 17386.885873
345 17269.986040
346 17150.723205
347 17029.157321
348 16905.349188
349 16779.360398
350 16651.253284
351 16521.090876
352 16388.936840
353 16254.855434
354 16118.911451
355 15981.170171
356 15841.697307
357 15700.558955
358 15557.821540
359 15413.551767
360 15267.816567
361 15120.683050
362 14972.218449
363 14822.490074
364 14671.565261
365 14519.511320
366 14366.395491
367 14212.284891
368 14057.246467
369 13901.346953
370 13744.652819
371 13587.230226
372 13429.144984
373 13270.462504
374 13111.247760
375 12951.565240
376 12791.478912
377 12631.052179
378 12470.347840
379 12309.428052
380 12148.354297
381 11987.187340
382 11825.987194
383 11664.813094
384 11503.723454
385 11342.775843
386 11182.026952
387 11021.532564
388 10861.347527
389 10701.525730
390 10542.120074
391 10383.182448
392 10224.763709
393 10066.913661
394 9909.681029
395 9753.113447
396 9597.257435
397 9442.158388
398 9287.860555
399 9134.407031
400 8981.839740
401 8830.199427
402 8679.525644
403 8529.856746
404 8381.229883
405 8233.680988
406 8087.244780
407 7941.954755
408 7797.843183
409 7654.941112
410 7513.278361
411 7372.883525
412 7233.783973
413 7096.005858
414 6959.574113
415 6824.512460
416 6690.843417
417 6558.588302
418 6427.767243
419 6298.399188
420 6170.501911
421 6044.092027
422 5919.184998
423 5795.795154
424 5673.935695
425 5553.618716
426 5434.855212
427 5317.655099
428 5202.027231
429 5087.979409
430 4975.518406
431 4864.649982
432 4755.378900
433 4647.708949
434 4541.642958
435 4437.182822
436 4334.329514
437 4233.083114
438 4133.442823
439 4035.406988
440 3938.973122
441 3844.137923
442 3750.897302
443 3659.246398
444 3569.179607
445 3480.690599
446 3393.772341
447 3308.417122
448 3224.616576
449 3142.361699
450 3061.642879
451 2982.449914
452 2904.772034
453 2828.597926
454 2753.915757
455 2680.713193
456 2608.977422
457 2538.695178
458 2469.852761
459 2402.436060
460 2336.430572
461 2271.821425
462 2208.593400
463 2146.730949
464 2086.218216
465 2027.039060
466 1969.177069
467 1912.615586
468 1857.337724
469 1803.326386
470 1750.564282
471 1699.033951
472 1648.717773
473 1599.597993
474 1551.656731
475 1504.876004
476 1459.237740
477 1414.723792
478 1371.315958
479 1328.995991
480 1287.745616
481 1247.546544
482 1208.380487
483 1170.229165
484 1133.074329
485 1096.897764
486 1061.681306
487 1027.406853
488 994.056373
489 961.611921
490 930.055641
491 899.369783
492 869.536710
493 840.538904
494 812.358979
495 784.979689
496 758.383931
497 732.554758
498 707.475383
499 683.129186
500 659.499722
501 636.570723
502 614.326110
503 592.749989
504 571.826666
505 551.540644
506 531.876630
507 512.819537
508 494.354493
509 476.466835
510 459.142121
511 442.366126
512 426.124849
513 410.404510
514 395.191557
515 380.472663
516 366.234732
517 352.464893
518 339.150508
519 326.279169
520 313.838695
521 301.817141
522 290.202788
523 278.984149
524 268.149965
525 257.689207
526 247.591073
527 237.844988
528 228.440601
529 219.367786
530 210.616639
531 202.177477
532 194.040835
533 186.197466
534 178.638337
535 171.354626
536 164.337725
537 157.579231
538 151.070946
539 144.804877
540 138.773231
541 132.968411
542 127.383015
543 122.009835
544 116.841849
545 111.872225
546 107.094309
547 102.501632
548 98.087900
549 93.846993
550 89.772962
551 85.860026
552 82.102569
553 78.495136
554 75.032430
555 71.709311
556 68.520788
557 65.462023
558 62.528320
559 59.715128
560 57.018035
561 54.432765
562 51.955174
563 49.581252
564 47.307112
565 45.128994
566 43.043259
567 41.046383
568 39.134962
569 37.305702
570 35.555417
571 33.881030
572 32.279567
573 30.748155
574 29.284020
575 27.884483
576 26.546958
577 25.268951
578 24.048053
579 22.881942
580 21.768381
581 20.705210
582 19.690349
583 18.721794
584 17.797614
585 16.915949
586 16.075009
587 15.273070
588 14.508474
589 13.779625
590 13.084988
591 12.423087
592 11.792503
593 11.191871
594 10.619883
595 10.075277
596 9.556845
597 9.063425
598 8.593902
599 8.147207
600 7.722312
