0 22476341081.523087
1 23380593319.732441
2 24319736392.156303
3 25295054525.746498
4 26307876716.276924
5 27359578191.912624
6 28451581920.998508
7 29585360165.272327
8 30762436079.737507
9 31984385360.458099
10 33252837941.568314
11 34569479742.820374
12 35936054469.022339
13 37354365462.751205
14 38826277611.756111
15 40353719312.499954
16 41938684491.319763
17 43583234684.719757
18 45289501180.343887
19 47059687220.210365
20 48896070267.824928
21 50801004340.823639
22 52776922410.835548
23 54826338872.288071
24 56951852081.917511
25 59156146970.784660
26 61441997730.632759
27 63812270576.464882
28 66269926587.256882
29 68818024626.761139
30 71459724346.399323
31 74198289272.280045
32 77037089978.422363
33 79979607348.305969
34 83029435926.913315
35 86190287365.470428
36 89465993961.139297
37 92860512293.957596
38 96377926963.367874
39 100022454426.721344
40 103798446942.192245
41 107710396618.578629
42 111762939574.521194
43 115960860209.710388
44 120309095590.708099
45 124812739954.053162
46 129477049329.373047
47 134307446285.271698
48 139309524800.815643
49 144489055265.487457
50 149851989610.531586
51 155404466574.666931
52 161152817107.190521
53 167103569911.553192
54 173263457132.538147
55 179639420190.228699
56 186238615764.001282
57 193068421929.840820
58 200136444454.319122
59 207450523248.647125
60 215018738986.249115
61 222849419887.378082
62 230951148674.334778
63 239332769700.918732
64 248003396259.787567
65 256972418071.464722
66 266249508958.783112
67 275844634710.618408
68 285768061138.817993
69 296030362332.282227
70 306642429112.231506
71 317615477692.716736
72 328961058550.528687
73 340691065508.679138
74 352817745037.712280
75 365353705779.151123
76 378311928295.432922
77 391705775050.760742
78 405549000627.341309
79 419855762181.543518
80 434640630144.559021
81 449918599172.213501
82 465705099348.625977
83 482016007648.464111
84 498867659662.608215
85 516276861592.087219
86 534260902515.192139
87 552837566932.746216
88 572025147596.543579
89 591842458626.037354
90 612308848918.387329
91 633444215857.052246
92 655269019324.140991
93 677804296021.801636
94 701071674107.952026
95 725093388151.735718
96 749892294414.093872
97 775491886458.921021
98 801916311100.292969
99 829190384691.316895
100 857339609760.166382
101 886390191998.932373
102 916369057610.942261
103 947303871022.243408
104 979223052962.963379
105 1012155798924.320312
106 1046132097997.074707
107 1081182752097.223511
108 1117339395584.800293
109 1154634515281.656006
110 1193101470894.090576
111 1232774515846.279785
112 1273688818530.411377
113 1315880483979.500244
114 1359386575968.821533
115 1404245139551.962402
116 1450495224037.473633
117 1498176906412.082764
118 1547331315216.532959
119 1598000654879.943115
120 1650228230518.787842
121 1704058473206.402100
122 1759536965719.034912
123 1816710468764.413818
124 1875626947698.752197
125 1936335599738.151123
126 1998886881670.303711
127 2063332538072.392334
128 2129725630041.008789
129 2198120564439.968018
130 2268573123671.723633
131 2341140495978.236816
132 2415881306276.874023
133 2492855647537.090332
134 2572125112703.404297
135 2653752827170.252441
136 2737803481814.181152
137 2824343366588.752930
138 2913440404687.536133
139 3005164187280.395996
140 3099586008828.258301
141 3196778902981.448730
142 3296817679066.544922
143 3399778959166.690430
144 3505741215800.078613
145 3614784810201.335938
146 3726992031210.331543
147 3842447134772.833008
148 3961236384057.337402
149 4083448090192.240723
150 4209172653627.340820
151 4338502606123.605957
152 4471532653374.899414
153 4608359718265.254883
154 4749082984765.061523
155 4893803942469.435547
156 5042626431781.813477
157 5195656689745.570312
158 5353003396526.441406
159 5514777722548.075195
160 5681093376283.103516
161 5852066652701.647461
162 6027816482379.171875
163 6208464481265.201172
164 6394135001114.264648
165 6584955180580.177734
166 6781054996974.454102
167 6982567318689.495117
168 7189627958286.762695
169 7402375726250.061523
170 7620952485403.597656
171 7845503205994.244141
172 8076176021437.210938
173 8313122284723.882812
174 8556496625490.318359
175 8806457007744.587891
176 9063164788250.853516
177 9326784775567.439453
178 9597485289736.339844
179 9875438222620.576172
180 10160819098886.003906
181 10453807137623.509766
182 10754585314607.123047
183 11063340425183.279297
184 11380263147786.041016
185 11705548108072.542969
186 12039393943672.738281
187 12382003369546.664062
188 12733583243942.587891
189 13094344634948.341797
190 13464502887628.039062
191 13844277691735.832031
192 14233893149997.796875
193 14633577846952.560547
194 15043564918340.882812
195 15464092121033.701172
196 15895401903487.833984
197 16337741476717.763672
198 16791362885771.660156
199 17256523081698.980469
200 17733483993996.515625
201 18222512603519.371094
202 18723881015842.402344
203 19237866535057.394531
204 19764751737990.527344
205 20304824548823.906250
206 20858378314104.781250
207 21425711878124.746094
208 22007129658651.464844
209 22602941722993.828125
210 23213463864381.738281
211 23839017678640.417969
212 24479930641138.648438
213 25136536183989.890625
214 25809173773484.171875
215 26498188987728.292969
216 27203933594471.007812
217 27926765629088.972656
218 28667049472709.214844
219 29425155930442.074219
220 30201462309699.046875
221 30996352498568.125000
222 31810217044219.554688
223 32643453231312.871094
224 33496465160377.023438
225 34369663826132.937500
226 35263467195728.320312
227 36178300286853.101562
228 37114595245703.390625
229 38072791424761.226562
230 39053335460356.070312
231 40056681349973.648438
232 41083290529277.179688
233 42133631948804.460938
234 43208182150304.296875
235 44307425342674.398438
236 45431853477462.882812
237 46581966323893.031250
238 47758271543372.804688
239 48961284763446.976562
240 50191529651150.890625
241 51449537985723.914062
242 52735849730638.054688
243 54051013104899.601562
244 55395584653577.062500
245 56770129317511.882812
246 58175220502163.734375
247 59611440145544.773438
248 61079378785193.984375
249 62579635624143.656250
250 64112818595827.929688
251 65679544427884.101562
252 67280438704794.812500
253 68916135929320.132812
254 70587279582666.937500
255 72294522183342.140625
256 74038525344636.781250
257 75819959830685.015625
258 77639505611044.234375
259 79497851913739.312500
260 81395697276714.421875
261 83333749597635.859375
262 85312726181986.890625
263 87333353789396.625000
264 89396368678143.218750
265 91502516647772.328125
266 93652553079769.265625
267 95847242976224.703125
268 98087360996430.953125
269 100373691491349.203125
270 102707028535881.609375
271 105088175958887.921875
272 107517947370880.812500
273 109997166189337.437500
274 112526665661560.625000
275 115107288885026.546875
276 117739888825152.031250
277 120425328330415.468750
278 123164480144766.500000
279 125958226917255.828125
280 128807461208819.968750
281 131713085496152.703125
282 134676012172595.734375
283 137697163545980.968750
284 140777471833357.750000
285 143917879152533.406250
286 147119337510363.250000
287 150382808787718.281250
288 153709264721063.406250
289 157099686880577.781250
290 160555066644748.187500
291 164076405171367.062500
292 167664713364866.281250
293 171321011839919.593750
294 175046330881243.031250
295 178841710399527.468750
296 182708199883433.875000
297 186646858347584.000000
298 190658754276478.218750
299 194744965564275.000000
300 198906579450363.562500
301 203144692450663.000000
302 207460410284584.062500
303 211854847797584.562500
304 216329128879256.875000
305 220884386376880.062500
306 225521762004374.562500
307 230242406246594.781250
308 235047478258898.218750
309 239938145761927.906250
310 244915584931548.437500
311 249980980283873.593750
312 255135524555328.250000
313 260380418577682.781250
314 265716871148007.093750
315 271146098893482.218750
316 276669326131019.093750
317 282287784721626.187500
318 288002713919475.562500
319 293815360215612.437500
320 299726977176261.500000
321 305738825275675.625000
322 311852171723483.562500
323 318068290286486.375000
324 324388461104859.687500
325 330813970502716.062500
326 337346110792988.062500
327 343986180076587.625000
328 350735482035807.437500
329 357595325721922.937500
330 364567025336963.312500
331 371651900009613.687500
332 378851273565222.062500
333 386166474289876.687500
334 393598834688527.750000
335 401149691237130.562500
336 408820384128780.125000
337 416612257013822.375000
338 424526656733919.500000
339 432564933050051.250000
340 440728438364441.062500
341 449018527436390.687500
342 457436557092016.937500
343 465983885927880.437500
344 474661874008501.500000
345 483471882557763.312500
346 492415273644199.125000
347 501493409860167.625000
348 510707653994922.750000
349 520059368701586.000000
350 529549916158028.812500
351 539180657721685.437500
352 548952953578306.375000
353 558868162384675.687500
354 568927640905314.875000
355 579132743643195.500000
356 589484822464494.875000
357 599985226217420.750000
358 610635300345143.125000
359 621436386492870.875000
360 632389822109114.500000
361 643496940041178.500000
362 654759068124930.625000
363 666177528768903.000000
364 677753638532774.500000
365 689488707700295.000000
366 701384039846714.000000
367 713440931400772.000000
368 725660671201333.875000
369 738044540048723.250000
370 750593810250843.000000
371 763309745164155.375000
372 776193598729604.500000
373 789246615003570.625000
374 802470027683938.625000
375 815865059631383.750000
376 829432922385960.375000
377 843174815679103.125000
378 857091926941140.250000
379 871185430804423.875000
380 885456488602198.750000
381 899906247863312.375000
382 914535841802892.375000
383 929346388809113.500000
384 944338991926177.125000
385 959514738333636.625000
386 974874698822197.750000
387 990419927266137.500000
388 1006151460092475.500000
389 1022070315747046.875000
390 1038177494157624.625000
391 1054473976194240.875000
392 1070960723126862.500000
393 1087638676080586.000000
394 1104508755488504.625000
395 1121571860542421.125000
396 1138828868641575.000000
397 1156280634839552.500000
398 1173927991289564.000000
399 1191771746688258.500000
400 1209812685718271.250000
401 1228051568489679.000000
402 1246489129980560.750000
403 1265126079476857.000000
404 1283963100011717.250000
405 1303000847804547.250000
406 1322239951699946.000000
407 1341681012606748.500000
408 1361324602937379.500000
409 1381171266047726.750000
410 1401221515677758.000000
411 1421475835393086.000000
412 1441934678027717.250000
413 1462598465128193.250000
414 1483467586399361.750000
415 1504542399151996.750000
416 1525823227752507.750000
417 1547310363074961.000000
418 1569004061955657.250000
419 1590904546650499.000000
420 1613012004295388.750000
421 1635326586369898.500000
422 1657848408164456.000000
423 1680577548251297.500000
424 1703514047959423.750000
425 1726657910853821.000000
426 1750009102219188.750000
427 1773567548548433.000000
428 1797333137036174.000000
429 1821305715077526.250000
430 1845485089772406.500000
431 1869871027435627.000000
432 1894463253113031.000000
433 1919261450103931.250000
434 1944265259490113.000000
435 1969474279671653.500000
436 1994888065909833.250000
437 2020506129877383.500000
438 2046327939216346.750000
439 2072352917103798.750000
440 2098580441825706.000000
441 2125009846359167.500000
442 2151640417963311.500000
443 2178471397779104.500000
444 2205501980438330.500000
445 2232731313682003.250000
446 2260158497988469.000000
447 2287782586211457.500000
448 2315602583228334.000000
449 2343617445598815.000000
450 2371826081234397.500000
451 2400227349078749.000000
452 2428820058799323.500000
453 2457602970490430.500000
454 2486574794388033.500000
455 2515734190596485.000000
456 2545079768827483.500000
457 2574610088151451.000000
458 2604323656761604.500000
459 2634218931750931.500000
460 2664294318902310.500000
461 2694548172492012.500000
462 2724978795106796.500000
463 2755584437474830.000000
464 2786363298310656.000000
465 2817313524174413.500000
466 2848433209345528.500000
467 2879720395711091.500000
468 2911173072669109.000000
469 2942789177046843.000000
470 2974566593034428.500000
471 3006503152133961.500000
472 3038596633124248.500000
473 3070844762041385.000000
474 3103245212175362.000000
475 3135795604082853.500000
476 3168493505616367.500000
477 3201336431969903.500000
478 3234321845741296.000000
479 3267447157011376.500000
480 3300709723440105.500000
481 3334106850379815.500000
482 3367635791005699.000000
483 3401293746463664.500000
484 3435077866035680.500000
485 3468985247322734.000000
486 3503012936445498.000000
487 3537157928262816.500000
488 3571417166608103.500000
489 3605787544543741.000000
490 3640265904633557.000000
491 3674849039233467.500000
492 3709533690800331.500000
493 3744316552219103.500000
494 3779194267148309.500000
495 3814163430383918.000000
496 3849220588241627.500000
497 3884362238957602.500000
498 3919584833107688.500000
499 3954884774045119.500000
500 3990258418356715.000000
501 4025702076337579.500000
502 4061212012484290.500000
503 4096784446006548.000000
504 4132415551357293.000000
505 4168101458781212.500000
506 4203838254881643.000000
507 4239621983205780.500000
508 4275448644848162.500000
509 4311314199072357.000000
510 4347214563950768.000000
511 4383145617022485.500000
512 4419103195969099.000000
513 4455083099308348.000000
514 4491081087105527.000000
515 4527092881702514.000000
516 4563114168464304.000000
517 4599140596542910.000000
518 4635167779658492.000000
519 4671191296897552.000000
520 4707206693528063.000000
521 4743209481831326.000000
522 4779195141950417.000000
523 4815159122755001.000000
524 4851096842722364.000000
525 4887003690834407.000000
526 4922875027490447.000000
527 4958706185435565.000000
528 4994492470704299.000000
529 5030229163579423.000000
530 5065911519565602.000000
531 5101534770377637.000000
532 5137094124943065.000000
533 5172584770418829.000000
534 5208001873221759.000000
535 5243340580072562.000000
536 5278596019053052.000000
537 5313763300676295.000000
538 5348837518969390.000000
539 5383813752568543.000000
540 5418687065826144.000000
541 5453452509929485.000000
542 5488105124030818.000000
543 5522639936388376.000000
544 5557051965518034.000000
545 5591336221355236.000000
546 5625487706426840.000000
547 5659501417032488.000000
548 5693372344435156.000000
549 5727095476060472.000000
550 5760665796704434.000000
551 5794078289749121.000000
552 5827327938386000.000000
553 5860409726846432.000000
554 5893318641638947.000000
555 5926049672792895.000000
556 5958597815108025.000000
557 5990958069409586.000000
558 6023125443808514.000000
559 6055094954966261.000000
560 6086861629363826.000000
561 6118420504574567.000000
562 6149766630540295.000000
563 6180895070850266.000000
564 6211800904022550.000000
565 6242479224787352.000000
566 6272925145371828.000000
567 6303133796785904.000000
568 6333100330108655.000000
569 6362819917774751.000000
570 6392287754860525.000000
571 6421499060369153.000000
572 6450449078514496.000000
573 6479133080003127.000000
574 6507546363314029.000000
575 6535684255975525.000000
576 6563542115838932.000000
577 6591115332348462.000000
578 6618399327806890.000000
579 6645389558636496.000000
580 6672081516634818.000000
581 6698470730224698.000000
582 6724552765698176.000000
583 6750323228453717.000000
584 6775777764226319.000000
585 6800912060309995.000000
586 6825721846772165.000000
587 6850202897659480.000000
588 6874351032194598.000000
589 6898162115963440.000000
590 6921632062092463.000000
591 6944756832415464.000000
592 6967532438629468.000000
593 6989954943439232.000000
594 7012020461689894.000000
595 7033725161487339.000000
596 7055065265305790.000000
597 7076037051082224.000000
598 7096636853297132.000000
599 7116861064041194.000000
600 7136706134067446.000000
601 7156168573828508.000000
602 7175244954498426.000000
603 7193931908978745.000000
604 7212226132888364.000000
605 7230124385536805.000000
606 7247623490880452.000000
607 7264720338461398.000000
608 7281411884328510.000000
609 7297695151940293.000000
610 7313567233049238.000000
611 7329025288567230.000000
612 7344066549411695.000000
613 7358688317332111.000000
614 7372887965716544.000000
615 7386662940377877.000000
616 7400010760319399.000000
617 7412929018479421.000000
618 7425415382454628.000000
619 7437467595201849.000000
620 7449083475717950.000000
621 7460260919697563.000000
622 7470997900168385.000000
623 7481292468103757.000000
624 7491142753012289.000000
625 7500546963504250.000000
626 7509503387834527.000000
627 7518010394421871.000000
628 7526066432344258.000000
629 7533670031810105.000000
630 7540819804605200.000000
631 7547514444515095.000000
632 7553752727722827.000000
633 7559533513181769.000000
634 7564855742963480.000000
635 7569718442580368.000000
636 7574120721283067.000000
637 7578061772332375.000000
638 7581540873245647.000000
639 7584557386017533.000000
640 7587110757314978.000000
641 7589200518646379.000000
642 7590826286504852.000000
643 7591987762485526.000000
644 7592684733376830.000000
645 7592917071225720.000000
646 7592684733376830.000000
647 7591987762485526.000000
648 7590826286504852.000000
649 7589200518646379.000000
650 7587110757314978.000000
651 7584557386017533.000000
652 7581540873245647.000000
653 7578061772332375.000000
654 7574120721283067.000000
655 7569718442580368.000000
656 7564855742963480.000000
657 7559533513181769.000000
658 7553752727722827.000000
659 7547514444515095.000000
660 7540819804605200.000000
661 7533670031810105.000000
662 7526066432344258.000000
663 7518010394421871.000000
664 7509503387834527.000000
665 7500546963504250.000000
666 7491142753012289.000000
667 7481292468103757.000000
668 7470997900168385.000000
669 7460260919697563.000000
670 7449083475717950.000000
671 7437467595201849.000000
672 7425415382454628.000000
673 7412929018479421.000000
674 7400010760319399.000000
675 7386662940377877.000000
676 7372887965716544.000000
677 7358688317332111.000000
678 7344066549411695.000000
679 7329025288567230.000000
680 7313567233049238.000000
681 7297695151940293.000000
682 7281411884328510.000000
683 7264720338461398.000000
684 7247623490880452.000000
685 7230124385536805.000000
686 7212226132888364.000000
687 7193931908978745.000000
688 7175244954498426.000000
689 7156168573828508.000000
690 7136706134067446.000000
691 7116861064041194.000000
692 7096636853297132.000000
693 7076037051082224.000000
694 7055065265305790.000000
695 7033725161487339.000000
696 7012020461689894.000000
697 6989954943439232.000000
698 6967532438629468.000000
699 6944756832415464.000000
700 6921632062092463.000000
701 6898162115963440.000000
702 6874351032194598.000000
703 6850202897659480.000000
704 6825721846772165.000000
705 6800912060309995.000000
706 6775777764226319.000000
707 6750323228453717.000000
708 6724552765698176.000000
709 6698470730224698.000000
710 6672081516634818.000000
711 6645389558636496.000000
712 6618399327806890.000000
713 6591115332348462.000000
714 6563542115838932.000000
715 6535684255975525.000000
716 6507546363314029.000000
717 6479133080003127.000000
718 6450449078514496.000000
719 6421499060369153.000000
720 6392287754860525.000000
721 6362819917774751.000000
722 6333100330108655.000000
723 6303133796785904.000000
724 6272925145371828.000000
725 6242479224787352.000000
726 6211800904022550.000000
727 6180895070850266.000000
728 6149766630540295.000000
729 6118420504574567.000000
730 6086861629363826.000000
731 6055094954966261.000000
732 6023125443808514.000000
733 5990958069409586.000000
734 5958597815108025.000000
735 5926049672792895.000000
736 5893318641638947.000000
737 5860409726846432.000000
738 5827327938386000.000000
739 5794078289749121.000000
740 5760665796704434.000000
741 5727095476060472.000000
742 5693372344435156.000000
743 5659501417032488.000000
744 5625487706426840.000000
745 5591336221355236.000000
746 5557051965518034.000000
747 5522639936388376.000000
748 5488105124030818.000000
749 5453452509929485.000000
750 5418687065826144.000000
751 5383813752568543.000000
752 5348837518969390.000000
753 5313763300676295.000000
754 5278596019053052.000000
755 5243340580072562.000000
756 5208001873221759.000000
757 5172584770418829.000000
758 5137094124943065.000000
759 5101534770377637.000000
760 5065911519565602.000000
761 5030229163579423.000000
762 4994492470704299.000000
763 4958706185435565.000000
764 4922875027490447.000000
765 4887003690834407.000000
766 4851096842722364.000000
767 4815159122755001.000000
768 4779195141950417.000000
769 4743209481831326.000000
770 4707206693528063.000000
771 4671191296897552.000000
772 4635167779658492.000000
773 4599140596542910.000000
774 4563114168464304.000000
775 4527092881702514.000000
776 4491081087105527.000000
777 4455083099308348.000000
778 4419103195969099.000000
779 4383145617022485.500000
780 4347214563950768.000000
781 4311314199072357.000000
782 4275448644848162.500000
783 4239621983205780.500000
784 4203838254881643.000000
785 4168101458781212.500000
786 4132415551357293.000000
787 4096784446006548.000000
788 4061212012484290.500000
789 4025702076337579.500000
790 3990258418356715.000000
791 3954884774045119.500000
792 3919584833107688.500000
793 3884362238957602.500000
794 3849220588241627.500000
795 3814163430383918.000000
796 3779194267148309.500000
797 3744316552219103.500000
798 3709533690800331.500000
799 3674849039233467.500000
800 3640265904633557.000000
801 3605787544543741.000000
802 3571417166608103.500000
803 3537157928262816.500000
804 3503012936445498.000000
805 3468985247322734.000000
806 3435077866035680.500000
807 3401293746463664.500000
808 3367635791005699.000000
809 3334106850379815.500000
810 3300709723440105.500000
811 3267447157011376.500000
812 3234321845741296.000000
813 3201336431969903.500000
814 3168493505616367.500000
815 3135795604082853.500000
816 3103245212175362.000000
817 3070844762041385.000000
818 3038596633124248.500000
819 3006503152133961.500000
820 2974566593034428.500000
821 2942789177046843.000000
822 2911173072669109.000000
823 2879720395711091.500000
824 2848433209345528.500000
825 2817313524174413.500000
826 2786363298310656.000000
827 2755584437474830.000000
828 2724978795106796.500000
829 2694548172492012.500000
830 2664294318902310.500000
831 2634218931750931.500000
832 2604323656761604.500000
833 2574610088151451.000000
834 2545079768827483.500000
835 2515734190596485.000000
836 2486574794388033.500000
837 2457602970490430.500000
838 2428820058799323.500000
839 2400227349078749.000000
840 2371826081234397.500000
841 2343617445598815.000000
842 2315602583228334.000000
843 2287782586211457.500000
844 2260158497988469.000000
845 2232731313682003.250000
846 2205501980438330.500000
847 2178471397779104.500000
848 2151640417963311.500000
849 2125009846359167.500000
850 2098580441825706.000000
851 2072352917103798.750000
852 2046327939216346.750000
853 2020506129877383.500000
854 1994888065909833.250000
855 1969474279671653.500000
856 1944265259490113.000000
857 1919261450103931.250000
858 1894463253113031.000000
859 1869871027435627.000000
860 1845485089772406.500000
861 1821305715077526.250000
862 1797333137036174.000000
863 1773567548548433.000000
864 1750009102219188.750000
865 1726657910853821.000000
866 1703514047959423.750000
867 1680577548251297.500000
868 1657848408164456.000000
869 1635326586369898.500000
870 1613012004295388.750000
871 1590904546650499.000000
872 1569004061955657.250000
873 1547310363074961.000000
874 1525823227752507.750000
875 1504542399151996.750000
876 1483467586399361.750000
877 1462598465128193.250000
878 1441934678027717.250000
879 1421475835393086.000000
880 1401221515677758.000000
881 1381171266047726.750000
882 1361324602937379.500000
883 1341681012606748.500000
884 1322239951699946.000000
885 1303000847804547.250000
886 1283963100011717.250000
887 1265126079476857.000000
888 1246489129980560.750000
889 1228051568489679.000000
890 1209812685718271.250000
891 1191771746688258.500000
892 1173927991289564.000000
893 1156280634839552.500000
894 1138828868641575.000000
895 1121571860542421.125000
896 1104508755488504.625000
897 1087638676080586.000000
898 1070960723126862.500000
899 1054473976194240.875000
900 1038177494157624.625000
901 1022070315747046.875000
902 1006151460092475.500000
903 990419927266137.500000
904 974874698822197.750000
905 959514738333636.625000
906 944338991926177.125000
907 929346388809113.500000
908 914535841802892.375000
909 899906247863312.375000
910 885456488602198.750000
911 871185430804423.875000
912 857091926941140.250000
913 843174815679103.125000
914 829432922385960.375000
915 815865059631383.750000
916 802470027683938.625000
917 789246615003570.625000
918 776193598729604.500000
919 763309745164155.375000
920 750593810250843.000000
921 738044540048723.250000
922 725660671201333.875000
923 713440931400772.000000
924 701384039846714.000000
925 689488707700295.000000
926 677753638532774.500000
927 666177528768903.000000
928 654759068124930.625000
929 643496940041178.500000
930 632389822109114.500000
931 621436386492870.875000
932 610635300345143.125000
933 599985226217420.750000
934 589484822464494.875000
935 579132743643195.500000
936 568927640905314.875000
937 558868162384675.687500
938 548952953578306.375000
939 539180657721685.437500
940 529549916158028.812500
941 520059368701586.000000
942 510707653994922.750000
943 501493409860167.625000
944 492415273644199.125000
945 483471882557763.312500
946 474661874008501.500000
947 465983885927880.437500
948 457436557092016.937500
949 449018527436390.687500
950 440728438364441.062500
951 432564933050051.250000
952 424526656733919.500000
953 416612257013822.375000
954 408820384128780.125000
955 401149691237130.562500
956 393598834688527.750000
957 386166474289876.687500
958 378851273565222.062500
959 371651900009613.687500
960 364567025336963.312500
961 357595325721922.937500
962 350735482035807.437500
963 343986180076587.625000
964 337346110792988.062500
965 330813970502716.062500
966 324388461104859.687500
967 318068290286486.375000
968 311852171723483.562500
969 305738825275675.625000
970 299726977176261.500000
971 293815360215612.437500
972 288002713919475.562500
973 282287784721626.187500
974 276669326131019.093750
975 271146098893482.218750
976 265716871148007.093750
977 260380418577682.781250
978 255135524555328.250000
979 249980980283873.593750
980 244915584931548.437500
981 239938145761927.906250
982 235047478258898.218750
983 230242406246594.781250
984 225521762004374.562500
985 220884386376880.062500
986 216329128879256.875000
987 211854847797584.562500
988 207460410284584.062500
989 203144692450663.000000
990 198906579450363.562500
991 194744965564275.000000
992 190658754276478.218750
993 186646858347584.000000
994 182708199883433.875000
995 178841710399527.468750
996 175046330881243.031250
997 171321011839919.593750
998 167664713364866.281250
999 164076405171367.062500
1000 160555066644748.187500
1001 157099686880577.781250
1002 153709264721063.406250
1003 150382808787718.281250
1004 147119337510363.250000
1005 143917879152533.406250
1006 140777471833357.750000
1007 137697163545980.968750
1008 134676012172595.734375
1009 131713085496152.703125
1010 128807461208819.968750
1011 125958226917255.828125
1012 123164480144766.500000
1013 120425328330415.468750
1014 117739888825152.031250
1015 115107288885026.546875
1016 112526665661560.625000
1017 109997166189337.437500
1018 107517947370880.812500
1019 105088175958887.921875
1020 102707028535881.609375
1021 100373691491349.203125
1022 98087360996430.953125
1023 95847242976224.703125
1024 93652553079769.265625
1025 91502516647772.328125
1026 89396368678143.218750
1027 87333353789396.625000
1028 85312726181986.890625
1029 83333749597635.859375
1030 81395697276714.421875
1031 79497851913739.312500
1032 77639505611044.234375
1033 75819959830685.015625
1034 74038525344636.781250
1035 72294522183342.140625
1036 70587279582666.937500
1037 68916135929320.132812
1038 67280438704794.812500
1039 65679544427884.101562
1040 64112818595827.929688
1041 62579635624143.656250
1042 61079378785193.984375
1043 59611440145544.773438
1044 58175220502163.734375
1045 56770129317511.882812
1046 55395584653577.062500
1047 54051013104899.601562
1048 52735849730638.054688
1049 51449537985723.914062
1050 50191529651150.890625
1051 48961284763446.976562
1052 47758271543372.804688
1053 46581966323893.031250
1054 45431853477462.882812
1055 44307425342674.398438
1056 43208182150304.296875
1057 42133631948804.460938
1058 41083290529277.179688
1059 40056681349973.648438
1060 39053335460356.070312
1061 38072791424761.226562
1062 37114595245703.390625
1063 36178300286853.101562
1064 35263467195728.320312
1065 34369663826132.937500
1066 33496465160377.023438
1067 32643453231312.871094
1068 31810217044219.554688
1069 30996352498568.125000
1070 30201462309699.046875
1071 29425155930442.074219
1072 28667049472709.214844
1073 27926765629088.972656
1074 27203933594471.007812
1075 26498188987728.292969
1076 25809173773484.171875
1077 25136536183989.890625
1078 24479930641138.648438
1079 23839017678640.417969
1080 23213463864381.738281
1081 22602941722993.828125
1082 22007129658651.464844
1083 21425711878124.746094
1084 20858378314104.781250
1085 20304824548823.906250
1086 19764751737990.527344
1087 19237866535057.394531
1088 18723881015842.402344
1089 18222512603519.371094
1090 17733483993996.515625
1091 17256523081698.980469
1092 16791362885771.660156
1093 16337741476717.763672
1094 15895401903487.833984
1095 15464092121033.701172
1096 15043564918340.882812
1097 14633577846952.560547
1098 14233893149997.796875
1099 13844277691735.832031
1100 13464502887628.039062
1101 13094344634948.341797
1102 12733583243942.587891
1103 12382003369546.664062
1104 12039393943672.738281
1105 11705548108072.542969
1106 11380263147786.041016
1107 11063340425183.279297
1108 10754585314607.123047
1109 10453807137623.509766
1110 10160819098886.003906
1111 9875438222620.576172
1112 9597485289736.339844
1113 9326784775567.439453
1114 9063164788250.853516
1115 8806457007744.587891
1116 8556496625490.318359
1117 8313122284723.882812
1118 8076176021437.210938
1119 7845503205994.244141
1120 7620952485403.597656
1121 7402375726250.061523
1122 7189627958286.762695
1123 6982567318689.495117
1124 6781054996974.454102
1125 6584955180580.177734
1126 6394135001114.264648
1127 6208464481265.201172
1128 6027816482379.171875
1129 5852066652701.647461
1130 5681093376283.103516
1131 5514777722548.075195
1132 5353003396526.441406
1133 5195656689745.570312
1134 5042626431781.813477
1135 4893803942469.435547
1136 4749082984765.061523
1137 4608359718265.254883
1138 4471532653374.899414
1139 4338502606123.605957
1140 4209172653627.340820
1141 4083448090192.240723
1142 3961236384057.337402
1143 3842447134772.833008
1144 3726992031210.331543
1145 3614784810201.335938
1146 3505741215800.078613
1147 3399778959166.690430
1148 3296817679066.544922
1149 3196778902981.448730
1150 3099586008828.258301
1151 3005164187280.395996
1152 2913440404687.536133
1153 2824343366588.752930
1154 2737803481814.181152
1155 2653752827170.252441
1156 2572125112703.404297
1157 2492855647537.090332
1158 2415881306276.874023
1159 2341140495978.236816
1160 2268573123671.723633
1161 2198120564439.968018
1162 2129725630041.008789
1163 2063332538072.392334
1164 1998886881670.303711
1165 1936335599738.151123
1166 1875626947698.752197
1167 1816710468764.413818
1168 1759536965719.034912
1169 1704058473206.402100
1170 1650228230518.787842
1171 1598000654879.943115
1172 1547331315216.532959
1173 1498176906412.082764
1174 1450495224037.473633
1175 1404245139551.962402
1176 1359386575968.821533
1177 1315880483979.500244
1178 1273688818530.411377
1179 1232774515846.279785
1180 1193101470894.090576
1181 1154634515281.656006
1182 1117339395584.800293
1183 1081182752097.223511
1184 1046132097997.074707
1185 1012155798924.320312
1186 979223052962.963379
1187 947303871022.243408
1188 916369057610.942261
1189 886390191998.932373
1190 857339609760.166382
1191 829190384691.316895
1192 801916311100.292969
1193 775491886458.921021
1194 749892294414.093872
1195 725093388151.735718
1196 701071674107.952026
1197 677804296021.801636
1198 655269019324.140991
1199 633444215857.052246
1200 612308848918.387329
