0 327750908102038.250000
1 341582725572257.375000
2 355978678121297.687500
3 370960922686515.375000
4 386552450503292.937500
5 402777117049290.750000
6 419659673005246.500000
7 437225796264589.250000
8 455502125025095.500000
9 474516291996809.312500
10 494296959761361.500000
11 514873857318965.062500
12 536277817860273.125000
13 558540817801466.812500
14 581696017121991.625000
15 605777801045476.875000
16 630821823105555.750000
17 656865049639503.125000
18 683945805753753.625000
19 712103822806703.750000
20 741380287455397.375000
21 771817892314047.250000
22 803460888273685.500000
23 836355138533587.500000
24 870548174396518.875000
25 906089252881369.625000
26 943029416208074.875000
27 981421553211413.875000
28 1021320462741657.375000
29 1062782919111740.000000
30 1105867739652210.500000
31 1150635854436887.000000
32 1197150378243817.250000
33 1245476684817956.750000
34 1295682483503689.750000
35 1347837898317150.000000
36 1402015549530260.250000
37 1458290637840161.750000
38 1516741031199814.500000
39 1577447354387420.250000
40 1640493081394491.500000
41 1705964630714336.500000
42 1773951463615028.250000
43 1844546185482954.500000
44 1917844650325406.250000
45 1993946068522855.000000
46 2072953117924015.000000
47 2154972058378984.500000
48 2240112849808432.000000
49 2328489273909090.500000
50 2420219059598492.000000
51 2515424012304356.500000
52 2614230147206845.000000
53 2716767826544497.000000
54 2823171901097392.000000
55 2933581855964134.000000
56 3048141960751769.500000
57 3167001424301061.000000
58 3290314554072347.000000
59 3418240920320273.000000
60 3550945525188849.500000
61 3688598976861551.500000
62 3831377668904310.000000
63 3979463964942589.000000
64 4133046388817165.000000
65 4292319820366737.000000
66 4457485696988737.500000
67 4628752221133771.000000
68 4806334573892162.000000
69 4990455134835413.000000
70 5181343708278736.000000
71 5379237756134865.000000
72 5584382637533334.000000
73 5797031855383186.000000
74 6017447310061510.000000
75 6245899560414068.000000
76 6482668092258568.000000
77 6728041594585562.000000
78 6982318243656163.000000
79 7245805995200470.000000
80 7518822884924814.000000
81 7801697337540735.000000
82 8094768484533405.000000
83 8398386490891732.000000
84 8712912891027457.000000
85 9038720934115184.000000
86 9376195939090882.000000
87 9725735659550632.000000
88 10087750658797652.000000
89 10462664695289538.000000
90 10850915118744652.000000
91 11252953277170354.000000
92 11669244935082618.000000
93 12100270703191192.000000
94 12546526479830942.000000
95 13008523904425172.000000
96 13486790823272938.000000
97 13981871767958066.000000
98 14494328446683694.000000
99 15024740248842616.000000
100 15573704763139084.000000
101 16141838309584822.000000
102 16729776485697982.000000
103 17338174727240176.000000
104 17967708883833452.000000
105 18619075809805692.000000
106 19292993970619100.000000
107 19990204065244436.000000
108 20711469664848780.000000
109 21457577868173556.000000
110 22229339973984728.000000
111 23027592170985584.000000
112 23853196245588752.000000
113 24707040307952664.000000
114 25590039536692876.000000
115 26503136942688704.000000
116 27447304152411248.000000
117 28423542211207116.000000
118 29432882406980532.000000
119 30476387114722040.000000
120 31555150662343656.000000
121 32670300218283632.000000
122 33822996701356612.000000
123 35014435713328128.000000
124 36245848494705904.000000
125 37518502904243424.000000
126 38833704422663560.000000
127 40192797181115256.000000
128 41597165014887296.000000
129 43048232542909920.000000
130 44547466273583568.000000
131 46096375737483376.000000
132 47696514647497064.000000
133 49349482086960216.000000
134 51056923726364352.000000
135 52820533069220592.000000
136 54642052727670208.000000
137 56523275728443320.000000
138 58466046849774632.000000
139 60472263989895376.000000
140 62543879567727272.000000
141 64682901956417136.000000
142 66891396950354352.000000
143 69171489266329296.000000
144 71525364079490976.000000
145 73955268594781728.000000
146 76463513654525712.000000
147 79052475382864512.000000
148 81724596867737024.000000
149 84482389881113984.000000
150 87328436638203392.000000
151 90265391596353984.000000
152 93295983294391056.000000
153 96423016233129712.000000
154 99649372797819888.000000
155 102978015223283136.000000
156 106411987602513584.000000
157 109954417939522720.000000
158 113608520247216208.000000
159 117377596691100144.000000
160 121265039779623200.000000
161 125274334601966784.000000
162 129409061114109072.000000
163 133672896473991680.000000
164 138069617426631440.000000
165 142603102740018112.000000
166 147277335692663968.000000
167 152096406613659296.000000
168 157064515476110944.000000
169 162185974544840768.000000
170 167465211079231136.000000
171 172906770092111328.000000
172 178515317165587424.000000
173 184295641324721280.000000
174 190252657969975328.000000
175 196391411869346112.000000
176 202717080211115776.000000
177 209234975718149728.000000
178 215950549824688832.000000
179 222869395916581632.000000
180 229997252635903744.000000
181 237340007250928960.000000
182 244903699092407552.000000
183 252694523057127040.000000
184 260718833179721216.000000
185 268983146273711776.000000
186 277494145642748224.000000
187 286258684863051584.000000
188 295283791638027840.000000
189 304576671726061760.000000
190 314144712942464768.000000
191 323995489236586432.000000
192 334136764845085312.000000
193 344576498522351936.000000
194 355322847849089408.000000
195 366384173620048384.000000
196 377769044311924544.000000
197 389486240632414848.000000
198 401544760151431168.000000
199 413953822015476608.000000
200 426722871746176320.000000
201 439861586123967680.000000
202 453379878157935552.000000
203 467287902142780736.000000
204 481596058803921920.000000
205 496315000531698944.000000
206 511455636705668416.000000
207 527029139109952512.000000
208 543046947440614016.000000
209 559520774906025664.000000
210 576462613921170688.000000
211 593884741896835072.000000
212 611799727124617216.000000
213 630220434758696320.000000
214 649160032895270016.000000
215 668631998750561536.000000
216 688650124938310400.000000
217 709228525847617920.000000
218 730381644122035200.000000
219 752124257240723328.000000
220 774471484202564736.000000
221 797438792314033920.000000
222 821042004081643520.000000
223 845297304209777536.000000
224 870221246704658432.000000
225 895830762085251072.000000
226 922143164701811328.000000
227 949176160162821376.000000
228 976947852870995456.000000
229 1005476753669050368.000000
230 1034781787595880832.000000
231 1064882301753796224.000000
232 1095798073287379456.000000
233 1127549317474604672.000000
234 1160156695930714368.000000
235 1193641324925434368.000000
236 1228024783813960448.000000
237 1263329123582243584.000000
238 1299576875506968832.000000
239 1336791059930653952.000000
240 1374995195152211200.000000
241 1414213306433335296.000000
242 1454469935121005312.000000
243 1495790147886347776.000000
244 1538199546080111104.000000
245 1581724275204929792.000000
246 1626391034504489472.000000
247 1672227086669765120.000000
248 1719260267662311680.000000
249 1767518996654693888.000000
250 1817032286087976960.000000
251 1867829751846230016.000000
252 1919941623547905792.000000
253 1973398754953937408.000000
254 2028232634492301056.000000
255 2084475395898812928.000000
256 2142159828973792000.000000
257 2201319390454225408.000000
258 2261988215001003264.000000
259 2324201126300718592.000000
260 2387993648281463808.000000
261 2453402016442071552.000000
262 2520463189294017024.000000
263 2589214859915382784.000000
264 2659695467615944704.000000
265 2731944209712625664.000000
266 2806001053414321664.000000
267 2881906747815111680.000000
268 2959702835994803200.000000
269 3039431667225610240.000000
270 3121136409283856896.000000
271 3204861060865299456.000000
272 3290650464102785024.000000
273 3378550317184762368.000000
274 3468607187073183744.000000
275 3560868522319107584.000000
276 3655382665974432256.000000
277 3752198868597892096.000000
278 3851367301353600512.000000
279 3952939069200034816.000000
280 4056966224167664640.000000
281 4163501778722898944.000000
282 4272599719216346112.000000
283 4384315019412966912.000000
284 4498703654101832192.000000
285 4615822612782962688.000000
286 4735729913428722688.000000
287 4858484616317103104.000000
288 4984146837934077952.000000
289 5112777764942313472.000000
290 5244439668213081088.000000
291 5379195916918539264.000000
292 5517110992681005056.000000
293 5658250503776141312.000000
294 5802681199386551296.000000
295 5950470983902389248.000000
296 6101688931265363968.000000
297 6256405299352494080.000000
298 6414691544395712512.000000
299 6576620335433570304.000000
300 6742265568790819840.000000
301 6911702382581975040.000000
302 7085007171234334720.000000
303 7262257600026369024.000000
304 7443532619636762624.000000
305 7628912480699710464.000000
306 7818478748361600000.000000
307 8012314316834311168.000000
308 8210503423940273152.000000
309 8413131665643973632.000000
310 8620286010565007360.000000
311 8832054814467139584.000000
312 9048527834718048256.000000
313 9269796244714166272.000000
314 9495952648264986624.000000
315 9727091093930860544.000000
316 9963307089308704768.000000
317 10204697615259052032.000000
318 10451361140068884480.000000
319 10703397633543331840.000000
320 10960908581020342272.000000
321 11223996997301340160.000000
322 11492767440491538432.000000
323 11767326025742856192.000000
324 12047780438892636160.000000
325 12334239949991049216.000000
326 12626815426710159360.000000
327 12925619347626989568.000000
328 13230765815373570048.000000
329 13542370569646254080.000000
330 13860551000066414592.000000
331 14185426158885122048.000000
332 14517116773523474432.000000
333 14855745258940899328.000000
334 15201435729822926848.000000
335 15554314012580421632.000000
336 15914507657151614976.000000
337 16282145948598675456.000000
338 16657359918489862144.000000
339 17040282356058834944.000000
340 17431047819131936768.000000
341 17829792644814673920.000000
342 18236654959928090624.000000
343 18651774691186065408.000000
344 19075293575103959040.000000
345 19507355167629283328.000000
346 19948104853484896256.000000
347 20397689855215009792.000000
348 20856259241924145152.000000
349 21323963937699540992.000000
350 21800956729706520576.000000
351 22287392275947372544.000000
352 22783427112673124352.000000
353 23289219661438107648.000000
354 23804930235787255808.000000
355 24330721047565156352.000000
356 24866756212837150720.000000
357 25413201757410963456.000000
358 25970225621949132800.000000
359 26537997666660712448.000000
360 27116689675562156032.000000
361 27706475360295768064.000000
362 28307530363495641088.000000
363 28920032261689106432.000000
364 29544160567723601920.000000
365 30180096732706947072.000000
366 30828024147450740736.000000
367 31488128143404859392.000000
368 32160595993072324608.000000
369 32845616909893038080.000000
370 33543382047585153024.000000
371 34254084498932588544.000000
372 34977919294007201792.000000
373 35715083397814853632.000000
374 36465775707352817664.000000
375 37230197048068308992.000000
376 38008550169705521152.000000
377 38801039741530931200.000000
378 39607872346924056576.000000
379 40429256477323665408.000000
380 41265402525516644352.000000
381 42116522778259283968.000000
382 42982831408218554368.000000
383 43864544465222909952.000000
384 44761879866810654720.000000
385 45675057388064907264.000000
386 46604298650723696640.000000
387 47549827111554424832.000000
388 48511868049980760064.000000
389 49490648554952040448.000000
390 50486397511042809856.000000
391 51499345583772999680.000000
392 52529725204136681472.000000
393 53577770552329412608.000000
394 54643717540663271424.000000
395 55727803795658915840.000000
396 56830268639304458240.000000
397 57951353069470629888.000000
398 59091299739472142336.000000
399 60250352936765169664.000000
400 61428758560770932736.000000
401 62626764099815620608.000000
402 63844618607177228288.000000
403 65082572676229308416.000000
404 66340878414672969728.000000
405 67619789417847496704.000000
406 68919560741110808576.000000
407 70240448871280918528.000000
408 71582711697130061824.000000
409 72946608478922645504.000000
410 74332399816989409280.000000
411 75740347619329343488.000000
412 77170715068232007680.000000
413 78623766585912705024.000000
414 80099767799153033216.000000
415 81598985502940102656.000000
416 83121687623097696256.000000
417 84668143177902522368.000000
418 86238622238679941120.000000
419 87833395889372561408.000000
420 89452736185077071872.000000
421 91096916109542604800.000000
422 92766209531627159552.000000
423 94460891160705974272.000000
424 96181236501028405248.000000
425 97927521805019070464.000000
426 99700024025518882816.000000
427 101499020766963761152.000000
428 103324790235496742912.000000
429 105177611188012007424.000000
430 107057762880127188992.000000
431 108965525013083701248.000000
432 110901177679571828736.000000
433 112865001308480700416.000000
434 114857276608571703296.000000
435 116878284511075401728.000000
436 118928306111211569152.000000
437 121007622608633151488.000000
438 123116515246795227136.000000
439 125255265251249766400.000000
440 127424153766868238336.000000
441 129623461793994850304.000000
442 131853470123531763712.000000
443 134114459270961233920.000000
444 136406709409306165248.000000
445 138730500301035683840.000000
446 141086111228917448704.000000
447 143473820925824614400.000000
448 145893907503500902400.000000
449 148346648380290236416.000000
450 150832320207838740480.000000
451 153351198796774866944.000000
452 155903559041374715904.000000
453 158489674843223228416.000000
454 161109819033876791296.000000
455 163764263296538509312.000000
456 166453278086754795520.000000
457 169177132552144224256.000000
458 171936094451168673792.000000
459 174730430070959013888.000000
460 177560404144206118912.000000
461 180426279765130477568.000000
462 183328318304543637504.000000
463 186266779324013215744.000000
464 189241920489148841984.000000
465 192253997482020175872.000000
466 195303263912724955136.000000
467 198389971230121197568.000000
468 201514368631741579264.000000
469 204676702972905291776.000000
470 207877218675046580224.000000
471 211116157633276149760.000000
472 214393759123196772352.000000
473 217710259706990493696.000000
474 221065893138797133824.000000
475 224460890269406658560.000000
476 227895478950284787712.000000
477 231369883936952844288.000000
478 234884326791747469312.000000
479 238439025785978191872.000000
480 242034195801510969344.000000
481 245670048231798210560.000000
482 249346790882382282752.000000
483 253064627870895538176.000000
484 256823759526584680448.000000
485 260624382289384079360.000000
486 264466688608566018048.000000
487 268350866840994643968.000000
488 272277101149011607552.000000
489 276245571397982945280.000000
490 280256453053534765056.000000
491 284309917078508666880.000000
492 288406129829666095104.000000
493 292545252954173374464.000000
494 296727443285898035200.000000
495 300952852741547687936.000000
496 305221628216685428736.000000
497 309533911481653067776.000000
498 313889839077435244544.000000
499 318289542211500572672.000000
500 322733146653650780160.000000
501 327220772631915724800.000000
502 331752534728527577088.000000
503 336328541776010215424.000000
504 340948896753420664832.000000
505 345613696682778951680.000000
506 350323032525722484736.000000
507 355076989080424218624.000000
508 359875644878810578944.000000
509 364719072084118208512.000000
510 369607336388829577216.000000
511 374540496913023565824.000000
512 379518606103182966784.000000
513 384541709631497699328.000000
514 389609846295703584768.000000
515 394723047919497773056.000000
516 399881339253570928640.000000
517 405084737877297725440.000000
518 410333254101126545408.000000
519 415626890869710192640.000000
520 420965643665819041792.000000
521 426349500415080595456.000000
522 431778441391584116736.000000
523 437252439124396212224.000000
524 442771458305029570560.000000
525 448335455695905161216.000000
526 453944380039854096384.000000
527 459598171970701426688.000000
528 465296763924973092864.000000
529 471040080054773022720.000000
530 476828036141871398912.000000
531 482660539513047285760.000000
532 488537488956731883520.000000
533 494458774640993501184.000000
534 500424278032908943360.000000
535 506433871819365023744.000000
536 512487419829333983232.000000
537 518584776957666000896.000000
538 524725789090441789440.000000
539 530910293031931150336.000000
540 537138116433197793280.000000
541 543409077722394787840.000000
542 549722986036795670528.000000
543 556079641156600463360.000000
544 562478833440562282496.000000
545 568920343763476676608.000000
546 575403943455573803008.000000
547 581929394243857940480.000000
548 588496448195436216320.000000
549 595104847662875541504.000000
550 601754325231630811136.000000
551 608444603669585461248.000000
552 615175395878744227840.000000
553 621946404849116512256.000000
554 628757323614834786304.000000
555 635607835212541198336.000000
556 642497612642087206912.000000
557 649426318829577961472.000000
558 656393606592806649856.000000
559 663399118609110269952.000000
560 670442487385686933504.000000
561 677523335232408911872.000000
562 684641274237168910336.000000
563 691795906243792994304.000000
564 698986822832556343296.000000
565 706213605303333683200.000000
566 713475824661419786240.000000
567 720773041606049792000.000000
568 728104806521653297152.000000
569 735470659471873277952.000000
570 742870130196377370624.000000
571 750302738110494801920.000000
572 757767992307704791040.000000
573 765265391565004996608.000000
574 772794424351188451328.000000
575 780354568838053363712.000000
576 787945292914570690560.000000
577 795566054204037267456.000000
578 803216300084233764864.000000
579 810895467710612766720.000000
580 818602984042537680896.000000
581 826338265872592797696.000000
582 834100719858984681472.000000
583 841889742561053638656.000000
584 849704720477912825856.000000
585 857545030090229547008.000000
586 865410037905168924672.000000
587 873299100504508071936.000000
588 881211564595940163584.000000
589 889146767067577057280.000000
590 897104035045661212672.000000
591 905082685955499622400.000000
592 913082027585625522176.000000
593 921101358155198758912.000000
594 929139966384647307264.000000
595 937197131569557929984.000000
596 945272123657820307456.000000
597 953364203330025029632.000000
598 961472622083118858240.000000
599 969596622317317390336.000000
600 977735437426274074624.000000
601 985888291890502041600.000000
602 994054401374047698944.000000
603 1002232972824408489984.000000
604 1010423204575692587008.000000
605 1018624286455008329728.000000
606 1026835399892078952448.000000
607 1035055718032069361664.000000
608 1043284405851616444416.000000
609 1051520620278047965184.000000
610 1059763510311777337344.000000
611 1068012217151858802688.000000
612 1076265874324685455360.000000
613 1084523607815813070848.000000
614 1092784536204889686016.000000
615 1101047770803671138304.000000
616 1109312415797099757568.000000
617 1117577568387421700096.000000
618 1125842318941320904704.000000
619 1134105751140039655424.000000
620 1142366942132464648192.000000
621 1150624962691139502080.000000
622 1158878877371185364992.000000
623 1167127744672088719360.000000
624 1175370617202328207360.000000
625 1183606541846804692992.000000
626 1191834559937040613376.000000
627 1200053707424108904448.000000
628 1208263015054255849472.000000
629 1216461508547177611264.000000
630 1224648208776909553664.000000
631 1232822131955285622784.000000
632 1240982289817925582848.000000
633 1249127689812705542144.000000
634 1257257335290664058880.000000
635 1265370225699298476032.000000
636 1273465356778202988544.000000
637 1281541720756997849088.000000
638 1289598306555500429312.000000
639 1297634099986083086336.000000
640 1305648083958169600000.000000
641 1313639238684811198464.000000
642 1321606541891289481216.000000
643 1329548969025686994944.000000
644 1337465493471372509184.000000
645 1345355086761335717888.000000
646 1353216718794317627392.000000
647 1361049358052671619072.000000
648 1368851971821894369280.000000
649 1376623526411765284864.000000
650 1384362987379027607552.000000
651 1392069319751548796928.000000
652 1399741488253893083136.000000
653 1407378457534238294016.000000
654 1414979192392573779968.000000
655 1422542658010104201216.000000
656 1430067820179796262912.000000
657 1437553645537992900608.000000
658 1444999101797028069376.000000
659 1452403157978767425536.000000
660 1459764784649005170688.000000
661 1467082954152640774144.000000
662 1474356640849563222016.000000
663 1481584821351170441216.000000
664 1488766474757443158016.000000
665 1495900582894503985152.000000
666 1502986130552579948544.000000
667 1510022105724297936896.000000
668 1517007499843225255936.000000
669 1523941308022591324160.000000
670 1530822529294099546112.000000
671 1537650166846759895040.000000
672 1544423228265657008128.000000
673 1551140725770578821120.000000
674 1557801676454423429120.000000
675 1564405102521306054656.000000
676 1570950031524284334080.000000
677 1577435496602621181952.000000
678 1583860536718508949504.000000
679 1590224196893170728960.000000
680 1596525528442254393344.000000
681 1602763589210449641472.000000
682 1608937443805233938432.000000
683 1615046163829677883392.000000
684 1621088828114222186496.000000
685 1627064522947347873792.000000
686 1632972342305059766272.000000
687 1638811388079102754816.000000
688 1644580770303827509248.000000
689 1650279607381634318336.000000
690 1655907026306899640320.000000
691 1661462162888327430144.000000
692 1666944161969623793664.000000
693 1672352177648434937856.000000
694 1677685373493456142336.000000
695 1682942922759644643328.000000
696 1688124008601450708992.000000
697 1693227824283996127232.000000
698 1698253573392119627776.000000
699 1703200470037215313920.000000
700 1708067739061791752192.000000
701 1712854616241669668864.000000
702 1717560348485753241600.000000
703 1722184194033295818752.000000
704 1726725422648590860288.000000
705 1731183315813016272896.000000
706 1735557166914359525376.000000
707 1739846281433355649024.000000
708 1744049977127370752000.000000
709 1748167584211157647360.000000
710 1752198445534622515200.000000
711 1756141916757534441472.000000
712 1759997366521110200320.000000
713 1763764176616415035392.000000
714 1767441742149513117696.000000
715 1771029471703306600448.000000
716 1774526787496005599232.000000
717 1777933125536162250752.000000
718 1781247935774221926400.000000
719 1784470682250522394624.000000
720 1787600843239695319040.000000
721 1790637911391407702016.000000
722 1793581393867398184960.000000
723 1796430812474748174336.000000
724 1799185703795341393920.000000
725 1801845619311465988096.000000
726 1804410125527504125952.000000
727 1806878804087669522432.000000
728 1809251251889743855616.000000
729 1811527081194771185664.000000
730 1813705919732667908096.000000
731 1815787410803707346944.000000
732 1817771213375840976896.000000
733 1819657002177819312128.000000
734 1821444467788076023808.000000
735 1823133316719341469696.000000
736 1824723271498953392128.000000
737 1826214070744836472832.000000
738 1827605469237115355136.000000
739 1828897237985339637760.000000
740 1830089164291294625792.000000
741 1831181051807367430144.000000
742 1832172720590457143296.000000
743 1833064007151395012608.000000
744 1833854764499867271168.000000
745 1834544862184816508928.000000
746 1835134186330308214784.000000
747 1835622639666850168832.000000
748 1836010141558147645440.000000
749 1836296628023289708544.000000
750 1836482051754357161984.000000
751 1836566382129441406976.000000
752 1836549605221071323136.000000
753 1836431723800048959488.000000
754 1836212757334685646848.000000
755 1835892741985444036608.000000
756 1835471730594985017344.000000
757 1834949792673625800704.000000
758 1834327014380212322304.000000
759 1833603498498416181248.000000
760 1832779364408461099008.000000
761 1831854748054295937024.000000
762 1830829801906220040192.000000
763 1829704694918979518464.000000
764 1828479612485351768064.000000
765 1827154756385230290944.000000
766 1825730344730235240448.000000
767 1824206611903868829696.000000
768 1822583808497238409216.000000
769 1820862201240370806784.000000
770 1819042072929146503168.000000
771 1817123722347882479616.000000
772 1815107464187586543616.000000
773 1812993628959925862400.000000
774 1810782562906930151424.000000
775 1808474627906475393024.000000
776 1806070201373575610368.000000
777 1803569676157524377600.000000
778 1800973460434926174208.000000
779 1798281977598654021632.000000
780 1795495666142783209472.000000
781 1792614979543534665728.000000
782 1789640386136281448448.000000
783 1786572368988664496128.000000
784 1783411425769859317760.000000
785 1780158068616050245632.000000
786 1776812823992161271808.000000
787 1773376232549889867776.000000
788 1769848848982110371840.000000
789 1766231241873684692992.000000
790 1762523993548752683008.000000
791 1758727699914549886976.000000
792 1754842970301813227520.000000
793 1750870427301834915840.000000
794 1746810706600228552704.000000
795 1742664456807464304640.000000
796 1738432339286237642752.000000
797 1734115027975741636608.000000
798 1729713209212897591296.000000
799 1725227581550622670848.000000
800 1720658855573191131136.000000
801 1716007753708761776128.000000
802 1711275010039145824256.000000
803 1706461370106873905152.000000
804 1701567590719643451392.000000
805 1696594439752213331968.000000
806 1691542695945820962816.000000
807 1686413148705189527552.000000
808 1681206597893205524480.000000
809 1675923853623341875200.000000
810 1670565736049892392960.000000
811 1665133075156106215424.000000
812 1659626710540289835008.000000
813 1654047491199955894272.000000
814 1648396275314098962432.000000
815 1642673930023673528320.000000
816 1636881331210351804416.000000
817 1631019363273643655168.000000
818 1625088918906455195648.000000
819 1619090898869166014464.000000
820 1613026211762306285568.000000
821 1606895773797909004288.000000
822 1600700508569626738688.000000
823 1594441346821683675136.000000
824 1588119226216746844160.000000
825 1581735091102803820544.000000
826 1575289892279114268672.000000
827 1568784586761329442816.000000
828 1562220137545851731968.000000
829 1555597513373519708160.000000
830 1548917688492696010752.000000
831 1542181642421842214912.000000
832 1535390359711655395328.000000
833 1528544829706857349120.000000
834 1521646046307700441088.000000
835 1514695007731288637440.000000
836 1507692716272774545408.000000
837 1500640178066529452032.000000
838 1493538402847348752384.000000
839 1486388403711784517632.000000
840 1479191196879675981824.000000
841 1471947801455957114880.000000
842 1464659239192817827840.000000
843 1457326534252301123584.000000
844 1449950712969399894016.000000
845 1442532803615744589824.000000
846 1435073836163941531648.000000
847 1427574842052649943040.000000
848 1420036853952459833344.000000
849 1412460905532650422272.000000
850 1404848031228900933632.000000
851 1397199266012019818496.000000
852 1389515645157772623872.000000
853 1381798204017869586432.000000
854 1374047977792184516608.000000
855 1366266001302278373376.000000
856 1358453308766285987840.000000
857 1350610933575241433088.000000
858 1342739908070898401280.000000
859 1334841263325121609728.000000
860 1326916028920899829760.000000
861 1318965232735053152256.000000
862 1310989900722692947968.000000
863 1302991056703492456448.000000
864 1294969722149832228864.000000
865 1286926915976875212800.000000
866 1278863654334629937152.000000
867 1270780950402059730944.000000
868 1262679814183289094144.000000
869 1254561252305965940736.000000
870 1246426267821828472832.000000
871 1238275860009531473920.000000
872 1230111024179779731456.000000
873 1221932751482818920448.000000
874 1213742028718332968960.000000
875 1205539838147793518592.000000
876 1197327157309304995840.000000
877 1189104958834995101696.000000
878 1180874210270986108928.000000
879 1172635873899996905472.000000
880 1164390906566607634432.000000
881 1156140259505233199104.000000
882 1147884878170839318528.000000
883 1139625702072438620160.000000
884 1131363664609402159104.000000
885 1123099692910618607616.000000
886 1114834707676538077184.000000
887 1106569623024123248640.000000
888 1098305346334749229056.000000
889 1090042778105066553344.000000
890 1081782811800868880384.000000
891 1073526333713979277312.000000
892 1065274222822186287104.000000
893 1057027350652250226688.000000
894 1048786581146002522112.000000
895 1040552770529555644416.000000
896 1032326767185647501312.000000
897 1024109411529132736512.000000
898 1015901535885639548928.000000
899 1007703964373409464320.000000
900 999517512788326744064.000000
901 991342988492157878272.000000
902 983181190304004702208.000000
903 975032908394986602496.000000
904 966898924186156662784.000000
905 958780010249659088896.000000
906 950676930213134204928.000000
907 942590438667375738880.000000
908 934521281077242494976.000000
909 926470193695827296256.000000
910 918437903481881362432.000000
911 910425128020497399808.000000
912 902432575447045242880.000000
913 894460944374360440832.000000
914 886510923823177531392.000000
915 878583193155806822400.000000
916 870678422013044326400.000000
917 862797270254307639296.000000
918 854940387900990291968.000000
919 847108415083022123008.000000
920 839301981988625711104.000000
921 831521708817254449152.000000
922 823768205735701905408.000000
923 816042072837363073024.000000
924 808343900104636235776.000000
925 800674267374445920256.000000
926 793033744306868846592.000000
927 785422890356844920832.000000
928 777842254748954132480.000000
929 770292376455235895296.000000
930 762773784176030384128.000000
931 755286996323820109824.000000
932 747832521010045517824.000000
933 740410856034871672832.000000
934 733022488879879159808.000000
935 725667896703656001536.000000
936 718347546340255727616.000000
937 711061894300504686592.000000
938 703811386776118099968.000000
939 696596459646603755520.000000
940 689417538488917688320.000000
941 682275038589843668992.000000
942 675169364961062682624.000000
943 668100912356879892480.000000
944 661070065294576975872.000000
945 654077198077354967040.000000
946 647122674819832086528.000000
947 640206849476062871552.000000
948 633330065870042300416.000000
949 626492657728657031168.000000
950 619694948717049675776.000000
951 612937252476354822144.000000
952 606219872663772463104.000000
953 599543102994938724352.000000
954 592907227288552734720.000000
955 586312519513225166848.000000
956 579759243836503752704.000000
957 573247654676038942720.000000
958 566777996752846913536.000000
959 560350505146630209536.000000
960 553965405353114468352.000000
961 547622913343359549440.000000
962 541323235625002991616.000000
963 535066569305394118656.000000
964 528853102156576325632.000000
965 522683012682074095616.000000
966 516556470185443983360.000000
967 510473634840543428608.000000
968 504434657763478208512.000000
969 498439681086181539840.000000
970 492488838031583215616.000000
971 486582252990326505472.000000
972 480720041598985502720.000000
973 474902310819744579584.000000
974 469129159021489881088.000000
975 463400676062276681728.000000
976 457716943373121093632.000000
977 452078034043078967296.000000
978 446484012905564340224.000000
979 440934936625865818112.000000
980 435430853789816586240.000000
981 429971804993574862848.000000
982 424557822934472065024.000000
983 419188932502884188160.000000
984 413865150875084980224.000000
985 408586487607037001728.000000
986 403352944729078956032.000000
987 398164516841464987648.000000
988 393021191210715643904.000000
989 387922947866738098176.000000
990 382869759700672643072.000000
991 377861592563425673216.000000
992 372898405364846428160.000000
993 367980150173507387392.000000
994 363106772317047816192.000000
995 358278210483039698944.000000
996 353494396820335820800.000000
997 348755257040861396992.000000
998 344060710521808945152.000000
999 339410670408197537792.000000
1000 334805043715758882816.000000
1001 330243731434111107072.000000
1002 325726628630182625280.000000
1003 321253624551849328640.000000
1004 316824602731747213312.000000
1005 312439441091225452544.000000
1006 308098012044402360320.000000
1007 303800182602289381376.000000
1008 299545814476948766720.000000
1009 295334764185648300032.000000
1010 291166883154981257216.000000
1011 287042017824916307968.000000
1012 282960009752745050112.000000
1013 278920695716893851648.000000
1014 274923907820569034752.000000
1015 270969473595202011136.000000
1016 267057216103665205248.000000
1017 263186954043227013120.000000
1018 259358501848215748608.000000
1019 255571669792364003328.000000
1020 251826264090803732480.000000
1021 248122087001683886080.000000
1022 244458936927382339584.000000
1023 240836608515286564864.000000
1024 237254892758114271232.000000
1025 233713577093748162560.000000
1026 230212445504561479680.000000
1027 226751278616206606336.000000
1028 223329853795843833856.000000
1029 219947945249786068992.000000
1030 216605324120536350720.000000
1031 213301758583195729920.000000
1032 210037013941219262464.000000
1033 206810852721497767936.000000
1034 203623034768746512384.000000
1035 200473317339178696704.000000
1036 197361455193444089856.000000
1037 194287200688815374336.000000
1038 191250303870601527296.000000
1039 188250512562771591168.000000
1040 185287572457770745856.000000
1041 182361227205512495104.000000
1042 179471218501530353664.000000
1043 176617286174273273856.000000
1044 173799168271529836544.000000
1045 171016601145967116288.000000
1046 168269319539769442304.000000
1047 165557056668364308480.000000
1048 162879544303222587392.000000
1049 160236512853720498176.000000
1050 157627691448051466240.000000
1051 155052808013177847808.000000
1052 152511589353810329600.000000
1053 150003761230406090752.000000
1054 147529048436175601664.000000
1055 145087174873089736704.000000
1056 142677863626877960192.000000
1057 140300837041009901568.000000
1058 137955816789653684224.000000
1059 135642523949602783232.000000
1060 133360679071165808640.000000
1061 131110002248013873152.000000
1062 128890213185978531840.000000
1063 126701031270797099008.000000
1064 124542175634799902720.000000
1065 122413365222535954432.000000
1066 120314318855333543936.000000
1067 118244755294792384512.000000
1068 116204393305205407744.000000
1069 114192951714907799552.000000
1070 112210149476551278592.000000
1071 110255705726303240192.000000
1072 108329339841969274880.000000
1073 106430771500039094272.000000
1074 104559720731655618560.000000
1075 102715907977508438016.000000
1076 100899054141651255296.000000
1077 99108880644246257664.000000
1078 97345109473235353600.000000
1079 95607463234941616128.000000
1080 93895665203603030016.000000
1081 92209439369840738304.000000
1082 90548510488065802240.000000
1083 88912604122827358208.000000
1084 87301446694106316800.000000
1085 85714765521558618112.000000
1086 84152288867712516096.000000
1087 82613745980125003776.000000
1088 81098867132502179840.000000
1089 79607383664788701184.000000
1090 78139028022233284608.000000
1091 76693533793434419200.000000
1092 75270635747374284800.000000
1093 73870069869446447104.000000
1094 72491573396484186112.000000
1095 71134884850797232128.000000
1096 69799744073223413760.000000
1097 68485892255203074048.000000
1098 67193071969884340224.000000
1099 65921027202266923008.000000
1100 64669503378392678400.000000
1101 63438247393591476224.000000
1102 62227007639791198208.000000
1103 61035534031900172288.000000
1104 59863578033271914496.000000
1105 58710892680260239360.000000
1106 57577232605875240960.000000
1107 56462354062548983808.000000
1108 55366014944020791296.000000
1109 54287974806352003072.000000
1110 53227994888080080896.000000
1111 52185838129522425856.000000
1112 51161269191239761920.000000
1113 50154054471669800960.000000
1114 49163962123941552128.000000
1115 48190762071880785920.000000
1116 47234226025217277952.000000
1117 46294127494005170176.000000
1118 45370241802266337280.000000
1119 44462346100868595712.000000
1120 43570219379649454080.000000
1121 42693642478796234752.000000
1122 41832398099494330368.000000
1123 40986270813853990912.000000
1124 40155047074127847424.000000
1125 39338515221229518848.000000
1126 38536465492565581824.000000
1127 37748690029191290880.000000
1128 36974982882302484480.000000
1129 36215140019074007040.000000
1130 35468959327857352704.000000
1131 34736240622747512832.000000
1132 34016785647531909120.000000
1133 33310398079031771136.000000
1134 32616883529848160256.000000
1135 31936049550523375616.000000
1136 31267705631130017792.000000
1137 30611663202298269696.000000
1138 29967735635693457408.000000
1139 29335738243954601984.000000
1140 28715488280105979904.000000
1141 28106804936452481024.000000
1142 27509509342970077184.000000
1143 26923424565202800640.000000
1144 26348375601677172736.000000
1145 25784189380845375488.000000
1146 25230694757567975424.000000
1147 24687722509147344896.000000
1148 24155105330922704896.000000
1149 23632677831437529088.000000
1150 23120276527190179840.000000
1151 22617739836978499584.000000
1152 22124908075848851456.000000
1153 21641623448660303872.000000
1154 21167730043274358784.000000
1155 20703073823380725760.000000
1156 20247502620969107456.000000
1157 19800866128457711616.000000
1158 19363015890488037376.000000
1159 18933805295396573184.000000
1160 18513089566372601856.000000
1161 18100725752312612864.000000
1162 17696572718380711936.000000
1163 17300491136284461056.000000
1164 16912343474276255744.000000
1165 16531993986888814592.000000
1166 16159308704414967808.000000
1167 15794155422140116992.000000
1168 15436403689337047040.000000
1169 15085924798031679488.000000
1170 14742591771548747776.000000
1171 14406279352846135296.000000
1172 14076863992646467584.000000
1173 13754223837374318592.000000
1174 13438238716907675648.000000
1175 13128790132151658496.000000
1176 12825761242442704896.000000
1177 12529036852791296000.000000
1178 12238503400971048960.000000
1179 11954048944461840384.000000
1180 11675563147254898688.000000
1181 11402937266526904320.000000
1182 11136064139191013376.000000
1183 10874838168331681792.000000
1184 10619155309530548224.000000
1185 10368913057090488320.000000
1186 10124010430164545536.000000
1187 9884347958796654592.000000
1188 9649827669880707072.000000
1189 9420353073044527104.000000
1190 9195829146465024000.000000
1191 8976162322621043712.000000
1192 8761260473989632000.000000
1193 8551032898692232192.000000
1194 8345390306096228352.000000
1195 8144244802377953280.000000
1196 7947509876052532224.000000
1197 7755100383476361216.000000
1198 7566932534327240704.000000
1199 7382923877067893760.000000
1200 7202993284397554688.000000
1201 7027060938697046016.000000
1202 6855048317471998976.000000
1203 6686878178799113216.000000
1204 6522474546780187648.000000
1205 6361762697008288768.000000
1206 6204669142050740224.000000
1207 6051121616953037824.000000
1208 5901049064768080896.000000
1209 5754381622114669568.000000
1210 5611050604769382400.000000
1211 5470988493295567872.000000
1212 5334128918713375744.000000
1213 5200406648214320128.000000
1214 5069757570924071936.000000
1215 4942118683716763648.000000
1216 4817428077084278784.000000
1217 4695624921063670784.000000
1218 4576649451225897984.000000
1219 4460442954728777216.000000
1220 4346947756437277696.000000
1221 4236107205113765376.000000
1222 4127865659681071104.000000
1223 4022168475560962560.000000
1224 3918961991090510336.000000
1225 3818193514018875904.000000
1226 3719811308086770176.000000
1227 3623764579690920448.000000
1228 3530003464635624448.000000
1229 3438479014973560832.000000
1230 3349143185937755136.000000
1231 3261948822966657536.000000
1232 3176849648824123392.000000
1233 3093800250816052224.000000
1234 3012756068105291264.000000
1235 2933673379126440960.000000
1236 2856509289101988352.000000
1237 2781221717661224960.000000
1238 2707769386563272704.000000
1239 2636111807525479424.000000
1240 2566209270158379520.000000
1241 2498022830008329728.000000
1242 2431514296708878848.000000
1243 2366646222241839104.000000
1244 2303381889308974848.000000
1245 2241685299815159296.000000
1246 2181521163463762688.000000
1247 2122854886464993536.000000
1248 2065652560357877504.000000
1249 2009880950946399488.000000
1250 1955507487350424832.000000
1251 1902500251171797504.000000
1252 1850827965776104960.000000
1253 1800459985690416384.000000
1254 1751366286117336576.000000
1255 1703517452565625088.000000
1256 1656884670597590272.000000
1257 1611439715693398528.000000
1258 1567154943232428032.000000
1259 1524003278591714304.000000
1260 1481958207361504512.000000
1261 1440993765677882368.000000
1262 1401084530672410112.000000
1263 1362205611038636544.000000
1264 1324332637715355904.000000
1265 1287441754686368512.000000
1266 1251509609896556800.000000
1267 1216513346283967488.000000
1268 1182430592927606528.000000
1269 1149239456310577536.000000
1270 1116918511698223744.000000
1271 1085446794630818048.000000
1272 1054803792530386176.000000
1273 1024969436421157504.000000
1274 995924092763170304.000000
1275 967648555398473856.000000
1276 940124037609371904.000000
1277 913332164288114432.000000
1278 887254964217431680.000000
1279 861874862461264640.000000
1280 837174672865031552.000000
1281 813137590664737408.000000
1282 789747185204230144.000000
1283 766987392759872384.000000
1284 744842509471876480.000000
1285 723297184381533056.000000
1286 702336412573556480.000000
1287 681945528422743168.000000
1288 662110198944115200.000000
1289 642816417245728896.000000
1290 624050496083277440.000000
1291 605799061515652224.000000
1292 588049046660562560.000000
1293 570787685549337280.000000
1294 554002507080004160.000000
1295 537681329067730944.000000
1296 521812252391721024.000000
1297 506383655237612800.000000
1298 491384187434455744.000000
1299 476802764885311552.000000
1300 462628564090522304.000000
1301 448851016762687552.000000
1302 435459804532375040.000000
1303 422444853743592576.000000
1304 409796330338045888.000000
1305 397504634827197376.000000
1306 385560397351120832.000000
1307 373954472823192064.000000
1308 362677936159589824.000000
1309 351722077592633024.000000
1310 341078398066934464.000000
1311 330738604717399232.000000
1312 320694606428033984.000000
1313 310938509470592640.000000
1314 301462613222045440.000000
1315 292259405959866112.000000
1316 283321560734152128.000000
1317 274641931315563456.000000
1318 266213548218093120.000000
1319 258029614795670848.000000
1320 250083503411608224.000000
1321 242368751679895104.000000
1322 234879058777363584.000000
1323 227608281825729408.000000
1324 220550432342541728.000000
1325 213699672760056608.000000
1326 207050313011072960.000000
1327 200596807180750784.000000
1328 194333750223469344.000000
1329 188255874743750816.000000
1330 182358047840315296.000000
1331 176635268012307296.000000
1332 171082662126767040.000000
1333 165695482446407680.000000
1334 160469103716773280.000000
1335 155399020311859648.000000
1336 150480843437280576.000000
1337 145710298390080800.000000
1338 141083221874287600.000000
1339 136595559371320144.000000
1340 132243362564360048.000000
1341 128022786815819152.000000
1342 123930088697025936.000000
1343 119961623569275552.000000
1344 116113843215386000.000000
1345 112383293520920192.000000
1346 108766612204233168.000000
1347 105260526594518976.000000
1348 101861851457034928.000000
1349 98567486864692464.000000
1350 95374416115213696.000000
1351 92279703693055584.000000
1352 89280493275318976.000000
1353 86374005780864528.000000
1354 83557537461867408.000000
1355 80828458037051856.000000
1356 78184208865855696.000000
1357 75622301162781312.000000
1358 73140314251203824.000000
1359 70735893855910856.000000
1360 68406750433659712.000000
1361 66150657541046656.000000
1362 63965450238993152.000000
1363 61849023533159272.000000
1364 59799330849608640.000000
1365 57814382545052840.000000
1366 55892244451017672.000000
1367 54031036451278280.000000
1368 52228931091921824.000000
1369 50484152223403024.000000
1370 48794973673970288.000000
1371 47159717953845480.000000
1372 45576754989551032.000000
1373 44044500887787160.000000
1374 42561416728270056.000000
1375 41126007384950712.000000
1376 39736820375043896.000000
1377 38392444735303688.000000
1378 37091509924991520.000000
1379 35832684754992632.000000
1380 34614676342541980.000000
1381 33436229091033284.000000
1382 32296123694389576.000000
1383 31193176165484192.000000
1384 30126236888109496.000000
1385 29094189691997004.000000
1386 28095950950402832.000000
1387 27130468699779304.000000
1388 26196721781061916.000000
1389 25293719002108956.000000
1390 24420498320838220.000000
1391 23576126048614420.000000
1392 22759696073447416.000000
1393 21970329102569320.000000
1394 21207171923966632.000000
1395 20469396686450320.000000
1396 19756200197855132.000000
1397 19066803240965404.000000
1398 18400449906773440.000000
1399 17756406944682252.000000
1400 17133963129272910.000000
1401 16532428643262630.000000
1402 15951134476287460.000000
1403 15389431839149474.000000
1404 14846691593176322.000000
1405 14322303694346100.000000
1406 13815676651838918.000000
1407 13326237000681034.000000
1408 12853428788155670.000000
1409 12396713073659988.000000
1410 11955567441693992.000000
1411 11529485527673386.000000
1412 11117976556264918.000000
1413 10720564891948064.000000
1414 10336789601513164.000000
1415 9966204028211888.000000
1416 9608375377281876.000000
1417 9262884312572434.000000
1418 8929324564004562.000000
1419 8607302545603351.000000
1420 8296436983846515.000000
1421 7996358556078303.000000
1422 7706709538742875.000000
1423 7427143465196732.000000
1424 7157324792864496.000000
1425 6896928579507822.000000
1426 6645640168381669.000000
1427 6403154882057150.000000
1428 6169177724695047.000000
1429 5943423092558561.000000
1430 5725614492558529.000000
1431 5515484268629020.000000
1432 5312773335735154.000000
1433 5117230921320056.000000
1434 4928614314001513.000000
1435 4746688619333505.000000
1436 4571226522451654.000000
1437 4402008057425857.000000
1438 4238820383147384.000000
1439 4081457565581343.500000
1440 3929720366219746.000000
