0 3650.306299
1 3816.365987
2 3989.534375
3 4170.094455
4 4358.339515
5 4554.573464
6 4759.111175
7 4972.278834
8 5194.414300
9 5425.867475
10 5667.000679
11 5918.189038
12 6179.820886
13 6452.298167
14 6736.036858
15 7031.467396
16 7339.035117
17 7659.200707
18 7992.440662
19 8339.247762
20 8700.131551
21 9075.618836
22 9466.254191
23 9872.600478
24 10295.239372
25 10734.771909
26 11191.819035
27 11667.022180
28 12161.043830
29 12674.568121
30 13208.301448
31 13762.973075
32 14339.335772
33 14938.166457
34 15560.266848
35 16206.464142
36 16877.611691
37 17574.589702
38 18298.305948
39 19049.696493
40 19829.726428
41 20639.390623
42 21479.714498
43 22351.754795
44 23256.600376
45 24195.373031
46 25169.228297
47 26179.356299
48 27226.982591
49 28313.369027
50 29439.814636
51 30607.656512
52 31818.270721
53 33073.073220
54 34373.520786
55 35721.111970
56 37117.388048
57 38563.934000
58 40062.379493
59 41614.399882
60 43221.717221
61 44886.101290
62 46609.370631
63 48393.393596
64 50240.089410
65 52151.429246
66 54129.437308
67 56176.191927
68 58293.826667
69 60484.531444
70 62750.553654
71 65094.199306
72 67517.834173
73 70023.884947
74 72614.840398
75 75293.252550
76 78061.737862
77 80922.978407
78 83879.723072
79 86934.788750
80 90091.061548
81 93351.497993
82 96719.126243
83 100197.047304
84 103788.436246
85 107496.543421
86 111324.695687
87 115276.297626
88 119354.832762
89 123563.864783
90 127907.038755
91 132388.082332
92 137010.806971
93 141779.109126
94 146696.971454
95 151768.463997
96 156997.745369
97 162389.063924
98 167946.758919
99 173675.261665
100 179579.096659
101 185662.882713
102 191931.334056
103 198389.261429
104 205041.573153
105 211893.276189
106 218949.477163
107 226215.383384
108 233696.303829
109 241397.650102
110 249324.937377
111 257483.785301
112 265879.918875
113 274519.169301
114 283407.474798
115 292550.881385
116 301955.543622
117 311627.725321
118 321573.800215
119 331800.252581
120 342313.677833
121 353120.783055
122 364228.387499
123 375643.423032
124 387372.934532
125 399424.080230
126 411804.132008
127 424520.475627
128 437580.610913
129 450992.151873
130 464762.826755
131 478900.478041
132 493413.062383
133 508308.650461
134 523595.426784
135 539281.689409
136 555375.849595
137 571886.431383
138 588822.071092
139 606191.516744
140 624003.627404
141 642267.372440
142 660991.830698
143 680186.189592
144 699859.744102
145 720021.895685
146 740682.151095
147 761850.121109
148 783535.519152
149 805748.159833
150 828497.957377
151 851794.923954
152 875649.167913
153 900070.891901
154 925070.390888
155 950658.050072
156 976844.342686
157 1003639.827686
158 1031055.147332
159 1059101.024650
160 1087788.260786
161 1117127.732237
162 1147130.387966
163 1177807.246403
164 1209169.392317
165 1241227.973576
166 1273994.197775
167 1307479.328752
168 1341694.682969
169 1376651.625774
170 1412361.567538
171 1448835.959664
172 1486086.290463
173 1524124.080917
174 1562960.880299
175 1602608.261673
176 1643077.817266
177 1684381.153707
178 1726529.887139
179 1769535.638206
180 1813410.026906
181 1858164.667321
182 1903811.162217
183 1950361.097514
184 1997826.036638
185 2046217.514736
186 2095547.032773
187 2145826.051507
188 2197065.985333
189 2249278.196013
190 2302473.986281
191 2356664.593331
192 2411861.182186
193 2468074.838957
194 2525316.563976
195 2583597.264832
196 2642927.749288
197 2703318.718091
198 2764780.757682
199 2827324.332798
200 2890959.778978
201 2955697.294970
202 3021546.935043
203 3088518.601214
204 3156622.035377
205 3225866.811359
206 3296262.326883
207 3367817.795469
208 3440542.238245
209 3514444.475702
210 3589533.119374
211 3665816.563465
212 3743302.976414
213 3822000.292408
214 3901916.202849
215 3983058.147777
216 4065433.307259
217 4149048.592735
218 4233910.638350
219 4320025.792253
220 4407400.107880
221 4496039.335233
222 4585948.912145
223 4677133.955551
224 4769599.252756
225 4863349.252728
226 4958388.057398
227 5054719.412989
228 5152346.701377
229 5251272.931483
230 5351500.730717
231 5453032.336465
232 5555869.587638
233 5660013.916281
234 5765466.339256
235 5872227.450001
236 5980297.410372
237 6089675.942582
238 6200362.321231
239 6312355.365452
240 6425653.431158
241 6540254.403426
242 6656155.688991
243 6773354.208889
244 6891846.391237
245 7011628.164164
246 7132694.948898
247 7255041.653024
248 7378662.663906
249 7503551.842295
250 7629702.516122
251 7757107.474489
252 7885758.961854
253 8015648.672434
254 8146767.744822
255 8279106.756824
256 8412655.720534
257 8547404.077638
258 8683340.694975
259 8820453.860339
260 8958731.278548
261 9098160.067771
262 9238726.756139
263 9380417.278620
264 9523216.974194
265 9667110.583311
266 9812082.245650
267 9958115.498180
268 10105193.273533
269 10253297.898695
270 10402411.094012
271 10552513.972527
272 10703587.039649
273 10855610.193158
274 11008562.723551
275 11162423.314737
276 11317170.045081
277 11472780.388801
278 11629231.217731
279 11786498.803442
280 11944558.819729
281 12103386.345469
282 12262955.867854
283 12423241.285999
284 12584215.914924
285 12745852.489926
286 12908123.171319
287 13070999.549578
288 13234452.650850
289 13398452.942863
290 13562970.341221
291 13727974.216089
292 13893433.399259
293 14059316.191616
294 14225590.370986
295 14392223.200373
296 14559181.436584
297 14726431.339240
298 14893938.680169
299 15061668.753186
300 15229586.384247
301 15397655.941990
302 15565841.348636
303 15734106.091281
304 15902413.233537
305 16070725.427554
306 16239004.926389
307 16407213.596738
308 16575312.932019
309 16743264.065797
310 16911027.785551
311 17078564.546778
312 17245834.487423
313 17412797.442628
314 17579412.959804
315 17745640.314005
316 17911438.523602
317 18076766.366257
318 18241582.395177
319 18405844.955641
320 18569512.201807
321 18732542.113767
322 18894892.514859
323 19056521.089215
324 19217385.399547
325 19377442.905145
326 19536650.980095
327 19694966.931693
328 19852348.019048
329 20008751.471864
330 20164134.509395
331 20318454.359548
332 20471668.278136
333 20623733.568262
334 20774607.599828
335 20924247.829139
336 21072611.818625
337 21219657.256623
338 21365341.977251
339 21509623.980323
340 21652461.451321
341 21793812.781389
342 21933636.587360
343 22071891.731767
344 22208537.342869
345 22343532.834640
346 22476837.926725
347 22608412.664355
348 22738217.438190
349 22866213.004093
350 22992360.502806
351 23116621.479534
352 23238957.903400
353 23359332.186776
354 23477707.204465
355 23594046.312730
356 23708313.368143
357 23820472.746256
358 23930489.360067
359 24038328.678280
360 24143956.743331
361 24247340.189182
362 24348446.258860
363 24447242.821733
364 24543698.390504
365 24637782.137922
366 24729463.913185
367 24818714.258029
368 24905504.422493
369 24989806.380341
370 25071592.844140
371 25150837.279972
372 25227513.921771
373 25301597.785286
374 25373064.681641
375 25441891.230492
376 25508054.872778
377 25571533.883032
378 25632307.381280
379 25690355.344474
380 25745658.617493
381 25798198.923674
382 25847958.874877
383 25894921.981078
384 25939072.659470
385 25980396.243087
386 26018878.988920
387 26054508.085533
388 26087271.660174
389 26117158.785370
390 26144159.484994
391 26168264.739823
392 26189466.492555
393 26207757.652296
394 26223132.098515
395 26235584.684457
396 26245111.240015
397 26251708.574053
398 26255374.476195
399 26256107.718052
400 26253908.053912
401 26248776.220876
402 26240713.938448
403 26229723.907573
404 26215809.809127
405 26198976.301868
406 26179229.019831
407 26156574.569190
408 26131020.524569
409 26102575.424825
410 26071248.768296
411 26037051.007506
412 25999993.543361
413 25960088.718811
414 25917349.811998
415 25871791.028895
416 25823427.495433
417 25772275.249136
418 25718351.230256
419 25661673.272421
420 25602260.092813
421 25540131.281860
422 25475307.292476
423 25407809.428841
424 25337659.834731
425 25264881.481417
426 25189498.155126
427 25111534.444093
428 25031015.725197
429 24947968.150198
430 24862418.631589
431 24774394.828065
432 24683925.129632
433 24591038.642352
434 24495765.172748
435 24398135.211879
436 24298179.919088
437 24195931.105446
438 24091421.216899
439 23984683.317128
440 23875751.070142
441 23764658.722611
442 23651441.085952
443 23536133.518185
444 23418771.905571
445 23299392.644036
446 23178032.620416
447 23054729.193511
448 22929520.174981
449 22802443.810087
450 22673538.758296
451 22542844.073759
452 22410399.185680
453 22276243.878591
454 22140418.272538
455 22002962.803205
456 21863918.201972
457 21723325.475943
458 21581225.887939
459 21437660.936475
460 21292672.335737
461 21146301.995577
462 20998592.001522
463 20849584.594832
464 20699322.152602
465 20547847.167933
466 20395202.230180
467 20241430.005286
468 20086573.216224
469 19930674.623548
470 19773777.006076
471 19615923.141709
472 19457155.788397
473 19297517.665275
474 19137051.433967
475 18975799.680074
476 18813804.894858
477 18651109.457135
478 18487755.615377
479 18323785.470050
480 18159240.956176
481 17994163.826154
482 17828595.632823
483 17662577.712798
484 17496151.170078
485 17329356.859927
486 17162235.373055
487 16994827.020088
488 16827171.816345
489 16659309.466931
490 16491279.352140
491 16323120.513193
492 16154871.638297
493 15986571.049054
494 15818256.687198
495 15649966.101697
496 15481736.436193
497 15313604.416812
498 15145606.340329
499 14977778.062700
500 14810154.987970
501 14642772.057547
502 14475663.739854
503 14308864.020366
504 14142406.392019
505 13976323.846010
506 13810648.862978
507 13645413.404572
508 13480648.905411
509 13316386.265424
510 13152655.842588
511 12989487.446047
512 12826910.329626
513 12664953.185728
514 12503644.139624
515 12343010.744127
516 12183079.974648
517 12023878.224640
518 11865431.301427
519 11707764.422398
520 11550902.211600
521 11394868.696684
522 11239687.306235
523 11085380.867470
524 10931971.604293
525 10779481.135722
526 10627930.474662
527 10477340.027039
528 10327729.591280
529 10179118.358139
530 10031524.910859
531 9884967.225670
532 9739462.672621
533 9595028.016725
534 9451679.419436
535 9309432.440429
536 9168302.039690
537 9028302.579907
538 8889447.829161
539 8751750.963895
540 8615224.572171
541 8479880.657210
542 8345730.641188
543 8212785.369301
544 8081055.114087
545 7950549.579996
546 7821277.908198
547 7693248.681628
548 7566469.930262
549 7440949.136607
550 7316693.241407
551 7193708.649558
552 7072001.236215
553 6951576.353091
554 6832438.834949
555 6714593.006255
556 6598042.688013
557 6482791.204753
558 6368841.391678
559 6256195.601954
560 6144855.714140
561 6034823.139751
562 5926098.830947
563 5818683.288331
564 5712576.568867
565 5607778.293894
566 5504287.657237
567 5402103.433407
568 5301223.985882
569 5201647.275460
570 5103370.868684
571 5006391.946320
572 4910707.311898
573 4816313.400290
574 4723206.286336
575 4631381.693502
576 4540835.002562
577 4451561.260307
578 4363555.188261
579 4276811.191416
580 4191323.366961
581 4107085.513012
582 4024091.137336
583 3942333.466053
584 3861805.452328
585 3782499.785027
586 3704408.897356
587 3627524.975449
588 3551839.966931
589 3477345.589422
590 3404033.339003
591 3331894.498618
592 3260920.146420
593 3191101.164061
594 3122428.244900
595 3054891.902153
596 2988482.476960
597 2923190.146379
598 2859004.931288
599 2795916.704212
600 2733915.197052
601 2672990.008728
602 2613130.612720
603 2554326.364516
604 2496566.508955
605 2439840.187470
606 2384136.445222
607 2329444.238124
608 2275752.439761
609 2223049.848186
610 2171325.192615
611 2120567.139993
612 2070764.301451
613 2021905.238634
614 1973978.469920
615 1926972.476507
616 1880875.708378
617 1835676.590147
618 1791363.526770
619 1747924.909142
620 1705349.119555
621 1663624.537037
622 1622739.542559
623 1582682.524117
624 1543441.881679
625 1505006.032014
626 1467363.413383
627 1430502.490102
628 1394411.756988
629 1359079.743658
630 1324495.018722
631 1290646.193828
632 1257521.927594
633 1225110.929413
634 1193401.963123
635 1162383.850565
636 1132045.475007
637 1102375.784451
638 1073363.794818
639 1044998.593010
640 1017269.339852
641 990165.272920
642 963675.709247
643 937790.047915
644 912497.772534
645 887788.453607
646 863651.750783
647 840077.414997
648 817055.290512
649 794575.316840
650 772627.530568
651 751202.067077
652 730289.162161
653 709879.153541
654 689962.482286
655 670529.694139
656 651571.440736
657 633078.480752
658 615041.680938
659 597452.017078
660 580300.574857
661 563578.550644
662 547277.252192
663 531388.099253
664 515902.624121
665 500812.472088
666 486109.401833
667 471785.285731
668 457832.110095
669 444241.975346
670 431007.096113
671 418119.801273
672 405572.533921
673 393357.851281
674 381468.424557
675 369897.038728
676 358636.592277
677 347680.096879
678 337020.677027
679 326651.569612
680 316566.123449
681 306757.798765
682 297220.166628
683 287946.908348
684 278931.814825
685 270168.785860
686 261651.829430
687 253375.060925
688 245332.702345
689 237519.081477
690 229928.631020
691 222555.887701
692 215395.491348
693 208442.183941
694 201690.808636
695 195136.308768
696 188773.726827
697 182598.203413
698 176604.976178
699 170789.378739
700 165146.839580
701 159672.880939
702 154363.117674
703 149213.256125
704 144219.092953
705 139376.513977
706 134681.492997
707 130130.090605
708 125718.452997
709 121442.810767
710 117299.477707
711 113284.849592
712 109395.402967
713 105627.693933
714 101978.356922
715 98444.103481
716 95021.721051
717 91708.071748
718 88500.091141
719 85394.787039
720 82389.238277
721 79480.593505
722 76666.069984
723 73942.952382
724 71308.591582
725 68760.403492
726 66295.867861
727 63912.527103
728 61607.985131
729 59379.906199
730 57226.013746
731 55144.089258
732 53131.971135
733 51187.553568
734 49308.785428
735 47493.669164
736 45740.259710
737 44046.663411
738 42411.036952
739 40831.586303
740 39306.565677
741 37834.276495
742 36413.066372
743 35041.328109
744 33717.498700
745 32440.058353
746 31207.529524
747 30018.475961
748 28871.501770
749 27765.250484
750 26698.404154
751 25669.682450
752 24677.841775
753 23721.674398
754 22800.007594
755 21911.702802
756 21055.654798
757 20230.790879
758 19436.070064
759 18670.482304
760 17933.047713
761 17222.815807
762 16538.864759
763 15880.300669
764 15246.256844
765 14635.893098
766 14048.395056
767 13482.973484
768 12938.863619
769 12415.324525
770 11911.638448
771 11427.110201
772 10961.066546
773 10512.855599
774 10081.846245
775 9667.427561
776 9269.008261
777 8886.016143
778 8517.897555
779 8164.116871
780 7824.155977
