0 35838.253261
1 37373.809973
2 38971.407939
3 40633.384994
4 42362.159798
5 44160.234331
6 46030.196455
7 47974.722540
8 49996.580163
9 52098.630868
10 54283.833004
11 56555.244629
12 58916.026495
13 61369.445096
14 63918.875803
15 66567.806068
16 69319.838710
17 72178.695280
18 75148.219507
19 78232.380826
20 81435.277989
21 84761.142762
22 88214.343707
23 91799.390053
24 95520.935657
25 99383.783046
26 103392.887567
27 107553.361612
28 111870.478947
29 116349.679137
30 120996.572061
31 125816.942527
32 130816.754988
33 136002.158357
34 141379.490920
35 146955.285354
36 152736.273848
37 158729.393329
38 164941.790787
39 171380.828719
40 178054.090666
41 184969.386868
42 192134.760024
43 199558.491163
44 207249.105626
45 215215.379161
46 223466.344124
47 232011.295802
48 240859.798840
49 250021.693793
50 259507.103784
51 269326.441277
52 279490.414974
53 290010.036816
54 300896.629113
55 312161.831776
56 323817.609679
57 335876.260128
58 348350.420450
59 361253.075698
60 374597.566472
61 388397.596857
62 402667.242470
63 417420.958634
64 432673.588654
65 448440.372212
66 464736.953879
67 481579.391729
68 498984.166073
69 516968.188301
70 535548.809827
71 554743.831149
72 574571.511011
73 595050.575668
74 616200.228258
75 638040.158271
76 660590.551119
77 683872.097800
78 707906.004660
79 732714.003243
80 758318.360235
81 784741.887491
82 812007.952148
83 840140.486820
84 869163.999863
85 899103.585727
86 929984.935370
87 961834.346742
88 994678.735329
89 1028545.644764
90 1063463.257485
91 1099460.405449
92 1136566.580891
93 1174811.947121
94 1214227.349365
95 1254844.325629
96 1296695.117597
97 1339812.681540
98 1384230.699254
99 1429983.588987
100 1477106.516393
101 1525635.405459
102 1575606.949437
103 1627058.621758
104 1680028.686911
105 1734556.211308
106 1790681.074093
107 1848443.977921
108 1907886.459673
109 1969050.901110
110 2031980.539464
111 2096719.477941
112 2163312.696147
113 2231806.060404
114 2302246.333980
115 2374681.187185
116 2449159.207355
117 2525729.908699
118 2604443.742003
119 2685352.104174
120 2768507.347633
121 2853962.789514
122 2941772.720697
123 3031992.414627
124 3124678.135938
125 3219887.148845
126 3317677.725319
127 3418109.153004
128 3521241.742889
129 3627136.836708
130 3735856.814062
131 3847465.099246
132 3962026.167773
133 4079605.552580
134 4200269.849897
135 4324086.724779
136 4451124.916277
137 4581454.242230
138 4715145.603686
139 4852270.988905
140 4992903.476968
141 5137117.240939
142 5284987.550600
143 5436590.774721
144 5592004.382863
145 5751306.946690
146 5914578.140788
147 6081898.742963
148 6253350.634011
149 6429016.796943
150 6608981.315650
151 6793329.372993
152 6982147.248304
153 7175522.314279
154 7373543.033254
155 7576298.952847
156 7783880.700944
157 7996379.980025
158 8213889.560810
159 8436503.275207
160 8664316.008549
161 8897423.691115
162 9135923.288900
163 9379912.793637
164 9629491.212055
165 9884758.554343
166 10145815.821829
167 10412764.993841
168 10685709.013747
169 10964751.774150
170 11249998.101245
171 11541553.738298
172 11839525.328251
173 12144020.395444
174 12455147.326420
175 12773015.349832
176 13097734.515411
177 13429415.671999
178 13768170.444636
179 14114111.210687
180 14467351.074994
181 14828003.844051
182 15196183.999195
183 15572006.668786
184 15955587.599392
185 16347043.125950
186 16746490.140910
187 17154046.062344
188 17569828.801021
189 17993956.726438
190 18426548.631804
191 18867723.697965
192 19317601.456281
193 19776301.750434
194 20243944.697172
195 20720650.645988
196 21206540.137732
197 21701733.862149
198 22206352.614347
199 22720517.250199
200 23244348.640675
201 23777967.625103
202 24321494.963370
203 24875051.287060
204 25438757.049535
205 26012732.474970
206 26597097.506329
207 27191971.752315
208 27797474.433285
209 28413724.326132
210 29040839.708169
211 29678938.299997
212 30328137.207384
213 30988552.862166
214 31660300.962174
215 32343496.410216
216 33038253.252112
217 33744684.613812
218 34462902.637600
219 35193018.417422
220 35935141.933328
221 36689381.985081
222 37455846.124922
223 38234640.589537
224 39025870.231237
225 39829638.448376
226 40646047.115030
227 41475196.509973
228 42317185.244965
229 43172110.192382
230 44040066.412224
231 44921147.078522
232 45815443.405185
233 46723044.571304
234 47644037.645960
235 48578507.512566
236 49526536.792776
237 50488205.769989
238 51463592.312505
239 52452771.796354
240 53455817.027838
241 54472798.165837
242 55503782.643905
243 56548835.092208
244 57608017.259343
245 58681387.934081
246 59769002.867078
247 60870914.692602
248 61987172.850314
249 63117823.507162
250 64262909.479425
251 65422470.154958
252 66596541.415691
253 67785155.560428
254 68988341.227993
255 70206123.320787
256 71438522.928789
257 72685557.254068
258 73947239.535858
259 75223578.976238
260 76514580.666484
261 77820245.514141
262 79140570.170868
263 80475546.961124
264 81825163.811725
265 83189404.182364
266 84568246.997112
267 85961666.576988
268 87369632.573637
269 88792109.904181
270 90229058.687293
271 91680434.180562
272 93146186.719193
273 94626261.656115
274 96120599.303539
275 97629134.876034
276 99151798.435173
277 100688514.835811
278 102239203.674042
279 103803779.236904
280 105382150.453880
281 106974220.850255
282 108579888.502378
283 110199045.994893
284 111831580.379992
285 113477373.138733
286 115136300.144492
287 116808231.628595
288 118493032.148173
289 120190560.556313
290 121900669.974531
291 123623207.767638
292 125358015.521025
293 127104929.020446
294 128863778.234310
295 130634387.298554
296 132416574.504137
297 134210152.287183
298 136014927.221836
299 137830700.015859
300 139657265.509006
301 141494412.674232
302 143341924.621749
303 145199578.605981
304 147067146.035446
305 148944392.485606
306 150831077.714695
307 152726955.682583
308 154631774.572677
309 156545276.816904
310 158467199.123792
311 160397272.509664
312 162335222.332987
313 164280768.331868
314 166233624.664736
315 168193499.954213
316 170160097.334184
317 172133114.500092
318 174112243.762448
319 176097172.103575
320 178087581.237590
321 180083147.673613
322 182083542.782228
323 184088432.865164
324 186097479.228220
325 188110338.257407
326 190126661.498306
327 192146095.738639
328 194168283.094018
329 196192861.096883
330 198219462.788591
331 200247716.814647
332 202277247.523042
333 204307675.065694
334 206338615.502943
335 208369680.911081
336 210400479.492885
337 212430615.691118
338 214459690.304959
339 216487300.609322
340 218513040.477032
341 220536500.503800
342 222557268.135963
343 224574927.800935
344 226589061.040319
345 228599246.645628
346 230605060.796561
347 232606077.201770
348 234601867.242072
349 236592000.116031
350 238576042.987848
351 240553561.137505
352 242524118.113078
353 244487275.885159
354 246442595.003319
355 248389634.754523
356 250327953.323432
357 252257107.954521
358 254176655.115908
359 256086150.664846
360 257985150.014762
361 259873208.303784
362 261749880.564658
363 263614721.895957
364 265467287.634519
365 267307133.528995
366 269133815.914427
367 270946891.887771
368 272745919.484243
369 274530457.854426
370 276300067.442010
371 278054310.162085
372 279792749.579881
373 281514951.089851
374 283220482.095002
375 284908912.186371
376 286579813.322532
377 288232760.009048
378 289867329.477752
379 291483101.865747
380 293079660.394040
381 294656591.545679
382 296213485.243310
383 297749935.026032
384 299265538.225449
385 300759896.140816
386 302232614.213170
387 303683302.198338
388 305111574.338719
389 306517049.533736
390 307899351.508847
391 309258108.983019
392 310592955.834548
393 311903531.265140
394 313189479.962133
395 314450452.258767
396 315686104.292396
397 316896098.160553
398 318080102.074750
399 319237790.511937
400 320368844.363502
401 321472951.081737
402 322549804.823658
403 323599106.592098
404 324620564.373978
405 325613893.275669
406 326578815.655349
407 327515061.252283
408 328422367.312927
409 329300478.713787
410 330149148.080938
411 330968135.906139
412 331757210.659464
413 332516148.898361
414 333244735.373092
415 333942763.128459
416 334610033.601770
417 335246356.716966
418 335851550.974848
419 336425443.539357
420 336967870.319826
421 337478676.049178
422 337957714.357990
423 338404847.844393
424 338819948.139756
425 339202895.970101
426 339553581.213224
427 339871902.951472
428 340157769.520139
429 340411098.551465
430 340631817.014182
431 340819861.248607
432 340975176.997241
433 341097719.430861
434 341187453.170085
435 341244352.302391
436 341268400.394596
437 341259590.500758
438 341217925.165524
439 341143416.422905
440 341036085.790482
441 340895964.259049
442 340723092.277701
443 340517519.734373
444 340279305.931847
445 340008519.559239
446 339705238.658990
447 339369550.589382
448 339001551.982595
449 338601348.698355
450 338169055.773179
451 337704797.365264
452 337208706.695061
453 336680925.981565
454 336121606.374361
455 335530907.881492
456 334908999.293164
457 334256058.101375
458 333572270.415489
459 332857830.873839
460 332112942.551395
461 331337816.863575
462 330532673.466251
463 329697740.152026
464 328833252.742845
465 327939454.979005
466 327016598.404654
467 326064942.249840
468 325084753.309187
469 324076305.817288
470 323039881.320888
471 321975768.547944
472 320884263.273643
473 319765668.183473
474 318620292.733425
475 317448453.007426
476 316250471.572090
477 315026677.328881
478 313777405.363782
479 312502996.794568
480 311203798.615780
481 309880163.541498
482 308532449.846010
483 307161021.202483
484 305766246.519734
485 304348499.777201
486 302908159.858225
487 301445610.381737
488 299961239.532463
489 298455439.889744
490 296928608.255085
491 295381145.478531
492 293813456.283979
493 292225949.093532
494 290619035.851003
495 288993131.844674
496 287348655.529408
497 285686028.348239
498 284005674.553525
499 282308021.027785
500 280593497.104313
501 278862534.387685
502 277115566.574255
503 275353029.272743
504 273575359.825024
505 271782997.127219
506 269976381.451181
507 268155954.266484
508 266322158.063012
509 264475436.174251
510 262616232.601367
511 260744991.838180
512 258862158.697129
513 256968178.136304
514 255063495.087659
515 253148554.286484
516 251223800.102220
517 249289676.370723
518 247346626.228041
519 245395091.945806
520 243435514.768310
521 241468334.751353
522 239493990.602944
523 237512919.525918
524 235525557.062567
525 233532336.941332
526 231533690.925649
527 229530048.665006
528 227521837.548277
529 225509482.559410
530 223493406.135514
531 221474028.027424
532 219451765.162782
533 217427031.511717
534 215400237.955144
535 213371792.155770
536 211342098.431822
537 209311557.633575
538 207280567.022697
539 205249520.154479
540 203218806.762964
541 201188812.649041
542 199159919.571515
543 197132505.141197
544 195106942.718050
545 193083601.311404
546 191062845.483282
547 189045035.254849
548 187030526.016017
549 185019668.438209
550 183012808.390312
551 181010286.857833
552 179012439.865258
553 177019598.401638
554 175032088.349401
555 173050230.416399
556 171074340.071189
557 169104727.481557
558 167141697.456268
559 165185549.390062
560 163236577.211867
561 161295069.336233
562 159361308.617982
563 157435572.310047
564 155518132.024497
565 153609253.696740
566 151709197.552858
567 149818218.080090
568 147936564.000416
569 146064478.247227
570 144202197.945057
571 142349954.392353
572 140507973.047243
573 138676473.516283
574 136855669.546153
575 135045769.018254
576 133246973.946188
577 131459480.476072
578 129683478.889658
579 127919153.610210
580 126166683.211111
581 124426240.427143
582 122697992.168406
583 120982099.536832
584 119278717.845246
585 117587996.638930
586 115910079.719638
587 114245105.172021
588 112593205.392403
589 110954507.119874
590 109329131.469624
591 107717193.968494
592 106118804.592675
593 104534067.807495
594 102963082.609270
595 101405942.569126
596 99862735.878768
597 98333545.398127
598 96818448.704827
599 95317518.145426
600 93830820.888365
601 92358418.978572
602 90900369.393666
603 89456724.101703
604 88027530.120399
605 86612829.577790
606 85212659.774250
607 83827053.245825
608 82456037.828828
609 81099636.725616
610 79757868.571520
611 78430747.502852
612 77118283.225938
613 75820481.087121
614 74537342.143676
615 73268863.235587
616 72015037.058118
617 70775852.235139
618 69551293.393135
619 68341341.235861
620 67145972.619578
621 65965160.628816
622 64798874.652619
623 63647080.461219
624 62509740.283075
625 61386812.882250
626 60278253.636046
627 59184014.612878
628 58104044.650314
629 57038289.433251
630 55986691.572162
631 54949190.681390
632 53925723.457422
633 52916223.757110
634 51920622.675797
635 50938848.625297
636 49970827.411690
637 49016482.312899
638 48075734.155993
639 47148501.394192
640 46234700.183531
641 45334244.459136
642 44447046.011091
643 43573014.559854
644 42712057.831181
645 41864081.630538
646 41028989.916959
647 40206684.876317
648 39397066.993990
649 38600035.126877
650 37815486.574748
651 37043317.150895
652 36283421.252056
653 35535691.927594
654 34800020.947899
655 34076298.871992
656 33364415.114314
657 32664258.010672
658 31975714.883323
659 31298672.105177
660 30633015.163111
661 29978628.720353
662 29335396.677948
663 28703202.235269
664 28081927.949568
665 27471455.794553
666 26871667.217982
667 26282443.198245
668 25703664.299958
669 25135210.728513
670 24576962.383622
671 24028798.911812
672 23490599.757881
673 22962244.215305
674 22443611.475589
675 21934580.676563
676 21435030.949610
677 20944841.465828
678 20463891.481132
679 19992060.380274
680 19529227.719805
681 19075273.269957
682 18630077.055465
683 18193519.395310
684 17765480.941408
685 17345842.716226
686 16934486.149346
687 16531293.112968
688 16136145.956366
689 15748927.539294
690 15369521.264361
691 14997811.108358
692 14633681.652576
693 14277018.112091
694 13927706.364042
695 13585632.974913
696 13250685.226810
697 12922751.142762
698 12601719.511043
699 12287479.908530
700 11979922.723111
701 11678939.175143
702 11384421.337982
703 11096262.157595
704 10814355.471257
705 10538596.025360
706 10268879.492332
707 10005102.486687
708 9747162.580220
709 9494958.316356
710 9248389.223664
711 9007355.828562
712 8771759.667210
713 8541503.296621
714 8316490.304993
715 8096625.321280
716 7881814.024019
717 7671963.149428
718 7466980.498777
719 7266774.945072
720 7071256.439039
721 6880336.014440
722 6693925.792738
723 6511938.987111
724 6334289.905841
725 6160893.955098
726 5991667.641117
727 5826528.571799
728 5665395.457747
729 5508188.112741
730 5354827.453687
731 5205235.500038
732 5059335.372707
733 4917051.292491
734 4778308.578015
735 4643033.643211
736 4511153.994352
737 4382598.226652
738 4257296.020438
739 4135178.136924
740 4016176.413593
741 3900223.759191
742 3787254.148371
743 3677202.615973
744 3570005.250970
745 3465599.190099
746 3363922.611163
747 3264914.726050
748 3168515.773458
749 3074667.011351
750 2983310.709149
751 2894390.139675
752 2807849.570860
753 2723634.257227
754 2641690.431161
755 2561965.293971
756 2484407.006770
757 2408964.681169
758 2335588.369801
759 2264229.056693
760 2194838.647479
761 2127369.959485
762 2061776.711677
763 1998013.514495
764 1936035.859579
765 1875800.109386
766 1817263.486726
767 1760384.064212
768 1705120.753630
769 1651433.295254
770 1599282.247095
771 1548628.974107
772 1499435.637341
773 1451665.183081
774 1405281.331936
775 1360248.567921
776 1316532.127525
777 1274097.988769
778 1232912.860268
779 1192944.170293
780 1154160.055850
781 1116529.351777
782 1080021.579863
783 1044606.937994
784 1010256.289338
785 976941.151566
786 944633.686117
787 913306.687512
788 882933.572722
789 853488.370594
790 824945.711337
791 797280.816071
792 770469.486455
793 744488.094375
794 719313.571714
795 694923.400208
796 671295.601372
797 648408.726519
798 626241.846871
799 604774.543746
800 583986.898860
801 563859.484703
802 544373.355027
803 525510.035431
804 507251.514042
805 489580.232308
806 472479.075889
807 455931.365661
808 439920.848819
809 424431.690104
810 409448.463123
811 394956.141794
812 380940.091898
813 367386.062745
814 354280.178952
815 341608.932342
816 329359.173949
817 317518.106147
818 306073.274889
819 295012.562068
820 284324.177985
821 273996.653946
822 264018.834961
823 254379.872576
824 245069.217805
825 236076.614185
826 227392.090954
827 219005.956327
828 210908.790904
829 203091.441183
830 195545.013188
831 188260.866212
832 181230.606672
833 174446.082077
834 167899.375100
835 161582.797776
836 155488.885790
837 149610.392890
838 143940.285396
839 138471.736826
840 133198.122618
