0 98166289.909392
1 102481939.069043
2 106979268.961124
3 111665561.146460
4 116548372.875114
5 121635546.839876
6 126935221.246935
7 132455840.212973
8 138206164.498126
9 144195282.584504
10 150432622.110185
11 156927961.668849
12 163691442.985454
13 170733583.478612
14 178065289.220559
15 185697868.305900
16 193643044.640539
17 201912972.162480
18 210520249.506468
19 219477935.124694
20 228799562.876075
21 238499158.096893
22 248591254.165882
23 259090909.577114
24 270013725.534362
25 281375864.080882
26 293194066.778886
27 305485673.953269
28 318268644.514470
29 331561576.375661
30 345383727.479766
31 359755037.452148
32 374696149.895128
33 390228435.340801
34 406374014.879003
35 423155784.477547
36 440597440.012249
37 458723503.024583
38 477559347.225142
39 497131225.761427
40 517466299.268892
41 538592664.724448
42 560539385.122047
43 583336519.990306
44 607015156.772497
45 631607443.089589
46 657146619.907415
47 683667055.629384
48 711204281.136535
49 739795025.797120
50 769477254.468274
51 800290205.512662
52 832274429.853463
53 865471831.091320
54 899925706.707355
55 935680790.376672
56 972783295.417189
57 1011280959.398959
58 1051223089.939614
59 1092660611.711846
60 1135646114.689289
61 1180233903.657492
62 1226480049.017096
63 1274442438.906642
64 1324180832.672884
65 1375756915.716764
66 1429234355.743646
67 1484678860.446714
68 1542158236.652843
69 1601742450.960549
70 1663503691.900068
71 1727516433.645811
72 1793857501.311985
73 1862606137.862289
74 1933844072.665071
75 2007655591.725637
76 2084127609.627608
77 2163349743.215699
78 2245414387.052442
79 2330416790.681751
80 2418455137.732472
81 2509630626.895387
82 2604047554.807281
83 2701813400.876103
84 2803038914.081349
85 2907838201.784060
86 3016328820.581149
87 3128631869.238734
88 3244872083.739686
89 3365177934.480333
90 3489681725.651981
91 3618519696.842395
92 3751832126.893156
93 3889763440.048472
94 4032462314.431241
95 4180081792.882364
96 4332779396.199174
97 4490717238.809001
98 4654062146.913812
99 4822985779.142015
100 4997664749.743268
101 5178280754.362307
102 5365020698.427445
103 5558076828.189694
104 5757646864.447953
105 5963934138.995651
106 6177147733.824322
107 6397502623.118838
108 6625219818.079478
109 6860526514.605064
110 7103656243.871505
111 7354849025.839748
112 7614351525.726609
113 7882417213.471491
114 8159306526.231993
115 8445287033.940460
116 8740633607.953180
117 9045628592.823658
118 9360561981.230303
119 9685731592.088814
120 10021443251.878366
121 10368010979.210514
122 10725757172.668400
123 11095012801.943771
124 11476117602.297777
125 11869420272.371149
126 12275278675.368349
127 12694060043.638935
128 13126141186.679159
129 13571908702.574707
130 14031759192.905499
131 14506099481.131359
132 14995346834.476851
133 15499929189.331722
134 16020285380.182697
135 16556865372.090418
136 17110130496.724249
137 17680553691.966370
138 18268619745.094009
139 18874825539.548977
140 19499680305.299652
141 20143705872.801140
142 20807436930.555599
143 21491421286.274719
144 22196220131.642357
145 22922408310.675915
146 23670574591.680286
147 24441321942.788593
148 25235267811.080009
149 26053044405.263603
150 26895298981.915001
151 27762694135.249252
152 28655908090.412811
153 29575635000.272381
154 30522585245.679104
155 31497485739.180454
156 32501080232.152580
157 33534129625.321484
158 34597412282.638161
159 35691724348.472023
160 36817880068.081276
161 37976712111.318634
162 39169071899.524834
163 40395829935.562508
164 41657876136.935883
165 42956120171.942642
166 44291491798.797043
167 45664941207.663139
168 47077439365.531044
169 48529978363.867241
170 50023571768.965279
171 51559254974.919769
172 53138085559.143738
173 54761143640.343285
174 56429532238.862617
175 58144377639.305229
176 59906829755.336502
177 61718062496.565384
178 63579274137.401108
179 65491687687.776367
180 67456551265.621819
181 69475138470.976547
182 71548748761.609863
183 73678707830.030167
184 75866367981.747086
185 78113108514.654083
186 80420336099.388000
187 82789485160.523483
188 85222018258.449615
189 87719426471.775909
190 90283229780.108353
191 92914977447.028473
192 95616248403.110489
193 98388651628.797241
194 101233826536.960434
195 104153443354.956146
196 107149203505.990814
197 110222839989.598770
198 113376117761.035019
199 116610834109.376144
200 119928819034.120544
201 123331935620.072266
202 126822080410.287155
203 130401183776.857849
204 134071210289.302551
205 137834159080.326904
206 141692064208.710297
207 145646995019.078003
208 149701056498.297852
209 153856389628.253876
210 158115171734.724548
211 162479616832.105347
212 166951975963.699066
213 171534537537.294617
214 176229627655.753601
215 181039610442.314209
216 185966888360.318329
217 191013902527.065338
218 196183133021.485046
219 201477099185.324280
220 206898359917.531250
221 212449513961.520294
222 218133200184.992645
223 223952097851.984558
224 229908926886.811829
225 236006448129.571075
226 242247463582.856567
227 248634816649.346863
228 255171392359.908447
229 261860117591.865295
230 268703961277.069519
231 275705934599.414368
232 282869091181.423218
233 290196527259.538025
234 297691381847.738892
235 305356836889.113953
236 313196117394.998535
237 321212491571.297180
238 329409270931.606750
239 337789810396.740845
240 346357508380.270081
241 355115806859.679260
242 364068191432.741516
243 373218191358.712036
244 382569379583.934509
245 392125372751.460938
246 401889831194.272888
247 411866458911.701355
248 422059003528.633667
249 432471256237.097229
250 443107051719.811462
251 453970268055.294434
252 465064826604.113708
253 476394691875.869019
254 487963871376.496948
255 499776415435.481750
256 511836417012.569580
257 524148011483.567932
258 536715376404.827576
259 549542731255.999695
260 562634337160.661011
261 575994496584.402222
262 589627553009.988281
263 603537890589.177856
264 617729933770.821533
265 632208146904.836060
266 646977033821.673584
267 662041137386.897339
268 677405039030.484619
269 693073358250.483276
270 709050752090.650757
271 725341914591.706787
272 741951576215.844482
273 758884503244.145508
274 776145497146.547119
275 793739393924.027466
276 811671063422.668091
277 829945408619.273193
278 848567364878.221924
279 867541899179.244995
280 886874009315.827637
281 906568723063.935547
282 926631097320.789673
283 947066217213.410156
284 967879195176.664307
285 989075170000.567749
286 1010659305846.594971
287 1032636791232.760620
288 1055012837987.261230
289 1077792680170.458130
290 1100981572965.012207
291 1124584791533.986572
292 1148607629846.736572
293 1173055399472.444092
294 1197933428341.143555
295 1223247059472.108398
296 1249001649669.492676
297 1275202568185.119629
298 1301855195348.336670
299 1328964921162.865723
300 1356537143870.598145
301 1384577268482.301025
302 1413090705275.209229
303 1442082868257.507080
304 1471559173599.708252
305 1501525038032.978271
306 1531985877214.440186
307 1562947104059.541504
308 1594414127041.567871
309 1626392348458.413818
310 1658887162666.738281
311 1691903954283.648926
312 1725448096356.097656
313 1759524948498.160400
314 1794139854996.411621
315 1829298142883.641113
316 1865005119981.149902
317 1901266072909.898682
318 1938086265070.818848
319 1975470934594.586670
320 2013425292261.220215
321 2051954519389.835449
322 2091063765698.986084
323 2130758147137.952881
324 2171042743689.448242
325 2211922597144.183594
326 2253402708847.759277
327 2295488037420.415527
328 2338183496450.138672
329 2381493952159.698730
330 2425424221048.172363
331 2469979067507.571777
332 2515163201415.187012
333 2560981275702.301758
334 2607437883899.946777
335 2654537557662.394531
336 2702284764269.114746
337 2750683904105.939453
338 2799739308126.210938
339 2849455235292.689941
340 2899835870001.080566
341 2950885319485.981934
342 3002607611210.151367
343 3055006690237.974609
344 3108086416594.049805
345 3161850562607.842285
346 3216302810245.357422
347 3271446748428.836426
348 3327285870345.478516
349 3383823570746.229492
350 3441063143235.694824
351 3499007777554.250000
352 3557660556853.477051
353 3617024454966.025879
354 3677102333671.062012
355 3737896939956.478516
356 3799410903279.040039
357 3861646732823.704590
358 3924606814763.325195
359 3988293409520.004883
360 4052708649029.360352
361 4117854534009.014648
362 4183732931232.586914
363 4250345570810.559570
364 4317694043479.326172
365 4385779797899.802734
366 4454604137966.991211
367 4524168220131.869141
368 4594473050737.053711
369 4665519483367.617188
370 4737308216218.551758
371 4809839789480.292969
372 4883114582743.794922
373 4957132812426.640625
374 5031894529221.652344
375 5107399615569.539062
376 5183647783157.078125
377 5260638570442.349609
378 5338371340208.544922
379 5416845277147.940430
380 5496059385477.510742
381 5576012486587.776367
382 5656703216726.436523
383 5738130024718.347656
384 5820291169723.398438
385 5903184719033.882812
386 5986808545912.892578
387 6071160327475.345703
388 6156237542613.187500
389 6242037469966.351562
390 6328557185941.048828
391 6415793562776.923828
392 6503743266664.666016
393 6592402755915.622070
394 6681768279184.948242
395 6771835873749.849609
396 6862601363844.453125
397 6954060359052.806641
398 7046208252761.556641
399 7139040220673.770508
400 7232551219385.426758
401 7326735985026.012695
402 7421589031964.738281
403 7517104651583.763672
404 7613276911119.915039
405 7710099652576.257812
406 7807566491704.969727
407 7905670817062.833984
408 8004405789140.758789
409 8103764339568.601562
410 8203739170396.661133
411 8304322753455.056641
412 8405507329792.321289
413 8507284909194.383789
414 8609647269785.169922
415 8712585957710.007812
416 8816092286902.951172
417 8920157338939.181641
418 9024771962973.511719
419 9129926775766.115234
420 9235612161796.437500
421 9341818273466.310547
422 9448535031393.171875
423 9555752124794.384766
424 9663459011963.417969
425 9771644920838.820312
426 9880298849666.714844
427 9989409567757.605469
428 10098965616338.201172
429 10208955309498.902344
430 10319366735237.621094
431 10430187756600.478516
432 10541406012919.921875
433 10653008921150.796875
434 10764983677304.750000
435 10877317257983.402344
436 10989996422010.667969
437 11103007712164.458984
438 11216337457008.052734
439 11329971772821.365234
440 11443896565632.207031
441 11558097533347.679688
442 11672560167985.750000
443 11787269758006.945312
444 11902211390746.214844
445 12017369954944.732422
446 12132730143381.550781
447 12248276455604.871094
448 12363993200762.632812
449 12479864500532.109375
450 12595874292148.130859
451 12712006331529.476562
452 12828244196502.941406
453 12944571290124.550781
454 13060970844097.271484
455 13177425922284.580078
456 13293919424319.156250
457 13410434089305.912109
458 13526952499618.556641
459 13643457084788.748047
460 13759930125486.910156
461 13876353757593.740234
462 13992709976361.246094
463 14108980640662.312500
464 14225147477327.527344
465 14341192085568.087891
466 14457095941483.445312
467 14572840402652.431641
468 14688406712806.343750
469 14803776006582.664062
470 14918929314357.806641
471 15033847567157.376953
472 15148511601642.314453
473 15262902165169.257812
474 15376999920923.406250
475 15490785453122.099609
476 15604239272287.302734
477 15717341820585.125000
478 15830073477230.437500
479 15942414563954.640625
480 16054345350534.513672
481 16165846060380.171875
482 16276896876179.906250
483 16387477945599.853516
484 16497569387036.210938
485 16607151295417.820312
486 16716203748056.792969
487 16824706810544.867188
488 16932640542693.126953
489 17039985004512.677734
490 17146720262233.843750
491 17252826394361.400391
492 17358283497763.335938
493 17463071693790.589844
494 17567171134425.205078
495 17670562008454.242188
496 17773224547666.894531
497 17875139033072.050781
498 17976285801133.675781
499 18076645250021.250000
500 18176197845872.546875
501 18274924129066.003906
502 18372804720499.839844
503 18469820327875.175781
504 18565951751980.312500
505 18661179892973.320312
506 18755485756660.125000
507 18848850460765.164062
508 18941255241191.808594
509 19032681458269.613281
510 19123110602985.527344
511 19212524303196.175781
512 19300904329818.292969
513 19388232602994.378906
514 19474491198230.777344
515 19559662352505.125000
516 19643728470340.394531
517 19726672129842.558594
518 19808476088699.042969
519 19889123290135.042969
520 19968596868824.835938
521 20046880156755.269531
522 20123956689038.542969
523 20199810209671.449219
524 20274424677238.277344
525 20347784270554.601562
526 20419873394249.132812
527 20490676684280.910156
528 20560179013389.121094
529 20628365496472.796875
530 20695221495897.769531
531 20760732626728.203125
532 20824884761880.082031
533 20887664037194.109375
534 20949056856425.445312
535 21009049896147.753906
536 21067630110569.128906
537 21124784736257.425781
538 21180501296772.613281
539 21234767607203.824219
540 21287571778608.730469
541 21338902222353.046875
542 21388747654347.906250
543 21437097099182.957031
544 21483939894153.046875
545 21529265693176.441406
546 21573064470602.566406
547 21615326524907.277344
548 21656042482273.781250
549 21695203300057.386719
550 21732800270132.203125
551 21768825022118.156250
552 21803269526486.550781
553 21836126097542.675781
554 21867387396283.777344
555 21897046433131.011719
556 21925096570533.929688
557 21951531525446.066406
558 21976345371670.460938
559 21999532542073.785156
560 22021087830667.957031
561 22041006394558.164062
562 22059283755756.253906
563 22075915802858.527344
564 22090898792587.132812
565 22104229351194.105469
566 22115904475727.507812
567 22125921535158.812500
568 22134278271371.074219
569 22140972800007.324219
570 22146003611178.699219
571 22149369570032.007812
572 22151069917176.390625
573 22151104268968.847656
574 22149472617658.515625
575 22146175331389.566406
576 22141213154062.769531
577 22134587205055.808594
578 22126298978802.406250
579 22116350344230.593750
580 22104743544060.335938
581 22091481193960.937500
582 22076566281568.632812
583 22060002165364.890625
584 22041792573416.042969
585 22021941601974.867188
586 22000453713944.871094
587 21977333737208.078125
588 21952586862817.250000
589 21926218643053.363281
590 21898234989349.496094
591 21868642170082.132812
592 21837446808231.058594
593 21804655878909.085938
594 21770276706762.871094
595 21734316963246.195312
596 21696784663767.128906
597 21657688164710.582031
598 21617036160337.742188
599 21574837679564.062500
600 21531102082617.437500
601 21485839057578.300781
602 21439058616803.468750
603 21390771093235.519531
604 21340987136599.675781
605 21289717709490.097656
606 21236974083347.617188
607 21182767834331.003906
608 21127110839083.839844
609 21070015270399.187500
610 21011493592784.285156
611 20951558557927.476562
612 20890223200069.746094
613 20827500831283.183594
614 20763405036658.722656
615 20697949669405.703125
616 20631148845865.605469
617 20563016940442.531250
618 20493568580452.992188
619 20422818640897.535156
620 20350782239156.871094
621 20277474729615.070312
622 20202911698212.660156
623 20127108956932.089844
624 20050082538218.511719
625 19971848689338.507812
626 19892423866679.554688
627 19811824729993.062500
628 19730068136583.710938
629 19647171135448.039062
630 19563150961365.035156
631 19478025028941.593750
632 19391810926615.785156
633 19304526410620.710938
634 19216189398911.945312
635 19126817965061.355469
636 19036430332120.281250
637 18945044866454.925781
638 18852680071556.890625
639 18759354581831.750000
640 18665087156368.558594
641 18569896672693.191406
642 18473802120508.429688
643 18376822595423.652344
644 18278977292677.015625
645 18180285500852.972656
646 18080766595598.035156
647 17980440033337.527344
648 17879325344996.250000
649 17777442129725.785156
650 17674810048641.265625
651 17571448818570.376953
652 17467378205817.285156
653 17362618019944.300781
654 17257188107573.865234
655 17151108346213.623047
656 17044398638107.164062
657 16937078904113.050781
658 16829169077614.736328
659 16720689098463.896484
660 16611658906959.703125
661 16502098437866.496094
662 16392027614472.353516
663 16281466342690.867188
664 16170434505208.613281
665 16058951955680.529297
666 15947038512975.572266
667 15834713955474.863281
668 15721998015424.494141
669 15608910373345.244141
670 15495470652501.205078
671 15381698413429.476562
672 15267613148532.896484
673 15153234276737.804688
674 15038581138218.751953
675 14923672989192.048828
676 14808528996779.941406
677 14693168233947.238281
678 14577609674512.054688
679 14461872188232.414062
680 14345974535970.244141
681 14229935364934.400391
682 14113773204004.203125
683 13997506459134.914062
684 13881153408846.621094
685 13764732199797.808594
686 13648260842444.951172
687 13531757206789.355469
688 13415239018212.404297
689 13298723853400.371094
690 13182229136359.820312
691 13065772134524.677734
692 12949369954955.806641
693 12833039540634.128906
694 12716797666848.005859
695 12600660937675.736328
696 12484645782563.884766
697 12368768453002.076172
698 12253045019294.904297
699 12137491367431.513672
700 12022123196053.304688
701 11906956013520.263672
702 11792005135076.298828
703 11677285680113.855469
704 11562812569538.158203
705 11448600523231.263672
706 11334664057616.126953
707 11221017483320.707031
708 11107674902942.318359
709 10994650208912.080078
710 10881957081459.519531
711 10769608986677.214844
712 10657619174685.283203
713 10546000677895.566406
714 10434766309375.248047
715 10323928661309.578125
716 10213500103563.394531
717 10103492782341.039062
718 9993918618944.173828
719 9884789308627.095703
720 9776116319548.931641
721 9667910891822.187500
722 9560184036656.996094
723 9452946535600.404297
724 9346208939869.996094
725 9239981569781.099609
726 9134274514266.763672
727 9029097630489.697266
728 8924460543545.298828
729 8820372646254.841797
730 8716843099047.901367
731 8613880829933.026367
732 8511494534555.640625
733 8409692676342.120117
734 8308483486728.977539
735 8207874965476.028320
736 8107874881062.385742
737 8008490771164.146484
738 7909729943212.507812
739 7811599475031.128906
740 7714106215551.480469
741 7617256785604.857422
742 7521057578789.795898
743 7425514762413.555664
744 7330634278506.264648
745 7236421844906.444336
746 7142882956416.450195
747 7050022886026.416992
748 6957846686205.346680
749 6866359190257.809570
750 6775565013744.846680
751 6685468555967.590820
752 6596074001512.104492
753 6507385321853.939453
754 6419406277020.904297
755 6332140417312.517578
756 6245591085074.608398
757 6159761416527.537109
758 6074654343646.468750
759 5990272596092.155273
760 5906618703190.674805
761 5823694995960.549805
762 5741503609185.676758
763 5660046483532.531250
764 5579325367710.014648
765 5499341820670.453125
766 5420097213850.108398
767 5341592733447.662109
768 5263829382739.137695
769 5186807984427.625977
770 5110529183026.337891
771 5034993447273.366211
772 4960201072576.654297
773 4886152183487.615234
774 4812846736201.865234
775 4740284521085.557617
776 4668465165225.803711
777 4597388135003.671875
778 4527052738688.263672
779 4457458129050.421875
780 4388603305994.555176
781 4320487119207.146973
782 4253108270820.511719
783 4186465318090.352051
784 4120556676085.729004
785 4055380620390.015625
786 3990935289811.482422
787 3927218689102.128418
788 3864228691683.419434
789 3801963042377.611816
790 3740419360143.325195
791 3679595140814.104492
792 3619487759838.664062
793 3560094475021.585938
794 3501412429263.223145
795 3443438653297.606445
796 3386170068427.146973
797 3329603489252.976562
798 3273735626399.779785
799 3218563089233.958496
800 3164082388574.079102
801 3110289939392.464355
802 3057182063506.899902
803 3004754992261.416016
804 2953004869195.122559
805 2901927752698.115723
806 2851519618653.479980
807 2801776363064.458496
808 2752693804665.850098
809 2704267687518.767578
810 2656493683587.854004
811 2609367395300.150391
812 2562884358084.752441
813 2517040042892.494141
814 2471829858694.854980
815 2427249154961.375977
816 2383293224114.832520
817 2339957303963.484375
818 2297236580109.713867
819 2255126188334.418945
820 2213621216956.519531
821 2172716709166.994385
822 2132407665336.848389
823 2092689045298.487061
824 2053555770599.937012
825 2015002726731.445801
826 1977024765323.936523
827 1939616706318.910156
828 1902773340109.313721
829 1866489429651.000488
830 1830759712544.374512
831 1795578903085.864258
832 1760941694288.881836
833 1726842759873.949219
834 1693276756227.689697
835 1660238324330.419678
836 1627722091652.078369
837 1595722674016.267578
838 1564234677432.187744
839 1533252699894.287109
840 1502771333149.448975
841 1472785164431.565430
842 1443288778163.382324
843 1414276757625.481445
844 1385743686592.339355
845 1357684150935.369385
846 1330092740192.901367
847 1302964049107.066650
848 1276292679127.572266
849 1250073239882.358643
850 1224300350615.171387
851 1198968641590.071045
852 1174072755462.937500
853 1149607348620.037354
854 1125567092483.739014
855 1101946674785.469482
856 1078740800806.034790
857 1055944194583.423706
858 1033551600088.247070
859 1011557782366.961304
860 989957528653.050903
861 968745649446.355957
862 947916979560.730591
863 927466379140.253296
864 907388734644.202271
865 887678959801.024414
866 868331996531.552124
867 849342815841.712280
868 830706418684.991821
869 812417836794.940308
870 794472133487.985596
871 776864404436.865601
872 759589778414.964111
873 742643418011.875244
874 726020520320.505615
875 709716317596.042969
876 693726077887.126221
877 678045105639.558594
878 662668742272.905273
879 647592366730.334717
880 632811396002.063477
881 618321285622.763794
882 604117530143.310547
883 590195663577.241089
884 576551259822.304810
885 563179933057.490479
886 550077338115.917969
887 537239170833.985046
888 524661168377.166016
889 512339109542.858826
890 500268815040.680420
891 488446147750.616211
892 476867012959.424866
893 465527358575.709839
894 454423175324.060425
895 443550496918.677124
896 432905400216.887024
897 422484005352.966919
898 412282475852.675293
899 402297018728.917603
900 392523884558.946716
901 382959367543.513489
902 373599805548.378906
903 364441580128.597290
904 355481116535.977112
905 346714883710.132324
906 338139394253.524536
907 329751204390.906250
908 321546913913.562561
909 313523166108.758057
910 305676647674.781006
911 298004088621.986267
912 290502262160.227295
913 283167984573.069580
914 275998115079.172852
915 268989555681.225555
916 262139251002.816864
917 255444188113.618042
918 248901396343.256134
919 242507947084.241699
920 236260953584.327179
921 230157570728.650574
922 224194994812.030426
923 218370463301.763428
924 212681254591.276764
925 207124687744.982269
926 201698122234.674286
927 196398957667.807922
928 191224633507.992920
929 186172628788.029602
930 181240461815.810791
931 176425689873.411072
932 171725908909.673767
933 167138753226.606628
934 162661895159.890839
935 158293044753.801422
936 154029949430.832886
937 149870393656.319672
938 145812198598.335724
939 141853221783.149261
940 137991356746.509247
941 134224532681.028946
942 130550714079.932175
943 126967900377.415939
944 123474125585.887695
945 120067457930.316940
946 116745999479.949768
947 113507885777.619171
948 110351285466.882431
949 107274399917.213303
950 104275462847.468018
951 101352739947.842560
952 98504528500.528412
953 95729156999.276138
954 93024984768.062302
955 90390401579.058105
956 87823827270.087051
957 85323711361.757126
958 82888532674.448090
959 80516798945.324997
960 78207046445.552551
961 75957839597.869492
962 73767770594.687393
963 71635459016.865265
964 69559551453.312302
965 67538721121.562622
966 65571667489.463837
967 63657115898.114113
968 61793817186.180275
969 59980547315.723442
970 58216106999.653473
971 56499321330.932426
972 54829039413.637909
973 53204133995.998283
974 51623501105.502190
975 50086059686.185410
976 48590751238.190140
977 47136539459.690895
978 45722409891.274055
979 44347369562.857384
980 43010446643.229530
981 41710690092.287025
982 40447169316.042091
983 39218973824.471016
984 38025212892.269539
985 36865015222.577530
986 35737528613.732895
987 34641919629.109558
988 33577373270.093262
989 32543092652.243847
990 31538298684.690029
991 30562229752.800690
992 29614141404.171406
993 28693306037.964931
994 27799012597.638180
995 26930566267.088612
996 26087288170.247543
997 25268515074.147373
998 24473599095.485046
999 23701907410.703587
1000 22952821969.609474
1001 22225739212.541832
1002 21520069791.107368
1003 20835238292.491997
1004 20170682967.358719
1005 19525855461.338112
1006 18900220550.117119
1007 18293255878.128132
1008 17704451700.840115
1009 17133310630.650099
1010 16579347386.372707
1011 16042088546.322897
1012 15521072304.985617
1013 15015848233.264563
1014 14525977042.300314
1015 14051030350.846952
1016 13590590456.194286
1017 13144250108.622169
1018 12711612289.370874
1019 12292289992.111637
1020 11885906007.898607
1021 11492092713.583681
1022 11110491863.673557
1023 10740754385.607611
1024 10382540178.434263
1025 10035517914.862034
1026 9699364846.661169
1027 9373766613.390095
1028 9058417054.420689
1029 8753018024.235113
1030 8457279210.966466
1031 8170917958.154428
1032 7893659089.686810
1033 7625234737.896899
1034 7365384174.785913
1035 7113853646.339642
1036 6870396209.907214
1037 6634771574.610140
1038 6406745944.748524
1039 6186091866.171687
1040 5972588075.579445
1041 5766019352.720218
1042 5566176375.451725
1043 5372855577.629800
1044 5185859009.790476
1045 5004994202.590245
1046 4830074032.969409
1047 4660916593.002889
1048 4497345061.403129
1049 4339187577.639115
1050 4186277118.635989
1051 4038451378.019020
1052 3895552647.866347
1053 3757427702.934196
1054 3623927687.318725
1055 3494908003.518561
1056 3370228203.861884
1057 3249751884.262458
1058 3133346580.268441
1059 3020883665.368570
1060 2912238251.519838
1061 2807289091.861362
1062 2705918485.578928
1063 2608012184.885121
1064 2513459304.080045
1065 2422152230.657612
1066 2333986538.423033
1067 2248860902.586860
1068 2166677016.801540
1069 2087339512.106452
1070 2010755877.747761
1071 1936836383.839616
1072 1865494005.833599
1073 1796644350.763422
1074 1730205585.232397
1075 1666098365.111299
1076 1604245766.914659
1077 1544573220.823846
1078 1487008445.325507
1079 1431481383.434421
1080 1377924140.470019
