0 295663052766064410624.000000
1 307499888330210869248.000000
2 319797034235779743744.000000
3 332571833725827153920.000000
4 345842261185344241664.000000
5 359626944240278700032.000000
6 373945186597432328192.000000
7 388816991648865255424.000000
8 404263086865150836736.000000
9 420304949002555686912.000000
10 436964830149951160320.000000
11 454265784642072870912.000000
12 472231696866492416000.000000
13 490887309992519467008.000000
14 510258255651072507904.000000
15 530371084595415678976.000000
16 551253298373541756928.000000
17 572933382043918204928.000000
18 595440837967198289920.000000
19 618806220707502620672.000000
20 643061173077849407488.000000
21 668238463365296160768.000000
22 694372023772451700736.000000
23 721496990113018019840.000000
24 749649742800186114048.000000
25 778867949167782920192.000000
26 809190607165228449792.000000
27 840658090468613423104.000000
28 873312195051330076672.000000
29 907196187258996129792.000000
30 942354853434717896704.000000
31 978834551141986861056.000000
32 1016683262033923932160.000000
33 1055950646418954518528.000000
34 1096688099574403694592.000000
35 1138948809860954587136.000000
36 1182787818692533813248.000000
37 1228262082417485676544.000000
38 1275430536168771158016.000000
39 1324354159742331912192.000000
40 1375096045564453978112.000000
41 1427721468810811408384.000000
42 1482297959741462151168.000000
43 1538895378317932756992.000000
44 1597585991170339373056.000000
45 1658444550984464596992.000000
46 1721548378380507545600.000000
47 1786977446357322956800.000000
48 1854814467378016157696.000000
49 1925144983174626410496.000000
50 1998057457352166342656.000000
51 2073643370874046513152.000000
52 2151997320513474002944.000000
53 2233217120357629820928.000000
54 2317403906453628518400.000000
55 2404662244687980527616.000000
56 2495100241993496788992.000000
57 2588829660980277936128.000000
58 2685966038089951346688.000000
59 2786628805374919573504.000000
60 2890941416007372111872.000000
61 2999031473625281069056.000000
62 3111030865625736544256.000000
63 3227075900518649823232.000000
64 3347307449457225760768.000000
65 3471871092064224018432.000000
66 3600917266676591362048.000000
67 3734601425134071316480.000000
68 3873084192240571514880.000000
69 4016531530030891139072.000000
70 4165114906978298626048.000000
71 4319011472282521436160.000000
72 4478404235380891058176.000000
73 4643482250829472727040.000000
74 4814440808704527826944.000000
75 4991481630678677716992.000000
76 5174813071930152714240.000000
77 5364650329047302144000.000000
78 5561215654095253143552.000000
79 5764738575015127023616.000000
80 5975456122531312828416.000000
81 6193613063746188476416.000000
82 6419462142606423621632.000000
83 6653264327429924585472.000000
84 6895289065686710616064.000000
85 7145814546232446550016.000000
86 7405127969197662404608.000000
87 7673525823741642145792.000000
88 7951314173884368945152.000000
89 8238808952635570257920.000000
90 8536336264645638619136.000000
91 8844232697607892238336.000000
92 9162845642648432148480.000000
93 9492533623944632074240.000000
94 9833666637820051062784.000000
95 10186626501568966426624.000000
96 10551807212270089404416.000000
97 10929615315855850078208.000000
98 11320470286709188198400.000000
99 11724804918067276546048.000000
100 12143065723517305618432.000000
101 12575713349877637316608.000000
102 13023223001763436036096.000000
103 13486084878143676481536.000000
104 13964804621203763363840.000000
105 14459903777834922934272.000000
106 14971920274079900237824.000000
107 15501408902871859068928.000000
108 16048941825411017342976.000000
109 16615109086532322983936.000000
110 17200519144425247473664.000000
111 17805799415075244605440.000000
112 18431596831805301325824.000000
113 19078578420304752672768.000000
114 19747431889540397137920.000000
115 20438866238956330024960.000000
116 21153612382375885406208.000000
117 21892423789029854543872.000000
118 22656077142144724238336.000000
119 23445373015533799079936.000000
120 24261136568645345869824.000000
121 25104218260530752651264.000000
122 25975494583207623393280.000000
123 26875868814901998780416.000000
124 27806271793665037828096.000000
125 28767662711872296058880.000000
126 29761029932121520603136.000000
127 30787391825060628004864.000000
128 31847797629684430143488.000000
129 32943328336655652225024.000000
130 34075097595213655310336.000000
131 35244252644249039798272.000000
132 36451975268134272630784.000000
133 37699482777912543805440.000000
134 38988029018461788176384.000000
135 40318905402261889875968.000000
136 41693441970408941158400.000000
137 43113008481532175712256.000000
138 44579015529283696197632.000000
139 46092915689086605328384.000000
140 47656204694840072470528.000000
141 49270422646295902552064.000000
142 50937155247833337561088.000000
143 52658035079379314278400.000000
144 54434742900231468220416.000000
145 56269008986559905529856.000000
146 58162614503380357218304.000000
147 60117392911803267153920.000000
148 62135231412386912010240.000000
149 64218072425433833406464.000000
150 66367915109088116080640.000000
151 68586816916111321202688.000000
152 70876895190227374571520.000000
153 73240328802952043036672.000000
154 75679359831831524409344.000000
155 78196295281043918815232.000000
156 80793508845324009996288.000000
157 83473442718204592914432.000000
158 86238609445573665751040.000000
159 89091593825577003384832.000000
160 92035054855909923618816.000000
161 95071727729562626293760.000000
162 98204425880108164710400.000000
163 101436043077638214909952.000000
164 104769555576474709262336.000000
165 108208024315812311465984.000000
166 111754597174453404172288.000000
167 115412511280842995138560.000000
168 119185095379608246681600.000000
169 123075772255851994152960.000000
170 127088061218453310144512.000000
171 131225580643670332276736.000000
172 135492050580350303207424.000000
173 139891295418079957221376.000000
174 144427246619640392056832.000000
175 149103945519142241566720.000000
176 153925546187256491933696.000000
177 158896318364970528014336.000000
178 164020650467330621440000.000000
179 169303052658657674133504.000000
180 174748160000743348109312.000000
181 180360735675574950821888.000000
182 186145674284145297063936.000000
183 192108005222946952970240.000000
184 198252896139770601668608.000000
185 204585656470455522951168.000000
186 211111741058272962019328.000000
187 217836753857645476052992.000000
188 224766451723943330971648.000000
189 231906748291111704330240.000000
190 239263717938938922401792.000000
191 246843599851778509635584.000000
192 254652802170585039765504.000000
193 262697906240151393140736.000000
194 270985670953458647171072.000000
195 279523037195092474462208.000000
196 288317132385706498326528.000000
197 297375275129541912166400.000000
198 306704979967043203760128.000000
199 316313962234660425564160.000000
200 326210143033937646059520.000000
201 336401654312029227319296.000000
202 346896844055832885723136.000000
203 357704281601934264107008.000000
204 368832763064622302363648.000000
205 380291316884248585043968.000000
206 392089209498239680643072.000000
207 404235951137122892644352.000000
208 416741301747941545869312.000000
209 429615277047482639450112.000000
210 442868154707772581085184.000000
211 456510480676333358678016.000000
212 470553075633727811354624.000000
213 485007041590955343872000.000000
214 499883768629310229839872.000000
215 515194941785328473604096.000000
216 530952548083505236541440.000000
217 547168883719505904140288.000000
218 563856561396602594394112.000000
219 581028517818146224078848.000000
220 598698021338889618194432.000000
221 616878679778031103377408.000000
222 635584448396890707329024.000000
223 654829638044139072258048.000000
224 674628923471606832955392.000000
225 694997351823633087987712.000000
226 715950351303086142652416.000000
227 737503740017083267678208.000000
228 759673735005611103354880.000000
229 782476961456191296241664.000000
230 805930462107816352022528.000000
231 830051706847420550742016.000000
232 854858602502175869370368.000000
233 880369502830963523059712.000000
234 906603218718387574145024.000000
235 933579028574750342381568.000000
236 961316688945462231695360.000000
237 989836445333353756884992.000000
238 1019159043237463451500544.000000
239 1049305739411856010772480.000000
240 1080298313348097098383360.000000
241 1112159078985032586493952.000000
242 1144910896649596368322560.000000
243 1178577185232349541957632.000000
244 1213181934601540737171456.000000
245 1248749718259530104569856.000000
246 1285305706245372241772544.000000
247 1322875678287529559195648.000000
248 1361486037210567597359104.000000
249 1401163822599872920420352.000000
250 1441936724728372067827712.000000
251 1483833098749284538384384.000000
252 1526881979159035122810880.000000
253 1571113094534420567687168.000000
254 1616556882548200178712576.000000
255 1663244505267310304428032.000000
256 1711207864737920358285312.000000
257 1760479618861647089631232.000000
258 1811093197567166236327936.000000
259 1863082819281621216133120.000000
260 1916483507706160062922752.000000
261 1971331108900065494695936.000000
262 2027662308677850390069248.000000
263 2085514650323863285530624.000000
264 2144926552628873075359744.000000
265 2205937328253182358323200.000000
266 2268587202420872830779392.000000
267 2332917331949695394643968.000000
268 2398969824621405143040000.000000
269 2466787758896976045801472.000000
270 2536415203981646358380544.000000
271 2607897240244240850616320.000000
272 2681279979995771344781312.000000
273 2756610588631896413962240.000000
274 2833937306144112075866112.000000
275 2913309469004538069385216.000000
276 2994777532429011829915648.000000
277 3078393093023524401971200.000000
278 3164208911818715236925440.000000
279 3252278937697460651294720.000000
280 3342658331220411942961152.000000
281 3435403488854446536916992.000000
282 3530572067608982110339072.000000
283 3628223010085129953476608.000000
284 3728416569942682613317632.000000
285 3831214337789917982097408.000000
286 3936679267501218635710464.000000
287 4044875702967599716368384.000000
288 4155869405285062560186368.000000
289 4269727580385892060102656.000000
290 4386518907117874557485056.000000
291 4506313565776585928212480.000000
292 4629183267095626261725184.000000
293 4755201281700008780890112.000000
294 4884442470027654026231808.000000
295 5016983312724038575456256.000000
296 5152901941515111993704448.000000
297 5292278170563284861714432.000000
298 5435193528311913499328512.000000
299 5581731289822757277138944.000000
300 5731976509611927012376576.000000
301 5886016054988926506500096.000000
302 6043938639903883203182592.000000
303 6205834859308020995719168.000000
304 6371797224032029854662656.000000
305 6541920196187550660952064.000000
306 6716300225096331131092992.000000
307 6895035783752146665603072.000000
308 7078227405820205216038912.000000
309 7265977723178688693927936.000000
310 7458391504007431337279488.000000
311 7655575691428198579437568.000000
312 7857639442701441208156160.000000
313 8064694168983820855934976.000000
314 8276853575651517974708224.000000
315 8494233703193530289094656.000000
316 8716952968679405945618432.000000
317 8945132207806127231991808.000000
318 9178894717528098383855616.000000
319 9418366299274976975388672.000000
320 9663675302761087662817280.000000
321 9914952670391070804148224.000000
322 10172331982265466069450752.000000
323 10435949501790460510732288.000000
324 10705944221895735281451008.000000
325 10982457911864113267474432.000000
326 11265635164777064226095104.000000
327 11555623445579378852888576.000000
328 11852573139766982473678848.000000
329 12156637602701253468487680.000000
330 12467973209552966721208320.000000
331 12786739405879834939752448.000000
332 13113098758839969276493824.000000
333 13447217009045266453495808.000000
334 13789263123056880613588992.000000
335 14139409346526172921462784.000000
336 14497831257983726632566784.000000
337 14864707823278849991376896.000000
338 15240221450672474651885568.000000
339 15624558046585116067627008.000000
340 16017907072003035472330752.000000
341 16420461599543720142700544.000000
342 16832418371183196646670336.000000
343 17253977856646948751147008.000000
344 17685344312465541648351232.000000
345 18126725841697119311757312.000000
346 18578334454317421374210048.000000
347 19040386128278979533078528.000000
348 19513100871239916536725504.000000
349 19996702782963668454735872.000000
350 20491420118389802030596096.000000
351 20997485351376390973292544.000000
352 21515135239114541745831936.000000
353 22044610887214370918498304.000000
354 22586157815463076184457216.000000
355 23140026024253881266995200.000000
356 23706470061686078056693760.000000
357 24285749091334568250703872.000000
358 24878126960688337558437888.000000
359 25483872270256638407999488.000000
360 26103258443340780914343936.000000
361 26736563796470728950284288.000000
362 27384071610503481958334464.000000
363 28046070202381988372938752.000000
364 28722852997551386607484928.000000
365 29414718603030121179774976.000000
366 30121970881133034873028608.000000
367 30844919023842777620283392.000000
368 31583877627826624419332096.000000
369 32339166770094115253125120.000000
370 33111112084291892063240192.000000
371 33900044837631575248076800.000000
372 34706302008444864300056576.000000
373 35530226364362598406684672.000000
374 36372166541110561470414848.000000
375 37232477121918118832111616.000000
376 38111518717532483037954048.000000
377 39009658046833016602361856.000000
378 39927268018039206625411072.000000
379 40864727810504150826876928.000000
380 41822422957088212057587712.000000
381 42800745427103237741215744.000000
382 43800093709821086479155200.000000
383 44820872898536832501809152.000000
384 45863494775178959974825984.000000
385 46928377895456900663738368.000000
386 48015947674536740906860544.000000
387 49126636473235271011270656.000000
388 50260883684722069150367744.000000
389 51419135821719732748288000.000000
390 52601846604189750406414336.000000
391 53809477047494909041311744.000000
392 55042495551024002712469504.000000
393 56301377987268990484873216.000000
394 57586607791340326855114752.000000
395 58898676050907974976143360.000000
396 60238081596555587145957376.000000
397 61605331092531832332222464.000000
398 63000939127887454709743616.000000
399 64425428307980264866316288.000000
400 65879329346335780070490112.000000
401 67363181156845517688274944.000000
402 68877530946288295910309888.000000
403 70422934307157464999526400.000000
404 71999955310776794700840960.000000
405 73609166600688602447872000.000000
406 75251149486294537315811328.000000
407 76926494036731762541854720.000000
408 78635799174966136973295616.000000
409 80379672772080388030857216.000000
410 82158731741741281729052672.000000
411 83973602134821110871490560.000000
412 85824919234156802588278784.000000
413 87713327649421244778938368.000000
414 89639481412088517720276992.000000
415 91604044070468360547074048.000000
416 93607688784786748501655552.000000
417 95651098422291363813916672.000000
418 97734965652355623472332800.000000
419 99859993041557658745700352.000000
420 102026893148710108739403776.000000
421 104236388619813051216953344.000000
422 106489212282906379647188992.000000
423 108786107242793417131950080.000000
424 111127826975608623020900352.000000
425 113515135423203175733133312.000000
426 115948807087318332654747648.000000
427 118429627123518357767192576.000000
428 120958391434854584322883584.000000
429 123535906765230135480156160.000000
430 126162990792433606038913024.000000
431 128840472220812928996081664.000000
432 131569190873556750809694208.000000
433 134349997784550450281840640.000000
434 137183755289776341152432128.000000
435 140071337118221963498618880.000000
436 143013628482265213757816832.000000
437 146011526167501386700292096.000000
438 149065938621975106733211648.000000
439 152177786044785778095030272.000000
440 155348000474026353046323200.000000
441 158577525874022501427707904.000000
442 161867318221831465294888960.000000
443 165218345592967321224216576.000000
444 168631588246309477277499392.000000
445 172108038708159890268880896.000000
446 175648701855407994986037248.000000
447 179254594997762869593899008.000000
448 182926747959013260960727040.000000
449 186666203157274272580239360.000000
450 190474015684179208525840384.000000
451 194351253382975513549602816.000000
452 198298996925478732916850688.000000
453 202318339887848036293935104.000000
454 206410388825132934312755200.000000
455 210576263344550093564936192.000000
456 214817096177448124986425344.000000
457 219134033249909183982075904.000000
458 223528233751948590145601536.000000
459 228000870205259999254413312.000000
460 232553128529465342529896448.000000
461 237186208106818130994528256.000000
462 241901321845314701351714816.000000
463 246699696240163787926142976.000000
464 251582571433569340687908864.000000
465 256551201272772575851708416.000000
466 261606853366307182641938432.000000
467 266750809138420201065283584.000000
468 271984363881599506300534784.000000
469 277308826807168592164945920.000000
470 282725521093888833352630272.000000
471 288235783934520469976252416.000000
472 293840966580293867180916736.000000
473 299542434383230095654387712.000000
474 305341566836270013664460800.000000
475 311239757611147288675090432.000000
476 317238414593959282132123648.000000
477 323338959918379516167192576.000000
478 329542829996457055876022272.000000
479 335851475546951576801247232.000000
480 342266361621142201371197440.000000
481 348788967626066982823002112.000000
482 355420787345124042255368192.000000
483 362163328955988454200573952.000000
484 369018115045787018916265984.000000
485 375986682623472234963927040.000000
486 383070583129340084175765504.000000
487 390271382441639539646660608.000000
488 397590660880207619895066624.000000
489 405030013207086146166718464.000000
490 412591048624049834136961024.000000
491 420275390766998303572754432.000000
492 428084677697149814827909120.000000
493 436020561888979901164290048.000000
494 444084710214850883390275584.000000
495 452278803926267945386246144.000000
496 460604538631712086335422464.000000
497 469063624270985353351921664.000000
498 477657785086015371789467648.000000
499 486388759588057531860123648.000000
500 495258300521242192443867136.000000
501 504268174822404298645700608.000000
502 513420163577138994409897984.000000
503 522716061972030865950113792.000000
504 532157679242989127310770176.000000
505 541746838619642774729785344.000000
506 551485377265729258068639744.000000
507 561375146215426985128099840.000000
508 571418010305569261564723200.000000
509 581615848103685927777337344.000000
510 591970551831816823828905984.000000
511 602484027286038808287510528.000000
512 613158193751652042599825408.000000
513 623994983913971046452035584.000000
514 634996343764661356648726528.000000
515 646164232503572655083880448.000000
516 657500622436008098822881280.000000
517 669007498865382023539720192.000000
518 680686859981206371803594752.000000
519 692540716742356643069558784.000000
520 704571092755563626742415360.000000
521 716780024149077729438859264.000000
522 729169559441458205131014144.000000
523 741741759405426952470790144.000000
524 754498696926753344190414848.000000
525 767442456858097933128564736.000000
526 780575135867786447579774976.000000
527 793898842283453602827599872.000000
528 807415695930511374006878208.000000
529 821127827965397887268945920.000000
530 835037380703553465496895488.000000
531 849146507442092080172630016.000000
532 863457372277104712599207936.000000
533 877972149915566037176156160.000000
534 892693025481794948704501760.000000
535 907622194318427014840713216.000000
536 922761861781862294937927680.000000
537 938114243032136573350051840.000000
538 953681562817196078550482944.000000
539 969466055251518238582898688.000000
540 985469963589051672248188928.000000
541 1001695539990438857265905664.000000
542 1018145045284484779209654272.000000
543 1034820748723836789161197568.000000
544 1051724927734844196562927616.000000
545 1068859867661571483867545600.000000
546 1086227861503923911298908160.000000
547 1103831209649865033319972864.000000
548 1121672219601699463650869248.000000
549 1139753205696387216293494784.000000
550 1158076488819872030376591360.000000
551 1176644396115397840298049536.000000
552 1195459260685786728007467008.000000
553 1214523421289668324385357824.000000
554 1233839222031632897050411008.000000
555 1253409012046289845213986816.000000
556 1273235145176221705977200640.000000
557 1293319979643817866590945280.000000
558 1313665877716968741225365504.000000
559 1334275205368616289080180736.000000
560 1355150331930152764937601024.000000
561 1376293629738646811436908544.000000
562 1397707473777912011355586560.000000
563 1419394241313389862350487552.000000
564 1441356311520861192932294656.000000
565 1463596065108984095527927808.000000
566 1486115883935648206148337664.000000
567 1508918150618161273580290048.000000
568 1532005248137260871276560384.000000
569 1555379559434974066810814464.000000
570 1579043467006312129635549184.000000
571 1602999352484829963957043200.000000
572 1627249596222055489407549440.000000
573 1651796576860799689753100288.000000
574 1676642670902371518892736512.000000
575 1701790252267710308532879360.000000
576 1727241691852464264839168000.000000
577 1752999357076024674792505344.000000
578 1779065611424556229301633024.000000
579 1805442813988045178426884096.000000
580 1832133318991385384802320384.000000
581 1859139475319553402546946048.000000
582 1886463626036882752147554304.000000
583 1914108107900498963964362752.000000
584 1942075250867937655469899776.000000
585 1970367377598981101471137792.000000
586 1998986802951782566547423232.000000
587 2027935833473294342622806016.000000
588 2057216766884064362858807296.000000
589 2086831891557446196966457344.000000
590 2116783485993284550344572928.000000
591 2147073818286109252393107456.000000
592 2177705145587922121519005696.000000
593 2208679713565619862665953280.000000
594 2239999755853115394652897280.000000
595 2271667493498236222402723840.000000
596 2303685134404446583305273344.000000
597 2336054872767487101080961024.000000
598 2368778888506979775900811264.000000
599 2401859346693100015588474880.000000
600 2435298396968358588857712640.000000
601 2469098172964618295155097600.000000
602 2503260791715381360113745920.000000
603 2537788353063470701920387072.000000
604 2572682939064166916124835840.000000
605 2607946613383907356641853440.000000
606 2643581420694634998997712896.000000
607 2679589386063880098949365760.000000
608 2715972514340704388848287744.000000
609 2752732789537571033667600384.000000
610 2789872174208270089064546304.000000
611 2827392608821994019478306816.000000
612 2865296011133674876693381120.000000
613 2903584275550689241740607488.000000
614 2942259272496055174949765120.000000
615 2981322847768228926293278720.000000
616 3020776821897614105962872832.000000
617 3060622989499922953155903488.000000
618 3100863118626500753745772544.000000
619 3141498950111736552138735616.000000
620 3182532196917698146026389504.000000
621 3223964543476122755673358336.000000
622 3265797645027885963286675456.000000
623 3308033126960105053118005248.000000
624 3350672584140986153705668608.000000
625 3393717580252597151430868992.000000
626 3437169647121668629969502208.000000
627 3481030284048600956523249664.000000
628 3525300957134800110376452096.000000
629 3569983098608523123441532928.000000
630 3615078106149361775653421056.000000
631 3660587342211527272933883904.000000
632 3706512133346094787155984384.000000
633 3752853769522388178015617024.000000
634 3799613503448620895286853632.000000
635 3846792549892006916472700928.000000
636 3894392084998482457339625472.000000
637 3942413245612217675731173376.000000
638 3990857128595081646137409536.000000
639 4039724790146237626392248320.000000
640 4089017245122061580789350400.000000
641 4138735466356531294174707712.000000
642 4188880383982283989108916224.000000
643 4239452884752534860633997312.000000
644 4290453811364012659295911936.000000
645 4341883961781126727190183936.000000
646 4393744088561528214751543296.000000
647 4446034898183281532322447360.000000
648 4498757050373816460802785280.000000
649 4551911157440851136892370944.000000
650 4605497783605514611344801792.000000
651 4659517444337825110883827712.000000
652 4713970605694743356351971328.000000
653 4768857683660987854068121600.000000
654 4824179043492851304173142016.000000
655 4879934999065153915649523712.000000
656 4936125812221605757142958080.000000
657 4992751692128738672283484160.000000
658 5049812794633634808657346560.000000
659 5107309221625659018371399680.000000
660 5165241020402387544744919040.000000
661 5223608183039978735977627648.000000
662 5282410645768157859363684352.000000
663 5341648288350044164714397696.000000
664 5401320933467051094431498240.000000
665 5461428346109049855742574592.000000
666 5521970232970017356935856128.000000
667 5582946241849393907478036480.000000
668 5644355961059365086782554112.000000
669 5706198918838263494698074112.000000
670 5768474582770352067484581888.000000
671 5831182359212159383579394048.000000
672 5894321592725619846827474944.000000
673 5957891565518227654385336320.000000
674 6021891496890423352112447488.000000
675 6086320542690409790031527936.000000
676 6151177794776686649415827456.000000
677 6216462280488431084852215808.000000
678 6282172962124014752349814784.000000
679 6348308736427844140470894592.000000
680 6414868434085763898018889728.000000
681 6481850819229219970864906240.000000
682 6549254588948412345842925568.000000
683 6617078372814674896225304576.000000
684 6685320732412253852592504832.000000
685 6753980160879771871631900672.000000
686 6823055082461514042307510272.000000
687 6892543852068826100470382592.000000
688 6962444754851789778653806592.000000
689 7032756005781414984588197888.000000
690 7103475749242557715644940288.000000
691 7174602058637775914953342976.000000
692 7246132936002335474934874112.000000
693 7318066311630562101324414976.000000
694 7390400043713795223887806464.000000
695 7463131917990083591812415488.000000
696 7536259647405879839491620864.000000
697 7609780871789945128935751680.000000
698 7683693157539605705809461248.000000
699 7757993997319629649932713984.000000
700 7832680809773901941129084928.000000
701 7907750939250077060816699392.000000
702 7983201655537419136062717952.000000
703 8059030153618053926473433088.000000
704 8135233553431744804106010624.000000
705 8211808899654477499913469952.000000
706 8288753161490983359094980608.000000
707 8366063232481382524770058240.000000
708 8443735930322173549371981824.000000
709 8521767996701691479551115264.000000
710 8600156097150281804704382976.000000
711 8678896820905278230061121536.000000
712 8757986680791045958092718080.000000
713 8837422113114192732827418624.000000
714 8917199477574131265512144896.000000
715 8997315057189197550784086016.000000
716 9077765058238405337700892672.000000
717 9158545610219067653071306752.000000
718 9239652765820390930202492928.000000
719 9321082500913220963459399680.000000
720 9402830714556070431008227328.000000
721 9484893229017563225674219520.000000
722 9567265789815468217239339008.000000
723 9649944065772411506621677568.000000
724 9732923649088447491843555328.000000
725 9816200055430564612090626048.000000
726 9899768724039309388303826944.000000
727 9983625017852576039304167424.000000
728 10067764223646750789450334208.000000
729 10152181552195277938038407168.000000
730 10236872138444749945025069056.000000
731 10321831041708665569097547776.000000
732 10407053245878901138067030016.000000
733 10492533659655044485166923776.000000
734 10578267116791622337581547520.000000
735 10664248376363361894693601280.000000
736 10750472123048519581399252992.000000
737 10836932967430391325700128768.000000
738 10923625446317059336153595904.000000
739 11010544023079392971367383040.000000
740 11097683088007492817538514944.000000
741 11185036958685470221897039872.000000
742 11272599880384742601961504768.000000
743 11360366026475820341350367232.000000
744 11448329498858655640893521920.000000
745 11536484328411581912346263552.000000
746 11624824475458861306891730944.000000
747 11713343830256871164757409792.000000
748 11802036213498986560550338560.000000
749 11890895376839090774590095360.000000
750 11979915003433799452146532352.000000
751 12069088708503367664256679936.000000
752 12158410039911282069144076288.000000
753 12247872478762518383031222272.000000
754 12337469440020472956438183936.000000
755 12427194273142531072571998208.000000
756 12517040262734263171713859584.000000
757 12607000629222180831883165696.000000
758 12697068529545070097964466176.000000
759 12787237057863827392506626048.000000
760 12877499246289732037496537088.000000
761 12967848065631157586130632704.000000
762 13058276426158583426119106560.000000
763 13148777178387935241825157120.000000
764 13239343113882080612402069504.000000
765 13329966966070492940067667968.000000
766 13420641411086942971027783680.000000
767 13511359068625134346165026816.000000
768 13602112502812219409818451968.000000
769 13692894223100052340142505984.000000
770 13783696685174113630347591680.000000
771 13874512291879929998961803264.000000
772 13965333394166967738881277952.000000
773 14056152292049764209720819712.000000
774 14146961235586249094953172992.000000
775 14237752425873059710767202304.000000
776 14328518016057766803761266688.000000
777 14419250112367790935146233856.000000
778 14509940775155930286620934144.000000
779 14600582019962262393408454656.000000
780 14691165818592301057197473792.000000
781 14781684100211241313221214208.000000
782 14872128752454061554032181248.000000
783 14962491622551366261740142592.000000
784 15052764518470709863969193984.000000
785 15142939210073267573115322368.000000
786 15233007430285584928067289088.000000
787 15322960876286296087228055552.000000
788 15412791210707459029115863040.000000
789 15502490062850424097661255680.000000
790 15592049029915930227967524864.000000
791 15681459678248211149232275456.000000
792 15770713544592887264458047488.000000
793 15859802137368425503649693696.000000
794 15948716937950843894079946752.000000
795 16037449401971493721855754240.000000
796 16125990960627607023483092992.000000
797 16214333022005376310965174272.000000
798 16302466972415278458387562496.000000
799 16390384177739365673060007936.000000
800 16478075984790283857680138240.000000
801 16565533722681688510030675968.000000
802 16652748704209767889140449280.000000
803 16739712227245655744606896128.000000
804 16826415576138335585870807040.000000
805 16912850023127777006699151360.000000
806 16999006829768040182085320704.000000
807 17084877248359941718264512512.000000
808 17170452523393057555472187392.000000
809 17255723892996682492422389760.000000
810 17340682590399456061436198912.000000
811 17425319845397289716359888896.000000
812 17509626885829305062203064320.000000
813 17593594939061415889613094912.000000
814 17677215233477208767534727168.000000
815 17760478999975814330799095808.000000
816 17843377473476353647246835712.000000
817 17925901894428708975734161408.000000
818 18008043510330115338696392704.000000
819 18089793577247392589361971200.000000
820 18171143361344312198268190720.000000
821 18252084140413764507543797760.000000
822 18332607205414414191656173568.000000
823 18412703862011417314111520768.000000
824 18492365432120843738340655104.000000
825 18571583255457402471514636288.000000
826 18650348691085144485848416256.000000
827 18728653118970714207857672192.000000
828 18806487941538729662127013888.000000
829 18883844585229049377031454720.000000
830 18960714502055314723946102784.000000
831 19037089171164611559292928000.000000
832 19112960100397655234122350592.000000
833 19188318827849237287462240256.000000
834 19263156923428476426597171200.000000
835 19337465990418504358371000320.000000
836 19411237667035131273698869248.000000
837 19484463627984180923009597440.000000
838 19557135586016993905316200448.000000
839 19629245293483758322309922816.000000
840 19700784543884276371338297344.000000
841 19771745173415676495081242624.000000
842 19842119062516752229553143808.000000
843 19911898137408498940896083968.000000
844 19981074371630402049243348992.000000
845 20049639787572131493002084352.000000
846 20117586458000174041601671168.000000
847 20184906507579047214940422144.000000
848 20251592114386650606832975872.000000
849 20317635511423389574597967872.000000
850 20383028988114613897948823552.000000
851 20447764891805984379094695936.000000
852 20511835629251428734470193152.000000
853 20575233668093159012512563200.000000
854 20637951538333429480091025408.000000
855 20699981833797665541681315840.000000
856 20761317213588440323750625280.000000
857 20821950403530057031794819072.000000
858 20881874197603182926167539712.000000
859 20941081459369266635864014848.000000
860 20999565123384307801701482496.000000
861 21057318196601504059873034240.000000
862 21114333759762524677223743488.000000
863 21170604968776949043365412864.000000
864 21226125056089439011071852544.000000
865 21280887332034420784582623232.000000
866 21334885186177669425396711424.000000
867 21388112088644637645881737216.000000
868 21440561591435031911442939904.000000
869 21492227329723292803624075264.000000
870 21543103023144623402372825088.000000
871 21593182477066196251563786240.000000
872 21642459583843165073825595392.000000
873 21690928324059151381183856640.000000
874 21738582767750862933892005888.000000
875 21785417075616404242799001600.000000
876 21831425500207085601207353344.000000
877 21876602387102260055244800000.000000
878 21920942176066889245586882560.000000
879 21964439402191578635786256384.000000
880 22007088697014624730371588096.000000
881 22048884789625858778436993024.000000
882 22089822507751930720954613760.000000
883 22129896778822716722461540352.000000
884 22169102631018533627772272640.000000
885 22207435194297896460926058496.000000
886 22244889701405506705066819584.000000
887 22281461488860097529302220800.000000
888 22317145997922021613332594688.000000
889 22351938775540128571059077120.000000
890 22385835475277760449357021184.000000
891 22418831858217557438758912000.000000
892 22450923793844801117163094016.000000
893 22482107260909092916428800000.000000
894 22512378348264037958369148928.000000
895 22541733255684727551956090880.000000
896 22570168294662818041597788160.000000
897 22597679889178889347139633152.000000
898 22624264576451960050286592000.000000
899 22649919007665798387632963584.000000
900 22674639948672002762020487168.000000
901 22698424280669455948038799360.000000
902 22721269000860087020970573824.000000
903 22743171223080685922483699712.000000
904 22764128178410594741210054656.000000
905 22784137215755121776582983680.000000
906 22803195802404458483607928832.000000
907 22821301524567980551310409728.000000
908 22838452087883735202768355328.000000
909 22854645317903031153845075968.000000
910 22869879160549871745878720512.000000
911 22884151682555244446467751936.000000
912 22897461071865980845329219584.000000
913 22909805638028213533508894720.000000
914 22921183812545196769478180864.000000
915 22931594149209477737978265600.000000
916 22941035324409220489518514176.000000
917 22949506137408726540994215936.000000
918 22957005510602910244865572864.000000
919 22963532489745794897595596800.000000
920 22969086244152880053765537792.000000
921 22973666066877327269309710336.000000
922 22977271374859951079730184192.000000
923 22979901709052905262128562176.000000
924 22981556734517152341985067008.000000
925 22982236240493487646266359808.000000
926 22981940140447298222769045504.000000
927 22980668472086929082350043136.000000
928 22978421397355678754276376576.000000
929 22975199202397410960554852352.000000
930 22971002297495861574078824448.000000
931 22965831216987535307475779584.000000
932 22959686619148341666237120512.000000
933 22952569286053926185665036288.000000
934 22944480123413776116473659392.000000
935 22935420160379135743416598528.000000
936 22925390549324762123266424832.000000
937 22914392565604670775727489024.000000
938 22902427607281822948770447360.000000
939 22889497194831939176341962752.000000
940 22875602970821469914775158784.000000
941 22860746699559855199296159744.000000
942 22844930266726112903045316608.000000
943 22828155678969957908752629760.000000
944 22810425063487496173532479488.000000
945 22791740667571638822332530688.000000
946 22772104858137398997757722624.000000
947 22751520121222168223292588032.000000
948 22729989061461148201782345728.000000
949 22707514401538083184707633152.000000
950 22684098981611460038020300800.000000
951 22659745758716325538121646080.000000
952 22634457806141945198355152896.000000
953 22608238312785426771316047872.000000
954 22581090582481545921489272832.000000
955 22553018033308927999843762176.000000
956 22524024196872841007080669184.000000
957 22494112717564788861535518720.000000
958 22463287351799080893594730496.000000
959 22431551967226667837696245760.000000
960 22398910541926437835960745984.000000
961 22365367163574218744058085376.000000
962 22330926028589719835774025728.000000
963 22295591441261672391021428736.000000
964 22259367812851428652040060928.000000
965 22222259660675256642296610816.000000
966 22184271607165625517201162240.000000
967 22145408378911776115756367872.000000
968 22105674805679730644767211520.000000
969 22065075819412238474867113984.000000
970 22023616453208719621011537920.000000
971 21981301840285685294508802048.000000
972 21938137212917842234774126592.000000
973 21894127901360135907504553984.000000
974 21849279332751242742670032896.000000
975 21803597029998577383018332160.000000
976 21757086610645316320396050432.000000
977 21709753785719666618304299008.000000
978 21661604358566793137061101568.000000
979 21612644223663632959989088256.000000
980 21562879365417014835047038976.000000
981 21512315856945422281486630912.000000
982 21460959858844712622836678656.000000
983 21408817617938139391889244160.000000
984 21355895466011091524059660288.000000
985 21302199818530839610190200832.000000
986 21247737173351685032983396352.000000
987 21192514109405894617111461888.000000
988 21136537285380733054304124928.000000
989 21079813438382024111972941824.000000
990 21022349382584579274953457664.000000
991 20964152007869902838690742272.000000
992 20905228278451490113217101824.000000
993 20845585231488233309363765248.000000
994 20785229975686111029066989568.000000
995 20724169689888785882373160960.000000
996 20662411621657343327607980032.000000
997 20599963085839580753035264000.000000
998 20536831463129321789028564992.000000
999 20473024198616076908150915072.000000
1000 20408548800325437341235675136.000000
1001 20343412837750721278956797952.000000
1002 20277623940376083465121038336.000000
1003 20211189796191664325775065088.000000
1004 20144118150201121681755340800.000000
1005 20076416802921839713797013504.000000
1006 20008093608878474887178485760.000000
1007 19939156475089931194878394368.000000
1008 19869613359550455212547244032.000000
1009 19799472269705042280316928000.000000
1010 19728741260919714562378301440.000000
1011 19657428434946970051489562624.000000
1012 19585541938386881905485152256.000000
1013 19513089961144180168296759296.000000
1014 19440080734881863432277065728.000000
1015 19366522531471516363686674432.000000
1016 19292423661441014788553441280.000000
1017 19217792472419767872485588992.000000
1018 19142637347582082334624579584.000000
1019 19066966704088974151179567104.000000
1020 18990788991528805980543385600.000000
1021 18914112690357256085338849280.000000
1022 18836946310336871639069753344.000000
1023 18759298388976734182957907968.000000
1024 18681177489972562688408027136.000000
1025 18602592201647654447332982784.000000
1026 18523551135395105794013790208.000000
1027 18444062924121622720773357568.000000
1028 18364136220693380983324409856.000000
1029 18283779696384302932675264512.000000
1030 18203002039327078728058535936.000000
1031 18121811952967439905254801408.000000
1032 18040218154521909600683294720.000000
1033 17958229373439528609538637824.000000
1034 17875854349867873937322409984.000000
1035 17793101833123737081653231616.000000
1036 17709980580168877659750662144.000000
1037 17626499354091127259499855872.000000
1038 17542666922591316304096919552.000000
1039 17458492056476298808181915648.000000
1040 17373983528158431267226910720.000000
1041 17289150110161932290690646016.000000
1042 17204000573636362672474685440.000000
1043 17118543686877681096494940160.000000
1044 17032788213857097578717380608.000000
1045 16946742912758146858123001856.000000
1046 16860416534522291798881075200.000000
1047 16773817821403380060149252096.000000
1048 16686955505531231110430720000.000000
1049 16599838307484769201883709440.000000
1050 16512474934874922206908907520.000000
1051 16424874080937653553898455040.000000
1052 16337044423137397742006960128.000000
1053 16248994621781227089409605632.000000
1054 16160733318644024592954294272.000000
1055 16072269135604957568324075520.000000
1056 15983610673295548938849353728.000000
1057 15894766509759605657714032640.000000
1058 15805745199125305529741606912.000000
1059 15716555270289686524342566912.000000
1060 15627205225615833248739360768.000000
1061 15537703539642971687701446656.000000
1062 15448058657809799864255512576.000000
1063 15358278995191225945184796672.000000
1064 15268372935248819455550029824.000000
1065 15178348828595169116278489088.000000
1066 15088214991772417784681594880.000000
1067 14997979706045165812924284928.000000
1068 14907651216207995712120553472.000000
1069 14817237729407818233171410944.000000
1070 14726747413981239975461519360.000000
1071 14636188398307187818902847488.000000
1072 14545568769674972698255556608.000000
1073 14454896573167944452330749952.000000
1074 14364179810563039014261096448.000000
1075 14273426439246248729164906496.000000
1076 14182644371144314866366414848.000000
1077 14091841471672747879288537088.000000
1078 14001025558700368927064588288.000000
1079 13910204401530498002194530304.000000
1080 13819385719898988775362002944.000000
1081 13728577182989204715412127744.000000
1082 13637786408464097013187739648.000000
1083 13547020961515558032061235200.000000
1084 13456288353931089867580637184.000000
1085 13365596043178003520508919808.000000
1086 13274951431505212454931005440.000000
1087 13184361865062717298451677184.000000
1088 13093834633038948810251829248.000000
1089 13003376966815993306258866176.000000
1090 12912996039142863269152161792.000000
1091 12822698963326821939296600064.000000
1092 12732492792442922415301853184.000000
1093 12642384518561754667137630208.000000
1094 12552381071995582980735107072.000000
1095 12462489320562768280958271488.000000
1096 12372716068870710628433526784.000000
1097 12283068057617232725400354816.000000
1098 12193551962910520978815582208.000000
1099 12104174395607628518757761024.000000
1100 12014941900671575356503752704.000000
1101 11925860956547105055905415168.000000
1102 11836937974555075927833837568.000000
1103 11748179298305530728156233728.000000
1104 11659591203129453655338516480.000000
1105 11571179895529203652557275136.000000
1106 11482951512647648203576967168.000000
1107 11394912121755944845834190848.000000
1108 11307067719760042968496472064.000000
1109 11219424232725782750193254400.000000
1110 11131987515422668202233036800.000000
1111 11044763350886195570050859008.000000
1112 10957757449998796466514034688.000000
1113 10870975451089274790807076864.000000
1114 10784422919550737432895815680.000000
1115 10698105347476981380175364096.000000
1116 10612028153317231673185665024.000000
1117 10526196681549232409417875456.000000
1118 10440616202370580844048809984.000000
1119 10355291911408251811045310464.000000
1120 10270228929446266285150175232.000000
1121 10185432302171369944331059200.000000
1122 10100906999936673354180722688.000000
1123 10016657917543185604547706880.000000
1124 9932689874039105058955591680.000000
1125 9849007612536779255880613888.000000
1126 9765615800047293279957417984.000000
1127 9682519027332466700787384320.000000
1128 9599721808774270074465812480.000000
1129 9517228582261474090851237888.000000
1130 9435043709093408221274570752.000000
1131 9353171473900777189641551872.000000
1132 9271616084583317563626225664.000000
1133 9190381672264239490374041600.000000
1134 9109472291261268858761117696.000000
1135 9028891919074194230698049536.000000
1136 8948644456388727226455031808.000000
1137 8868733727096589502589698048.000000
1138 8789163478331635007454445568.000000
1139 8709937380521861279236751360.000000
1140 8631059027457177845137145856.000000
1141 8552531936372753600801144832.000000
1142 8474359548047780442284228608.000000
1143 8396545226919494820875468800.000000
1144 8319092261212299990617030656.000000
1145 8242003863081800932031201280.000000
1146 8165283168773561736543338496.000000
1147 8088933238796485396042612736.000000
1148 8012957058110524626999181312.000000
1149 7937357536328642365277339648.000000
1150 7862137507932775641040027648.000000
1151 7787299732503651101140058112.000000
1152 7712846894964241072765534208.000000
1153 7638781605836672151851106304.000000
1154 7565106401512425787557412864.000000
1155 7491823744535559283446644736.000000
1156 7418936023898865851493777408.000000
1157 7346445555352637268375371776.000000
1158 7274354581725963163338276864.000000
1159 7202665273260240382694785024.000000
1160 7131379727954801171479134208.000000
1161 7060499971924355607544463360.000000
1162 6990027959768126242309537792.000000
1163 6919965574950379179527372800.000000
1164 6850314630192238342378094592.000000
1165 6781076867874479463676772352.000000
1166 6712253960451146569033449472.000000
1167 6643847510873785344290979840.000000
1168 6575859053026017409822097408.000000
1169 6508290052168298271522947072.000000
1170 6441141905392646742758916096.000000
1171 6374415942087056665704660992.000000
1172 6308113424409473284334157824.000000
1173 6242235547771019808735232000.000000
1174 6176783441328346627399745536.000000
1175 6111758168484792005698781184.000000
1176 6047160727400220130124234752.000000
1177 5982992051509251724785221632.000000
1178 5919253010047711318298853376.000000
1179 5855944408587033875354484736.000000
1180 5793066989576447174509592576.000000
1181 5730621432892692437705687040.000000
1182 5668608356397042418457772032.000000
1183 5607028316499444325391794176.000000
1184 5545881808729533593944064000.000000
1185 5485169268314299703408721920.000000
1186 5424891070762194032612343808.000000
1187 5365047532453485140657569792.000000
1188 5305638911236590992875323392.000000
1189 5246665407030211110613549056.000000
1190 5188127162431029946443890688.000000
1191 5130024263326784776600289280.000000
1192 5072356739514470511742550016.000000
1193 5015124565323458225184440320.000000
1194 4958327660243354775260758016.000000
1195 4901965889556352283426422784.000000
1196 4846039064973865707703894016.000000
1197 4790546945277255651583590400.000000
1198 4735489236962431899214544896.000000
1199 4680865594888116675048112128.000000
1200 4626675622927564768039403520.000000
1201 4572918874623548655627403264.000000
1202 4519594853846384327121698816.000000
1203 4466703015454823533902823424.000000
1204 4414242765959566175831588864.000000
1205 4362213464189260332716261376.000000
1206 4310614421958726058046914560.000000
1207 4259444904739254500927209472.000000
1208 4208704132330752558273396736.000000
1209 4158391279535584623210790912.000000
1210 4108505476833872285888675840.000000
1211 4059045811060091458015985664.000000
1212 4010011326080790449501503488.000000
1213 3961401023473205796338139136.000000
1214 3913213863204634002731302912.000000
1215 3865448764312345342459772928.000000
1216 3818104605583895133690003456.000000
1217 3771180226237618632232271872.000000
1218 3724674426603152862831706112.000000
1219 3678585968801830357354676224.000000
1220 3632913577426739740951969792.000000
1221 3587655940222303632617373696.000000
1222 3542811708763209483153309696.000000
1223 3498379499132529523310985216.000000
1224 3454357892598855549512056832.000000
1225 3410745436292307809663451136.000000
1226 3367540643879242616960712704.000000
1227 3324741996235524001505476608.000000
1228 3282347942118186226655690752.000000
1229 3240356898835356877980696576.000000
1230 3198767252914278346856071168.000000
1231 3157577360767291369256386560.000000
1232 3116785549355634384699392000.000000
1233 3076390116850920176876519424.000000
1234 3036389333294155655551123456.000000
1235 2996781441252162392968658944.000000
1236 2957564656471264324116021248.000000
1237 2918737168528131010399830016.000000
1238 2880297141477624734139023360.000000
1239 2842242714497538723929915392.000000
1240 2804572002530109412895358976.000000
1241 2767283096920170788422680576.000000
1242 2730374066049840882227609600.000000
1243 2693842955969622203244216320.000000
1244 2657687791025813309003661312.000000
1245 2621906574484107270687817728.000000
1246 2586497289149282473857777664.000000
1247 2551457897980874704182837248.000000
1248 2516786344704732661635088384.000000
1249 2482480554420355198324047872.000000
1250 2448538434203916271727149056.000000
1251 2414957873706880031659130880.000000
1252 2381736745750119454439636992.000000
1253 2348872906913446989916012544.000000
1254 2316364198120465412120379392.000000
1255 2284208445218672627985416192.000000
1256 2252403459554716540270018560.000000
1257 2220947038544738117165776896.000000
1258 2189836966239723778624978944.000000
1259 2159071013885782162136891392.000000
1260 2128646940479294965295349760.000000
1261 2098562493316850055936737280.000000
1262 2068815408539913694016962560.000000
1263 2039403411674158852099538944.000000
1264 2010324218163398782041980928.000000
1265 1981575533898073326200291328.000000
1266 1953155055738210732459687936.000000
1267 1925060472030836935545061376.000000
1268 1897289463121760561477451776.000000
1269 1869839701861700669827710976.000000
1270 1842708854106694011848753152.000000
1271 1815894579212756515718955008.000000
1272 1789394530524737976001363968.000000
1273 1763206355859350705865228288.000000
1274 1737327697982312778441949184.000000
1275 1711756195079591288786386944.000000
1276 1686489481222697532809805824.000000
1277 1661525186828019809533296640.000000
1278 1636860939110142994248892416.000000
1279 1612494362529150759419772928.000000
1280 1588423079231874709191655424.000000
1281 1564644709487078332887465984.000000
1282 1541156872114532621653901312.000000
1283 1517957184908003689224994816.000000
1284 1495043265052099620244553728.000000
1285 1472412729532989465409093632.000000
1286 1450063195542964696617320448.000000
1287 1427992280878851643341275136.000000
1288 1406197604334247972184260608.000000
1289 1384676786085592555474386944.000000
1290 1363427448072061582068154368.000000
1291 1342447214369277716224540672.000000
1292 1321733711556859792340287488.000000
1293 1301284569079778410930110464.000000
1294 1281097419603549321689038848.000000
1295 1261169899363264593636884480.000000
1296 1241499648506454150641352704.000000
1297 1222084311429807908889559040.000000
1298 1202921537109748758142255104.000000
1299 1184008979426887173096341504.000000
1300 1165344297484359104123109376.000000
1301 1146925155920061441033371648.000000
1302 1128749225212815011561340928.000000
1303 1110814181982457176151556096.000000
1304 1093117709283897141836644352.000000
1305 1075657496895145127761149952.000000
1306 1058431241599353178063634432.000000
1307 1041436647460869271384489984.000000
1308 1024671426095352143438413824.000000
1309 1008133296933963177887006720.000000
1310 991819987481662028668469248.000000
1311 975729233569645143886135296.000000
1312 959858779601943546491305984.000000
1313 944206378796230999051075584.000000
1314 928769793418854922106961920.000000
1315 913546795014140506220265472.000000
1316 898535164627996879884386304.000000
1317 883732693025860517676187648.000000
1318 869137180905020418867331072.000000
1319 854746439101355293065347072.000000
1320 840558288790525633837924352.000000
1321 826570561683669746026807296.000000
1322 812781100217629427835600896.000000
1323 799187757739761245345546240.000000
1324 785788398687371744927285248.000000
1325 772580898761819072185237504.000000
1326 759563145097333773992722432.000000
1327 746733036424590119699218432.000000
1328 734088483229097348181262336.000000
1329 721627407904432418652684288.000000
1330 709347744900382297516146688.000000
1331 697247440866037287819935744.000000
1332 685324454787881031052558336.000000
1333 673576758122937242097811456.000000
1334 662002334927012897207877632.000000
1335 650599181978099035328741376.000000
1336 639365308894975077388386304.000000
1337 628298738251069714983813120.000000
1338 617397505683633000450883584.000000
1339 606659659998274339020472320.000000
1340 596083263268915654925746176.000000
1341 585666390933217112223645696.000000
1342 575407131883530709509341184.000000
1343 565303588553435968190808064.000000
1344 555353876999910078564794368.000000
1345 545556126981193595308998656.000000
1346 535908482030403909192777728.000000
1347 526409099524953326013644800.000000
1348 517056150751828652486295552.000000
1349 507847820968790013444620288.000000
1350 498782309461544494413381632.000000
1351 489857829596950272325713920.000000
1352 481072608872312326001262592.000000
1353 472424888960824358368968704.000000
1354 463912925753213349124898816.000000
1355 455534989395648173037322240.000000
1356 447289364323966984602517504.000000
1357 439174349294280406216998912.000000
1358 431188257410011748919934976.000000
1359 423329416145427523300229120.000000
1360 415596167365719950658371584.000000
1361 407986867343695968968114176.000000
1362 400499886773132244704821248.000000
1363 393133610778855014412582912.000000
1364 385886438923596433056595968.000000
1365 378756785211692231627374592.000000
1366 371743078089673529274400768.000000
1367 364843760443809768415428608.000000
1368 358057289594662421327249408.000000
1369 351382137288702313495527424.000000
1370 344816789687051311741140992.000000
1371 338359747351403283984941056.000000
1372 332009525227176694892199936.000000
1373 325764652623961646998487040.000000
1374 319623673193311257657081856.000000
1375 313585144903936470557917184.000000
1376 307647640014355188590575616.000000
1377 301809745043057747379093504.000000
1378 296070060736233568947142656.000000
1379 290427202033123316943814656.000000
1380 284879798029041221089886208.000000
1381 279426491936128868617814016.000000
1382 274065941041888394540482560.000000
1383 268796816665550664805384192.000000
1384 263617804112328067796434944.000000
1385 258527602625610188299698176.000000
1386 253524925337144523331993600.000000
1387 248608499215263503245901824.000000
1388 243777065011200355467264000.000000
1389 239029377203550435714007040.000000
1390 234364203940923965666492416.000000
1391 229780326982842163373539328.000000
1392 225276541638925591582343168.000000
1393 220851656706420525523533824.000000
1394 216504494406117044422443008.000000
1395 212233890316700662538174464.000000
1396 208038693307589279856197632.000000
1397 203917765470300154454081536.000000
1398 199869982048392526272921600.000000
1399 195894231366034236446343168.000000
1400 191989414755235532378210304.000000
1401 188154446481794485710749696.000000
1402 184388253670001027305177088.000000
1403 180689776226139765768978432.000000
1404 177057966760838078255857664.000000
1405 173491790510299743151718400.000000
1406 169990225256468095111790592.000000
1407 166552261246159659257036800.000000
1408 163176901109208190545821696.000000
1409 159863159775661930554851328.000000
1410 156610064392073389210075136.000000
1411 153416654236919344100540416.000000
1412 150281980635192357780717568.000000
1413 147205106872201574413762560.000000
1414 144185108106620436849098752.000000
1415 141221071282817470579081216.000000
1416 138312095042509734173212672.000000
1417 135457289635771887179005952.000000
1418 132655776831439100698427392.000000
1419 129906689826937156766007296.000000
1420 127209173157575882973380608.000000
1421 124562382605338168954716160.000000
1422 121965485107198890111664128.000000
1423 119417658663006930085085184.000000
1424 116918092242962514228281344.000000
1425 114465985694720142191099904.000000
1426 112060549650150482920865792.000000
1427 109701005431791193771999232.000000
1428 107386584959015147947425792.000000
1429 105116530653948797922574336.000000
1430 102890095347165877720055808.000000
1431 100706542183188862448173056.000000
1432 98565144525822597697372160.000000
1433 96465185863349390471593984.000000
1434 94405959713612980725743616.000000
1435 92386769529015410966396928.000000
1436 90406928601454333246046208.000000
1437 88465759967226265656623104.000000
1438 86562596311918407030145024.000000
1439 84696779875315707363196928.000000
1440 82867662356345201377673216.000000
1441 81074604818081382156730368.000000
1442 79316977592834570728767488.000000
1443 77594160187346333416292352.000000
1444 75905541188109831193493504.000000
1445 74250518166840767777079296.000000
1446 72628497586116116319567872.000000
1447 71038894705201446706479104.000000
1448 69481133486088259574431744.000000
1449 67954646499757235609010176.000000
1450 66458874832689854211424256.000000
1451 64993267993642254278328320.000000
1452 63557283820703224248139776.000000
1453 62150388388650735324102656.000000
1454 60772055916624180563410944.000000
1455 59421768676129740219744256.000000
1456 58099016899393270069592064.000000
1457 56803298688077574763970560.000000
1458 55534119922376933927550976.000000
1459 54290994170505605607849984.000000
1460 53073442598593020177678336.000000
1461 51880993880998867420315648.000000
1462 50713184111063152132620288.000000
1463 49569556712301302829285376.000000
1464 48449662350059511962664960.000000
1465 47353058843639464528445440.000000
1466 46279311078906156002836480.000000
1467 45227990921389124712660992.000000
1468 44198677129886977063124992.000000
1469 43190955270587240121630720.000000
1470 42204417631709616096149504.000000
1471 41238663138684123450703872.000000
1472 40293297269871288663408640.000000
1473 39367931972835005786226688.000000
1474 38462185581175476919992320.000000
1475 37575682731930243718709248.000000
1476 36708054283552161850720256.000000
1477 35858937234469966298742784.000000
1478 35027974642240494174732288.000000
1479 34214815543297246563926016.000000
1480 33419114873303376821485568.000000
1481 32640533388114250692558848.000000
1482 31878737585355312037101568.000000
1483 31133399626621318653280256.000000
1484 30404197260301049893224448.000000
1485 29690813745033649349197824.000000
1486 28992937773799579022524416.000000
1487 28310263398651751252885504.000000
1488 27642489956090046748557312.000000
1489 26989321993082878029725696.000000
1490 26350469193739689525248000.000000
1491 25725646306636666360561664.000000
1492 25114573072799663336194048.000000
1493 24516974154345509443076096.000000
1494 23932579063785342931828736.000000
1495 23361122093991299785949184.000000
1496 22802342248828419614703616.000000
1497 22255983174453804780224512.000000
1498 21721793091283865982468096.000000
1499 21199524726631174720454656.000000
1500 20688935248011682839003136.000000
1501 20189786197122867506708480.000000
1502 19701843424493720748163072.000000
1503 19224877024806171213561856.000000
1504 18758661272888767114379264.000000
1505 18302974560381705497083904.000000
1506 17857599333073774790574080.000000
1507 17422322028909647259238400.000000
1508 16996933016667849926639616.000000
1509 16581226535307799062118400.000000
1510 16175000633985103661367296.000000
1511 15778057112734092096438272.000000
1512 15390201463815753753952256.000000
1513 15011242813729955347693568.000000
1514 14640993865889969105534976.000000
1515 14279270843957491764559872.000000
1516 13925893435836320423346176.000000
1517 13580684738322168400576512.000000
1518 13243471202406791443906560.000000
1519 12914082579233529481134080.000000
1520 12592351866702129314922496.000000
1521 12278115256719755884625920.000000
1522 11971212083095746111340544.000000
1523 11671484770077027982114816.000000
1524 11378778781520932108238848.000000
1525 11092942570702777975046144.000000
1526 10813827530754352232792064.000000
1527 10541287945730467972513792.000000
1528 10275180942299681534246912.000000
1529 10015366442055945622126592.000000
1530 9761707114447434187538432.000000
1531 9514068330318595226599424.000000
1532 9272318116062013771743232.000000
1533 9036327108375745012957184.000000
1534 8805968509622511923625984.000000
1535 8581118043786330689765376.000000
1536 8361653913022796182585344.000000
1537 8147456754798534938591232.000000
1538 7938409599615674561331200.000000
1539 7734397829317087190843392.000000
1540 7535309135967754517479424.000000
1541 7341033481308113991630848.000000
1542 7151463056774688608878592.000000
1543 6966492244083435794071552.000000
1544 6786017576371427001499648.000000
1545 6609937699891886606516224.000000
1546 6438153336258214590676992.000000
1547 6270567245232067766648832.000000
1548 6107084188050848093306880.000000
1549 5947610891289656721145856.000000
1550 5792056011253085940744192.000000
1551 5640330098891822848802816.000000
1552 5492345565239206050004992.000000
1553 5348016647362954022354944.000000
1554 5207259374826912258981888.000000
1555 5069991536658065731354624.000000
1556 4936132648813676671795200.000000
1557 4805603922143764692336640.000000
1558 4678328230843662536278016.000000
1559 4554230081391870385061888.000000
1560 4433235581968087508844544.000000
1561 4315272412346304344096768.000000
1562 4200269794258132286832640.000000
1563 4088158462221074969919488.000000
1564 3978870634826916702453760.000000
1565 3872339986485048877514752.000000
1566 3768501619615708699688960.000000
1567 3667292037288213568552960.000000
1568 3568649116298890054729728.000000
1569 3472512080683993405587456.000000
1570 3378821475662335844548608.000000
1571 3287519142002738675580928.000000
1572 3198548190811260532555776.000000
1573 3111852978733234106925056.000000
1574 3027379083565141002813440.000000
1575 2945073280271282427920384.000000
1576 2864883517400420861345792.000000
1577 2786758893897358996668416.000000
1578 2710649636304616605876224.000000
1579 2636507076349230678278144.000000
1580 2564283628909876524089344.000000
1581 2493932770359480688836608.000000
1582 2425409017278348885229568.000000
1583 2358667905533206079733760.000000
1584 2293665969717209789890560.000000
1585 2230360722946260446740480.000000
1586 2168710637006840334909440.000000
1587 2108675122850721876148224.000000
1588 2050214511431841998700544.000000
1589 1993290034880672620871680.000000
1590 1937863808011553910816768.000000
1591 1883898810158301292003328.000000
1592 1831358867333621844279296.000000
1593 1780208634707763276021760.000000
1594 1730413579401927359201280.000000
1595 1681939963591984819470336.000000
1596 1634754827918067328090112.000000
1597 1588825975195657608101888.000000
1598 1544121954423790882521088.000000
1599 1500612045086107593867264.000000
1600 1458266241740403908804608.000000
1601 1417055238892467987152896.000000
1602 1376950416150009321881600.000000
1603 1337923823652443896414208.000000
1604 1299948167772472925487104.000000
1605 1262996797085281276657664.000000
1606 1227043688601351589199872.000000
1607 1192063434258832527720448.000000
1608 1158031227671487386222592.000000
1609 1124922851128274893930496.000000
1610 1092714662840649776103424.000000
1611 1061383584433712096346112.000000
1612 1030907088677379369861120.000000
1613 1001263187453782549069824.000000
1614 972430419957131274878976.000000
1615 944387841122354990153728.000000
1616 917115010278817519370240.000000
1617 890591980025485396541440.000000
1618 864799285323973844271104.000000
1619 839717932805876053180416.000000
1620 815329390290902877995008.000000
1621 791615576512334028341248.000000
1622 768558851046355383615488.000000
1623 746142004441887528714240.000000
1624 724348248547550335860736.000000
1625 703161207032458615193600.000000
1626 682564906097544930525184.000000
1627 662543765374225667325952.000000
1628 643082589007165505142784.000000
1629 624166556918009665945600.000000
1630 605781216246975455821824.000000
1631 587912472969198711078912.000000
1632 570546583682834040356864.000000
1633 553670147565873931485184.000000
1634 537270098498763796512768.000000
1635 521333697349858956935168.000000
1636 505848524420870569984000.000000
1637 490802472049438772690944.000000
1638 476183737366036147601408.000000
1639 461980815202434141913088.000000
1640 448182491149000907948032.000000
1641 434777834758143324717056.000000
1642 421756192891236561977344.000000
1643 409107183206422733127680.000000
1644 396820687784709709627392.000000
1645 384886846891808283164672.000000
1646 373296052873224513388544.000000
1647 362038944180113227382784.000000
1648 351106399523481986269184.000000
1649 340489532154324767997952.000000
1650 330179684267340314181632.000000
1651 320168421525900356485120.000000
1652 310447527705964949012480.000000
1653 301008999456708638015488.000000
1654 291845041175612945858560.000000
1655 282948059995842050785280.000000
1656 274310660883747300179968.000000
1657 265925641844378776371200.000000
1658 257785989232903508197376.000000
1659 249884873169890218868736.000000
1660 242215643058414192427008.000000
1661 234771823201011472793600.000000
1662 227547108514505334718464.000000
1663 220535360340787256623104.000000
1664 213730602351639926931456.000000
1665 207127016545752662933504.000000
1666 200718939336079017246720.000000
1667 194500857725733356699648.000000
1668 188467405570658128625664.000000
1669 182613359927295005949952.000000
1670 176933637483567022866432.000000
1671 171423291071461129715712.000000
1672 166077506259565456392192.000000
1673 160891598023918761279488.000000
1674 155861007495575109632000.000000
1675 150981298783301555716096.000000
1676 146248155869863429013504.000000
1677 141657379580373769388032.000000
1678 137204884621205350383616.000000
1679 132886696688004481679360.000000
1680 128698949641356166823936.000000
1681 124637882748682387849216.000000
1682 120699837990987131518976.000000
1683 116881257433066536697856.000000
1684 113178680655856883728384.000000
1685 109588742249586972688384.000000
1686 106108169366448715595776.000000
1687 102733779331509364195328.000000
1688 99462477310616309596160.000000
1689 96291254034073340870656.000000
1690 93217183574881309032448.000000
1691 90237421180363338678272.000000
1692 87349201156016321855488.000000
1693 84549834800452859854848.000000
1694 81836708390315921244160.000000
1695 79207281214073163743232.000000
1696 76659083653617278779392.000000
1697 74189715312617373827072.000000
1698 71796843190590935924736.000000
1699 69478199901680314613760.000000
1700 67231581937142635429888.000000
1701 65054847970576928079872.000000
1702 62945917204932142825472.000000
1703 60902767760362285563904.000000
1704 58923435102007644389376.000000
1705 57006010506802093883392.000000
1706 55148639568424079458304.000000
1707 53349520739527406125056.000000
1708 51606903910401402994688.000000
1709 49919089023231786483712.000000
1710 48284424721148351086592.000000
1711 46701307031257847169024.000000
1712 45168178080886149873664.000000
1713 43683524846259259047936.000000
1714 42245877932874774085632.000000
1715 40853810386830016643072.000000
1716 39505936536384483360768.000000
1717 38200910863054074281984.000000
1718 36937426901546148298752.000000
1719 35714216167858696617984.000000
1720 34530047114882364473344.000000
1721 33383724114857431138304.000000
1722 32274086468051137462272.000000
1723 31200007437033530195968.000000
1724 30160393305945490325504.000000
1725 29154182464162016264192.000000
1726 28180344513769670443008.000000
1727 27237879400288011419648.000000
1728 26325816566076556705792.000000
1729 25443214125882520109056.000000
1730 24589158063994054901760.000000
1731 23762761452478326112256.000000
1732 22963163689991335313408.000000
1733 22189529760661483028480.000000
1734 21441049512555858362368.000000
1735 20716936955252820672512.000000
1736 20016429576051853623296.000000
1737 19338787674363655094272.000000
1738 18683293713833431924736.000000
1739 18049251691759061172224.000000
1740 17435986525377636859904.000000
