0 71.228157
1 74.492310
2 77.896042
3 81.444837
4 85.144370
5 89.000516
6 93.019357
7 97.207181
8 101.570498
9 106.116039
10 110.850764
11 115.781872
12 120.916803
13 126.263248
14 131.829157
15 137.622742
16 143.652487
17 149.927158
18 156.455805
19 163.247774
20 170.312713
21 177.660583
22 185.301660
23 193.246551
24 201.506198
25 210.091885
26 219.015253
27 228.288303
28 237.923407
29 247.933320
30 258.331185
31 269.130544
32 280.345349
33 291.989972
34 304.079213
35 316.628309
36 329.652948
37 343.169278
38 357.193914
39 371.743955
40 386.836989
41 402.491105
42 418.724905
43 435.557517
44 453.008600
45 471.098363
46 489.847569
47 509.277551
48 529.410222
49 550.268087
50 571.874253
51 594.252443
52 617.427005
53 641.422929
54 666.265850
55 691.982069
56 718.598559
57 746.142979
58 774.643687
59 804.129748
60 834.630950
61 866.177814
62 898.801607
63 932.534352
64 967.408839
65 1003.458642
66 1040.718124
67 1079.222452
68 1119.007610
69 1160.110405
70 1202.568483
71 1246.420340
72 1291.705328
73 1338.463673
74 1386.736479
75 1436.565742
76 1487.994359
77 1541.066139
78 1595.825812
79 1652.319036
80 1710.592413
81 1770.693489
82 1832.670769
83 1896.573726
84 1962.452801
85 2030.359421
86 2100.345997
87 2172.465937
88 2246.773651
89 2323.324554
90 2402.175074
91 2483.382660
92 2567.005778
93 2653.103925
94 2741.737624
95 2832.968434
96 2926.858946
97 3023.472791
98 3122.874633
99 3225.130180
100 3330.306174
101 3438.470397
102 3549.691664
103 3664.039827
104 3781.585765
105 3902.401387
106 4026.559621
107 4154.134413
108 4285.200720
109 4419.834500
110 4558.112710
111 4700.113291
112 4845.915160
113 4995.598200
114 5149.243252
115 5306.932092
116 5468.747430
117 5634.772884
118 5805.092972
119 5979.793093
120 6158.959506
121 6342.679315
122 6531.040447
123 6724.131631
124 6922.042377
125 7124.862947
126 7332.684339
127 7545.598254
128 7763.697069
129 7987.073813
130 8215.822135
131 8450.036271
132 8689.811015
133 8935.241683
134 9186.424079
135 9443.454460
136 9706.429498
137 9975.446239
138 10250.602066
139 10531.994657
140 10819.721941
141 11113.882053
142 11414.573293
143 11721.894074
144 12035.942877
145 12356.818201
146 12684.618511
147 13019.442188
148 13361.387474
149 13710.552417
150 14067.034815
151 14430.932160
152 14802.341579
153 15181.359770
154 15568.082947
155 15962.606774
156 16365.026300
157 16775.435898
158 17193.929196
159 17620.599008
160 18055.537269
161 18498.834966
162 18950.582061
163 19410.867427
164 19879.778769
165 20357.402554
166 20843.823934
167 21339.126671
168 21843.393059
169 22356.703849
170 22879.138167
171 23410.773438
172 23951.685305
173 24501.947547
174 25061.631997
175 25630.808465
176 26209.544648
177 26797.906055
178 27395.955916
179 28003.755102
180 28621.362041
181 29248.832633
182 29886.220162
183 30533.575217
184 31190.945603
185 31858.376254
186 32535.909154
187 33223.583247
188 33921.434353
189 34629.495085
190 35347.794763
191 36076.359332
192 36815.211277
193 37564.369539
194 38323.849435
195 39093.662576
196 39873.816785
197 40664.316016
198 41465.160276
199 42276.345548
200 43097.863712
201 43929.702469
202 44771.845267
203 45624.271226
204 46486.955069
205 47359.867049
206 48242.972878
207 49136.233664
208 50039.605843
209 50953.041115
210 51876.486381
211 52809.883687
212 53753.170159
213 54706.277954
214 55669.134205
215 56641.660965
216 57623.775163
217 58615.388556
218 59616.407685
219 60626.733833
220 61646.262987
221 62674.885803
222 63712.487572
223 64758.948188
224 65814.142126
225 66877.938412
226 67950.200608
227 69030.786788
228 70119.549528
229 71216.335896
230 72320.987439
231 73433.340183
232 74553.224632
233 75680.465767
234 76814.883057
235 77956.290469
236 79104.496477
237 80259.304084
238 81420.510843
239 82587.908879
240 83761.284922
241 84940.420337
242 86125.091164
243 87315.068156
244 88510.116824
245 89709.997488
246 90914.465329
247 92123.270444
248 93336.157911
249 94552.867850
250 95773.135495
251 96996.691266
252 98223.260845
253 99452.565261
254 100684.320972
255 101918.239954
256 103154.029800
257 104391.393808
258 105630.031092
259 106869.636680
260 108109.901629
261 109350.513131
262 110591.154637
263 111831.505974
264 113071.243469
265 114310.040079
266 115547.565519
267 116783.486403
268 118017.466377
269 119249.166261
270 120478.244202
271 121704.355811
272 122927.154325
273 124146.290755
274 125361.414049
275 126572.171248
276 127778.207654
277 128979.166991
278 130174.691581
279 131364.422508
280 132547.999797
281 133725.062589
282 134895.249316
283 136058.197887
284 137213.545865
285 138360.930655
286 139499.989685
287 140630.360600
288 141751.681443
289 142863.590852
290 143965.728247
291 145057.734022
292 146139.249741
293 147209.918327
294 148269.384261
295 149317.293775
296 150353.295047
297 151377.038393
298 152388.176469
299 153386.364459
300 154371.260275
301 155342.524746
302 156299.821817
303 157242.818739
304 158171.186259
305 159084.598814
306 159982.734720
307 160865.276359
308 161731.910365
309 162582.327812
310 163416.224393
311 164233.300604
312 165033.261923
313 165815.818983
314 166580.687750
315 167327.589695
316 168056.251959
317 168766.407521
318 169457.795361
319 170130.160620
320 170783.254758
321 171416.835700
322 172030.667997
323 172624.522959
324 173198.178809
325 173751.420810
326 174284.041407
327 174795.840355
328 175286.624839
329 175756.209603
330 176204.417063
331 176631.077415
332 177036.028750
333 177419.117150
334 177780.196789
335 178119.130023
336 178435.787481
337 178730.048143
338 179001.799419
339 179250.937223
340 179477.366035
341 179680.998967
342 179861.757813
343 180019.573105
344 180154.384152
345 180266.139083
346 180354.794879
347 180420.317398
348 180462.681401
349 180481.870567
350 180477.877502
351 180450.703744
352 180400.359764
353 180326.864956
354 180230.247629
355 180110.544984
356 179967.803094
357 179802.076872
358 179613.430038
359 179401.935074
360 179167.673183
361 178910.734235
362 178631.216705
363 178329.227619
364 178004.882478
365 177658.305187
366 177289.627978
367 176898.991323
368 176486.543846
369 176052.442229
370 175596.851114
371 175119.942994
372 174621.898113
373 174102.904341
374 173563.157068
375 173002.859071
376 172422.220394
377 171821.458215
378 171200.796707
379 170560.466905
380 169900.706559
381 169221.759985
382 168523.877920
383 167807.317362
384 167072.341416
385 166319.219133
386 165548.225344
387 164759.640494
388 163953.750474
389 163130.846445
390 162291.224667
391 161435.186318
392 160563.037316
393 159675.088139
394 158771.653637
395 157853.052851
396 156919.608823
397 155971.648407
398 155009.502082
399 154033.503759
400 153043.990587
401 152041.302764
402 151025.783340
403 149997.778024
404 148957.634988
405 147905.704674
406 146842.339597
407 145767.894150
408 144682.724410
409 143587.187945
410 142481.643616
411 141366.451385
412 140241.972124
413 139108.567422
414 137966.599393
415 136816.430490
416 135658.423312
417 134492.940421
418 133320.344156
419 132140.996449
420 130955.258642
421 129763.491311
422 128566.054086
423 127363.305475
424 126155.602693
425 124943.301491
426 123726.755987
427 122506.318501
428 121282.339392
429 120055.166902
430 118825.146991
431 117592.623192
432 116357.936455
433 115121.425002
434 113883.424179
435 112644.266321
436 111404.280611
437 110163.792946
438 108923.125806
439 107682.598132
440 106442.525196
441 105203.218488
442 103964.985595
443 102728.130094
444 101492.951442
445 100259.744871
446 99028.801292
447 97800.407192
448 96574.844550
449 95352.390744
450 94133.318468
451 92917.895652
452 91706.385387
453 90499.045854
454 89296.130251
455 88097.886738
456 86904.558369
457 85716.383043
458 84533.593446
459 83356.417010
460 82185.075866
461 81019.786804
462 79860.761239
463 78708.205179
464 77562.319196
465 76423.298406
466 75291.332442
467 74166.605446
468 73049.296050
469 71939.577370
470 70837.617001
471 69743.577014
472 68657.613959
473 67579.878873
474 66510.517281
475 65449.669217
476 64397.469236
477 63354.046432
478 62319.524460
479 61294.021564
480 60277.650601
481 59270.519075
482 58272.729170
483 57284.377787
484 56305.556585
485 55336.352019
486 54376.845389
487 53427.112886
488 52487.225643
489 51557.249784
490 50637.246480
491 49727.272007
492 48827.377804
493 47937.610533
494 47058.012141
495 46188.619926
496 45329.466604
497 44480.580375
498 43641.984993
499 42813.699838
500 41995.739990
501 41188.116298
502 40390.835462
503 39603.900104
504 38827.308846
505 38061.056394
506 37305.133611
507 36559.527600
508 35824.221787
509 35099.196000
510 34384.426552
511 33679.886327
512 32985.544862
513 32301.368428
514 31627.320119
515 30963.359935
516 30309.444867
517 29665.528981
518 29031.563505
519 28407.496910
520 27793.275003
521 27188.841002
522 26594.135630
523 26009.097192
524 25433.661663
525 24867.762773
526 24311.332086
527 23764.299087
528 23226.591263
529 22698.134183
530 22178.851582
531 21668.665441
532 21167.496063
533 20675.262158
534 20191.880916
535 19717.268090
536 19251.338065
537 18794.003939
538 18345.177597
539 17904.769783
540 17472.690173
541 17048.847446
542 16633.149356
543 16225.502801
544 15825.813889
545 15433.988006
546 15049.929885
547 14673.543666
548 14304.732959
549 13943.400913
550 13589.450268
551 13242.783420
552 12903.302478
553 12570.909322
554 12245.505655
555 11926.993063
556 11615.273061
557 11310.247152
558 11011.816872
559 10719.883842
560 10434.349815
561 10155.116719
562 9882.086708
563 9615.162202
564 9354.245928
565 9099.240965
566 8850.050780
567 8606.579267
568 8368.730786
569 8136.410198
570 7909.522896
571 7687.974844
572 7471.672603
573 7260.523366
574 7054.434983
575 6853.315995
576 6657.075653
577 6465.623952
578 6278.871648
579 6096.730287
580 5919.112222
581 5745.930638
582 5577.099570
583 5412.533921
584 5252.149481
585 5095.862943
586 4943.591918
587 4795.254948
588 4650.771524
589 4510.062093
590 4373.048073
591 4239.651860
592 4109.796841
593 3983.407403
594 3860.408935
595 3740.727842
596 3624.291545
597 3511.028491
598 3400.868154
599 3293.741038
600 3189.578685
601 3088.313670
602 2989.879608
603 2894.211150
604 2801.243988
605 2710.914850
606 2623.161500
607 2537.922736
608 2455.138390
609 2374.749319
610 2296.697409
611 2220.925564
612 2147.377704
613 2075.998760
614 2006.734671
615 1939.532370
616 1874.339788
617 1811.105838
618 1749.780411
619 1690.314372
620 1632.659546
621 1576.768712
622 1522.595595
623 1470.094858
624 1419.222089
625 1369.933794
626 1322.187389
627 1275.941184
628 1231.154381
629 1187.787054
630 1145.800149
631 1105.155464
632 1065.815643
633 1027.744162
634 990.905322
635 955.264234
636 920.786806
637 887.439739
638 855.190505
639 824.007344
640 793.859248
641 764.715950
642 736.547911
643 709.326312
644 683.023036
645 657.610664
646 633.062453
647 609.352335
648 586.454897
649 564.345373
650 542.999630
651 522.394159
652 502.506062
653 483.313040
654 464.793379
655 446.925946
656 429.690168
657 413.066028
658 397.034051
659 381.575292
660 366.671327
