0 154925173138927168.000000
1 162072046496412576.000000
2 169539592556411872.000000
3 177341773554353824.000000
4 185493140013083296.000000
5 194008854647997312.000000
6 202904717205040192.000000
7 212197190266302176.000000
8 221903426059246240.000000
9 232041294306808256.000000
10 242629411156949344.000000
11 253687169231603456.000000
12 265234768836322240.000000
13 277293250373433088.000000
14 289884528002925376.000000
15 303031424596919744.000000
16 316757708035090560.000000
17 331088128890086528.000000
18 346048459553703808.000000
19 361665534856271168.000000
20 377967294233572608.000000
21 394982825497450368.000000
22 412742410268176384.000000
23 431277571128679360.000000
24 450621120562729408.000000
25 470807211741352128.000000
26 491871391223852800.000000
27 513850653642167936.000000
28 536783498439516160.000000
29 560709988736742464.000000
30 585671812402252032.000000
31 611712345403889408.000000
32 638876717523885696.000000
33 667211880520548992.000000
34 696766678823305856.000000
35 727591922850497536.000000
36 759740465042324992.000000
37 793267278704432896.000000
38 828229539760740736.000000
39 864686711517349504.000000
40 902700632542847104.000000
41 942335607773579520.000000
42 983658502956195840.000000
43 1026738842543376640.000000
44 1071648911162359936.000000
45 1118463858779944064.000000
46 1167261809691424256.000000
47 1218123975465327872.000000
48 1271134771979758848.000000
49 1326381940690816768.000000
50 1383956674277881344.000000
51 1443953746815253504.000000
52 1506471648624482560.000000
53 1571612725966509824.000000
54 1639483325737935104.000000
55 1710193945340833280.000000
56 1783859387901014016.000000
57 1860598923015033088.000000
58 1940536453212024576.000000
59 2023800686322152960.000000
60 2110525313949798912.000000
61 2200849196255209472.000000
62 2294916553255400704.000000
63 2392877162861118464.000000
64 2494886565873540608.000000
65 2601106278171509248.000000
66 2711704010326900736.000000
67 2826853894893257728.000000
68 2946736721620412928.000000
69 3071540180855054336.000000
70 3201459115396032000.000000
71 3336695781080296960.000000
72 3477460116384832000.000000
73 3623970021337640960.000000
74 3776451646040266240.000000
75 3935139689113418752.000000
76 4100277706386237952.000000
77 4272118430159870976.000000
78 4450924099385353216.000000
79 4636966801106523136.000000
80 4830528823528616960.000000
81 5031903021083985920.000000
82 5241393191877756928.000000
83 5459314467906800640.000000
84 5685993718457678848.000000
85 5921769967100703744.000000
86 6166994822709303296.000000
87 6422032924947083264.000000
88 6687262404676719616.000000
89 6963075359759172608.000000
90 7249878346724498432.000000
91 7548092888809171968.000000
92 7858156000870273024.000000
93 8180520731699666944.000000
94 8515656724278140928.000000
95 8864050794523440128.000000
96 9226207529102198784.000000
97 9602649902892759040.000000
98 9993919916700760064.000000
99 10400579255847968768.000000
100 10823209970271311872.000000
101 11262415176786647040.000000
102 11718819784191238144.000000
103 12193071241895931904.000000
104 12685840312798720000.000000
105 13197821871130322944.000000
106 13729735726021795840.000000
107 14282327471566759936.000000
108 14856369364169408512.000000
109 15452661227993311232.000000
110 16072031389346762752.000000
111 16715337640862932992.000000
112 17383468236358207488.000000
113 18077342917272375296.000000
114 18797913971622879232.000000
115 19546167326425595904.000000
116 20323123674564390912.000000
117 21129839637114642432.000000
118 21967408962153279488.000000
119 22836963761116762112.000000
120 23739675783793086464.000000
121 24676757733065990144.000000
122 25649464620556156928.000000
123 26659095164333699072.000000
124 27706993229910069248.000000
125 28794549315743694848.000000
126 29923202084530098176.000000
127 31094439941576617984.000000
128 32309802661596114944.000000
129 33570883065289125888.000000
130 34879328747116425216.000000
131 36236843855701262336.000000
132 37645190928335675392.000000
133 39106192781102555136.000000
134 40621734456164057088.000000
135 42193765227802763264.000000
136 43824300668843687936.000000
137 45515424779126267904.000000
138 47269292177731510272.000000
139 49088130360719736832.000000
140 50974242026166788096.000000
141 52930007468340199424.000000
142 54957887042894094336.000000
143 57060423705009750016.000000
144 59240245622456426496.000000
145 61500068865590992896.000000
146 63842700176365805568.000000
147 66271039818461118464.000000
148 68788084510711848960.000000
149 71396930446044372992.000000
150 74100776398196948992.000000
151 76902926918543654912.000000
152 79806795625403400192.000000
153 82815908588263849984.000000
154 85933907809408729088.000000
155 89164554805496676352.000000
156 92511734291692797952.000000
157 95979457971017383936.000000
158 99571868431633481728.000000
159 103293243154860883968.000000
160 107147998636760694784.000000
161 111140694626201862144.000000
162 115276038482385846272.000000
163 119558889654870212608.000000
164 123994264289197735936.000000
165 128587339961309659136.000000
166 133343460543986335744.000000
167 138268141208631558144.000000
168 143367073565788471296.000000
169 148646130947846471680.000000
170 154111373837474168832.000000
171 159769055445386362880.000000
172 165625627441130471424.000000
173 171687745840657924096.000000
174 177962277054518984704.000000
175 184456304100605132800.000000
176 191177132985443450880.000000
177 198132299258124206080.000000
178 205329574741036859392.000000
179 212776974441663725568.000000
180 220482763649774813184.000000
181 228455465224454504448.000000
182 236703867075467313152.000000
183 245237029843585171456.000000
184 254064294784556695552.000000
185 263195291861525921792.000000
186 272639948050772033536.000000
187 282408495865758646272.000000
188 292511482104564121600.000000
189 302959776825867239424.000000
190 313764582558759124992.000000
191 324937443751763968000.000000
192 336490256466524635136.000000
193 348435278321747755008.000000
194 360785138693079236608.000000
195 373552849174691053568.000000
196 386751814308491034624.000000
197 400395842586932609024.000000
198 414499157735543275520.000000
199 429076410281394700288.000000
200 444142689413834145792.000000
201 459713535143921844224.000000
202 475804950769142267904.000000
203 492433415650035892224.000000
204 509615898305559461888.000000
205 527369869834067312640.000000
206 545713317666925838336.000000
207 564664759661934411776.000000
208 584243258543763030016.000000
209 604468436698836107264.000000
210 625360491332137648128.000000
211 646940209993567305728.000000
212 669228986481615962112.000000
213 692248837132217745408.000000
214 716022417500793864192.000000
215 740573039445601681408.000000
216 765924688620673433600.000000
217 792102042386707251200.000000
218 819130488148430553088.000000
219 847036142127086960640.000000
220 875845868576833404928.000000
221 905587299453918380032.000000
222 936288854547726991360.000000
223 967979762082847916032.000000
224 1000690079801449906176.000000
225 1034450716535438180352.000000
226 1069293454277957386240.000000
227 1105250970763924078592.000000
228 1142356862569491333120.000000
229 1180645668740353490944.000000
230 1220152894959069954048.000000
231 1260915038261617098752.000000
232 1302969612313573982208.000000
233 1346355173256474394624.000000
234 1391111346134951133184.000000
235 1437278851915510710272.000000
236 1484899535107838705664.000000
237 1534016391999697977344.000000
238 1584673599516662562816.000000
239 1636916544717980958720.000000
240 1690791854940046491648.000000
241 1746347428599113449472.000000
242 1803632466664948498432.000000
243 1862697504817325539328.000000
244 1923594446297360236544.000000
245 1986376595465795010560.000000
246 2051098692080541368320.000000
247 2117816946305823408128.000000
248 2186589074465478148096.000000
249 2257474335553075544064.000000
250 2330533568511564054528.000000
251 2405829230295407132672.000000
252 2483425434728221638656.000000
253 2563387992168992342016.000000
254 2645784450000223731712.000000
255 2730684133951352602624.000000
256 2818158190270846337024.000000
257 2908279628760747606016.000000
258 3001123366687225151488.000000
259 3096766273581061505024.000000
260 3195287216941927235584.000000
261 3296767108860548218880.000000
262 3401288953572828905472.000000
263 3508937895960196939776.000000
264 3619801271010513649664.000000
265 3733968654253917995008.000000
266 3851531913188123082752.000000
267 3972585259707760902144.000000
268 4097225303552473694208.000000
269 4225551106788397940736.000000
270 4357664239337998385152.000000
271 4493668835572985626624.000000
272 4633671651985424646144.000000
273 4777782125951893635072.000000
274 4926112435605875982336.000000
275 5078777560833451884544.000000
276 5235895345407459328000.000000
277 5397586560275304153088.000000
278 5563974968015735226368.000000
279 5735187388479704137728.000000
280 5911353765630812618752.000000
281 6092607235600472342528.000000
282 6279084195973204803584.000000
283 6470924376317301358592.000000
284 6668270909976363401216.000000
285 6871270407136869351424.000000
286 7080073029187090251776.000000
287 7294832564382791106560.000000
288 7515706504834774466560.000000
289 7742856124833624752128.000000
290 7976446560526774829056.000000
291 8216646890963128549376.000000
292 8463630220520086044672.000000
293 8717573762728159346688.000000
294 8978658925508129980416.000000
295 9247071397835384553472.000000
296 9523001237846357966848.000000
297 9806642962401769553920.000000
298 10098195638120846721024.000000
299 10397862973901436354560.000000
300 10705853414939822129152.000000
301 11022380238264804048896.000000
302 11347661649799546929152.000000
303 11681920882965510881280.000000
304 12025386298841719898112.000000
305 12378291487893035679744.000000
306 12740875373280730546176.000000
307 13113382315768225464320.000000
308 13496062220234943102976.000000
309 13889170643811045474304.000000
310 14292968905644947013632.000000
311 14707724198316464930816.000000
312 15133709700906583326720.000000
313 15571204693736051179520.000000
314 16020494674783767625728.000000
315 16481871477796017012736.000000
316 16955633392097018511360.000000
317 17442085284111424946176.000000
318 17941538720608382091264.000000
319 18454312093676879216640.000000
320 18980730747441563828224.000000
321 19521127106527849611264.000000
322 20075840806284834111488.000000
323 20645218824773714313216.000000
324 21229615616529524588544.000000
325 21829393248103149076480.000000
326 22444921535390178869248.000000
327 23076578182752913850368.000000
328 23724748923940965974016.000000
329 24389827664815635562496.000000
330 25072216627882510778368.000000
331 25772326498636471992320.000000
332 26490576573722636845056.000000
333 27227394910915536093184.000000
334 27983218480919435280384.000000
335 28758493320991064719360.000000
336 29553674690385743446016.000000
337 30369227227627220107264.000000
338 31205625109601000095744.000000
339 32063352212470001303552.000000
340 32942902274410495868928.000000
341 33844779060166463062016.000000
342 34769496527418226114560.000000
343 35717578994962118213632.000000
344 36689561312695787978752.000000
345 37685989033403746353152.000000
346 38707418586336544686080.000000
347 39754417452576361414656.000000
348 40827564342180449353728.000000
349 41927449373093954322432.000000
350 43054674251821413826560.000000
351 44209852455846089326592.000000
352 45393609417785782304768.000000
353 46606582711271594917888.000000
354 47849422238535768866816.000000
355 49122790419694199242752.000000
356 50427362383707022295040.000000
357 51763826161001154215936.000000
358 53132882877735394869248.000000
359 54535246951689977069568.000000
360 55971646289760311312384.000000
361 57442822487032217993216.000000
362 58949531027417751093248.000000
363 60492541485826262958080.000000
364 62072637731846710362112.000000
365 63690618134914735800320.000000
366 65347295770936497668096.000000
367 67043498630341281710080.000000
368 68780069827532501811200.000000
369 70557867811705364414464.000000
370 72377766578999445684224.000000
371 74240655885951226085376.000000
372 76147441464211224395776.000000
373 78099045236490238951424.000000
374 80096405533694221090816.000000
375 82140477313210627653632.000000
376 84232232378303051202560.000000
377 86372659598572797296640.000000
378 88562765131443200851968.000000
379 90803572644621014007808.000000
380 93096123539486765219840.000000
381 95441477175368069677056.000000
382 97840711094642371723264.000000
383 100294921248620381470720.000000
384 102805222224154572357632.000000
385 105372747470918767345664.000000
386 107998649529302761078784.000000
387 110684100258861496139776.000000
388 113430291067262489067520.000000
389 116238433139665622007808.000000
390 119109757668475405336576.000000
391 122045516083398904381440.000000
392 125046980281743211233280.000000
393 128115442858883104636928.000000
394 131252217338830765686784.000000
395 134458638404832169295872.000000
396 137736062129919854903296.000000
397 141085866207343995256832.000000
398 144509450180805108170752.000000
399 148008235674409726115840.000000
400 151583666622268056797184.000000
401 155237209497648054140928.000000
402 158970353541606962888704.000000
403 162784610991006283726848.000000
404 166681517305828789452800.000000
405 170662631395702448586752.000000
406 174729535845540760125440.000000
407 178883837140207090532352.000000
408 183127165888103154974720.000000
409 187461177043588025942016.000000
410 191887550128125865099264.000000
411 196407989450060037357568.000000
412 201024224322912138559488.000000
413 205738009282099737001984.000000
414 210551124299964682862592.000000
415 215465374999004678455296.000000
416 220482592863194426900480.000000
417 225604635447287542185984.000000
418 230833386583980001722368.000000
419 236170756588820418789376.000000
420 241618682462751271419904.000000
421 247179128092153715097600.000000
422 252854084446283806801920.000000
423 258645569771965083811840.000000
424 264555629785420929171456.000000
425 270586337861113042960384.000000
426 276739795217459485605888.000000
427 283018131099300055220224.000000
428 289423502956976190521344.000000
429 295958096621888832798720.000000
430 302624126478403418193920.000000
431 309423835631954226577408.000000
432 316359496073217660944384.000000
433 323433408838207958679552.000000
434 330647904164151084187648.000000
435 338005341640995538731008.000000
436 345508110358411240013824.000000
437 353158629048127020072960.000000
438 360959346221464068030464.000000
439 368912740301902444494848.000000
440 377021319752538262601728.000000
441 385287623198275641802752.000000
442 393714219542591500713984.000000
443 402303708078724744216576.000000
444 411058718595127776903168.000000
445 419981911475017805201408.000000
446 429075977789874181767168.000000
447 438343639386713483116544.000000
448 447787648968982869835776.000000
449 457410790170905836257280.000000
450 467215877625113315639296.000000
451 477205757023400220426240.000000
452 487383305170431256821760.000000
453 497751430030232066719744.000000
454 508313070765299870990336.000000
455 519071197768154970324992.000000
456 530028812685169894883328.000000
457 541188948432503263199232.000000
458 552554669203958163046400.000000
459 564129070470607214215168.000000
460 575915278971997683449856.000000
461 587916452698764181766144.000000
462 600135780866486205153280.000000
463 612576483880598318874624.000000
464 625241813292196219060224.000000
465 638135051744546740240384.000000
466 651259512910137392103424.000000
467 664618541418090002907136.000000
468 678215512771754524147712.000000
469 692053833256316499394560.000000
470 706136939836241700978688.000000
471 720468300042374995771392.000000
472 735051411848532647215104.000000
473 749889803537401490964480.000000
474 764987033555577346195456.000000
475 780346690357568850624512.000000
476 795972392238592773062656.000000
477 811867787155993970868224.000000
478 828036552539108932583424.000000
479 844482395087412112916480.000000
480 861209050556777824780288.000000
481 878220283533677970849792.000000
482 895519887197158311460864.000000
483 913111683068430731182080.000000
484 930999520747903934005248.000000
485 949187277639507612008448.000000
486 967678858662134933356544.000000
487 986478195948047657074688.000000
488 1005589248528095161352192.000000
489 1025016002003580015869952.000000
490 1044762468204620042731520.000000
491 1064832684834861508198400.000000
492 1085230715102387215794176.000000
493 1105960647336673069236224.000000
494 1127026594591452579233792.000000
495 1148432694233343822135296.000000
496 1170183107516103424737280.000000
497 1192282019140362620108800.000000
498 1214733636798722967863296.000000
499 1237542190706072286658560.000000
500 1260711933114997050179584.000000
501 1284247137816164679286784.000000
502 1308152099623554531721216.000000
503 1332431133844425383346176.000000
504 1357088575733894310002688.000000
505 1382128779934030064779264.000000
506 1407556119897336396644352.000000
507 1433374987294542363885568.000000
508 1459589791406587973206016.000000
509 1486204958500709313019904.000000
510 1513224931190542113439744.000000
511 1540654167780149780545536.000000
512 1568497141591891616202752.000000
513 1596758340278071899193344.000000
514 1625442265116265406267392.000000
515 1654553430288287966167040.000000
516 1684096362142716752035840.000000
517 1714075598440932663361536.000000
518 1744495687586604266815488.000000
519 1775361187838584841830400.000000
520 1806676666507172870356992.000000
521 1838446699133703758544896.000000
522 1870675868653436551561216.000000
523 1903368764541717656371200.000000
524 1936529981943392313016320.000000
525 1970164120785461666906112.000000
526 2004275784872977389060096.000000
527 2038869580968154248511488.000000
528 2073950117852738217836544.000000
529 2109522005373608100102144.000000
530 2145589853471659532484608.000000
531 2182158271193971903430656.000000
532 2219231865689294690582528.000000
533 2256815241186912543703040.000000
534 2294912997958902802808832.000000
535 2333529731265856855343104.000000
536 2372670030286124656623616.000000
537 2412338477028635026915328.000000
538 2452539645229384872230912.000000
539 2493278099231662558674944.000000
540 2534558392850104224579584.000000
541 2576385068218666782294016.000000
542 2618762654622638137147392.000000
543 2661695667314789044977664.000000
544 2705188606315769955876864.000000
545 2749245955198912831684608.000000
546 2793872179859537258348544.000000
547 2839071727268939631165440.000000
548 2884849024213182987632640.000000
549 2931208476016865192181760.000000
550 2978154465252040492711936.000000
551 3025691350432443162165248.000000
552 3073823464693235489701888.000000
553 3122555114456426687234048.000000
554 3171890578082208061325312.000000
555 3221834104506386449694720.000000
556 3272389911864151608655872.000000
557 3323562186100370288148480.000000
558 3375355079566701736493056.000000
559 3427772709605711802269696.000000
560 3480819157122298092191744.000000
561 3534498465142632343404544.000000
562 3588814637360943206498304.000000
563 3643771636674372441210880.000000
564 3699373383706222889271296.000000
565 3755623755317896187740160.000000
566 3812526583109779531497472.000000
567 3870085651911460515741696.000000
568 3928304698261551915728896.000000
569 3987187408877476980457472.000000
570 4046737419115518035492864.000000
571 4106958311421542322405376.000000
572 4167853613772708943757312.000000
573 4229426798110546145050624.000000
574 4291681278765761321500672.000000
575 4354620410875193382141952.000000
576 4418247488791266637905920.000000
577 4482565744484380542238720.000000
578 4547578345938612704509952.000000
579 4613288395541181852811264.000000
580 4679698928466080378650624.000000
581 4746812911052314013335552.000000
582 4814633239177213029384192.000000
583 4883162736625217083277312.000000
584 4952404153452648558755840.000000
585 5022360164348921087262720.000000
586 5093033366994648175738880.000000
587 5164426280417133514981376.000000
588 5236541343343780376346624.000000
589 5309380912553850667270144.000000
590 5382947261229141655027712.000000
591 5457242577304047436431360.000000
592 5532268961815573162885120.000000
593 5608028427253785204621312.000000
594 5684522895913269558509568.000000
595 5761754198246120337965056.000000
596 5839724071217032796831744.000000
597 5918434156661009840865280.000000
598 5997885999644316608233472.000000
599 6078081046829186703949824.000000
600 6159020644842895342305280.000000
601 6240706038651771701690368.000000
602 6323138369940735681101824.000000
603 6406318675498951763820544.000000
604 6490247885612220611035136.000000
605 6574926822462673173610496.000000
606 6660356198536424451997696.000000
607 6746536615039763503644672.000000
608 6833468560324532532936704.000000
609 6921152408323286695411712.000000
610 7009588416994898188697600.000000
611 7098776726781206999334912.000000
612 7188717359075387246641152.000000
613 7279410214702643303940096.000000
614 7370855072413885310959616.000000
615 7463051587393072345907200.000000
616 7555999289778784824197120.000000
617 7649697583200798144200704.000000
618 7744145743332208409575424.000000
619 7839342916457846815064064.000000
620 7935288118059579696218112.000000
621 8031980231419213650067456.000000
622 8129418006239646750605312.000000
623 8227600057284917620375552.000000
624 8326524863039839552929792.000000
625 8426190764389887553568768.000000
626 8526595963321997575847936.000000
627 8627738521646940452552704.000000
628 8729616359743977043263488.000000
629 8832227255328388377739264.000000
630 8935568842242649594265600.000000
631 9039638609271812461166592.000000
632 9144433898983839510822912.000000
633 9249951906595493229101056.000000
634 9356189678864528698245120.000000
635 9463144113008707236790272.000000
636 9570811955652470702604288.000000
637 9679189801801744610492416.000000
638 9788274093847689329377280.000000
639 9898061120599909386420224.000000
640 10008547016349882161037312.000000
641 10119727759965121364885504.000000
642 10231599174014882761670656.000000
643 10344156923927815853703168.000000
644 10457396517182420528660480.000000
645 10571313302530783260442624.000000
646 10685902469256237109215232.000000
647 10801159046465581175799808.000000
648 10917077902416460805832704.000000
649 11033653743880475479375872.000000
650 11150881115542611386433536.000000
651 11268754399437653670887424.000000
652 11387267814424007839580160.000000
653 11506415415695636858667008.000000
654 11626191094332610005958656.000000
655 11746588576890823972487168.000000
656 11867601425031407314403328.000000
657 11989223035190411698110464.000000
658 12111446638289232320266240.000000
659 12234265299486335175753728.000000
660 12357671917970763620024320.000000
661 12481659226797890229764096.000000
662 12606219792767961570213888.000000
663 12731346016347856775938048.000000
664 12857030131636523801509888.000000
665 12983264206374542166196224.000000
666 13110040141998284639043584.000000
667 13237349673739032199168000.000000
668 13365184370767503980232704.000000
669 13493535636384184451203072.000000
670 13622394708255838675402752.000000
671 13751752658698552802803712.000000
672 13881600395007701374992384.000000
673 14011928659835163565359104.000000
674 14142728031614110477058048.000000
675 14273988925031674883866624.000000
676 14405701591549808356622336.000000
677 14537856119974639307849728.000000
678 14670442437074514490687488.000000
679 14803450308247084729368576.000000
680 14936869338235561582788608.000000
681 15070688971894469211193344.000000
682 15204898495005000967651328.000000
683 15339487035140229822414848.000000
684 15474443562580322944024576.000000
685 15609756891277880696242176.000000
686 15745415679873601914273792.000000
687 15881408432762337737310208.000000
688 16017723501209617749245952.000000
689 16154349084518824521236480.000000
690 16291273231248960721518592.000000
691 16428483840483109724225536.000000
692 16565968663147662731640832.000000
693 16703715303382205035708416.000000
694 16841711219960162350530560.000000
695 16979943727760097694187520.000000
696 17118399999287673852264448.000000
697 17257067066248118214328320.000000
698 17395931821169228638060544.000000
699 17534981019074688412811264.000000
700 17674201279207653815353344.000000
701 17813579086804399509471232.000000
702 17953100794917903677784064.000000
703 18092752626291155989954560.000000
704 18232520675279977953886208.000000
705 18372390909825158081413120.000000
706 18512349173473614105673728.000000
707 18652381187448350321934336.000000
708 18792472552766890076798976.000000
709 18932608752407861283258368.000000
710 19072775153525511623278592.000000
711 19212957009711616567017472.000000
712 19353139463304595525074944.000000
713 19493307547745320737701888.000000
714 19633446189979292483452928.000000
715 19773540212904641588887552.000000
716 19913574337865658591608832.000000
717 20053533187191218196447232.000000
718 20193401286777733952569344.000000
719 20333163068716033266155520.000000
720 20472802873961718956949504.000000
721 20612304955048355933716480.000000
722 20751653478842997657305088.000000
723 20890832529343433916022784.000000
724 21029826110516515668230144.000000
725 21168618149176968541634560.000000
726 21307192497906016384450560.000000
727 21445532938009222162939904.000000
728 21583623182512661442068480.000000
729 21721446879196981772681216.000000
730 21858987613668437452128256.000000
731 21996228912466173808869376.000000
732 22133154246205103881060352.000000
733 22269747032753466956054528.000000
734 22405990640444390365986816.000000
735 22541868391320453812060160.000000
736 22677363564410706461720576.000000
737 22812459399038981472518144.000000
738 22947139098162863697559552.000000
739 23081385831742284075368448.000000
740 23215182740136937545269248.000000
741 23348512937531536645816320.000000
742 23481359515388028917907456.000000
743 23613705545923725845594112.000000
744 23745534085614544470671360.000000
745 23876828178722193449943040.000000
746 24007570860844491806343168.000000
747 24137745162487613488103424.000000
748 24267334112659476051918848.000000
749 24396320742482989274890240.000000
750 24524688088828326176620544.000000
751 24652419197962988090818560.000000
752 24779497129218736073474048.000000
753 24905904958674190351728640.000000
754 25031625782852032661553152.000000
755 25156642722429780682080256.000000
756 25280938925962863256272896.000000
757 25404497573619038620221440.000000
758 25527301880922871445848064.000000
759 25649335102509194955194368.000000
760 25770580535884428529893376.000000
761 25891021525194475210539008.000000
762 26010641464998176883736576.000000
763 26129423804044987127037952.000000
764 26247352049055770790068224.000000
765 26364409768505574965641216.000000
766 26480580596406988371394560.000000
767 26595848236093135659204608.000000
768 26710196463998846363500544.000000
769 26823609133438971991293952.000000
770 26936070178382519814062080.000000
771 27047563617221396475674624.000000
772 27158073556532606070161408.000000
773 27267584194832532594753536.000000
774 27376079826322237331341312.000000
775 27483544844622370997010432.000000
776 27589963746496639806734336.000000
777 27695321135562390929145856.000000
778 27799601725987260773433344.000000
779 27902790346170571847368704.000000
780 28004871942408181106343936.000000
781 28105831582539680281788416.000000
782 28205654459576612454137856.000000
783 28304325895310480804675584.000000
784 28401831343899428559781888.000000
785 28498156395432181378318336.000000
786 28593286779468255749734400.000000
787 28687208368552990293884928.000000
788 28779907181706390645243904.000000
789 28871369387884456481652736.000000
790 28961581309411856826236928.000000
791 29050529425384703787008000.000000
792 29138200375042329517490176.000000
793 29224580961106829447790592.000000
794 29309658153089173490237440.000000
795 29393419090560828657631232.000000
796 29475851086389681913331712.000000
797 29556941629939086432141312.000000
798 29636678390228974710030336.000000
799 29715049219057934716108800.000000
800 29792042154085033611100160.000000
801 29867645421870405484806144.000000
802 29941847440873460651261952.000000
803 30014636824407737249038336.000000
804 30086002383551158196109312.000000
805 30155933130010847390728192.000000
806 30224418278941427121520640.000000
807 30291447251715645635559424.000000
808 30357009678646561770307584.000000
809 30421095401660139893161984.000000
810 30483694476917370385334272.000000
811 30544797177384919237656576.000000
812 30604393995353413405114368.000000
813 30662475644902481451810816.000000
814 30719033064311518694211584.000000
815 30774057418415489647902720.000000
816 30827540100904745575645184.000000
817 30879472736568157057056768.000000
818 30929847183478590917312512.000000
819 30978655535120087269769216.000000
820 31025890122455877679054848.000000
821 31071543515936441285738496.000000
822 31115608527446993302192128.000000
823 31158078212193602720759808.000000
824 31198945870527200499859456.000000
825 31238205049704954242007040.000000
826 31275849545588219089780736.000000
827 31311873404276523673845760.000000
828 31346270923676933983043584.000000
829 31379036655008271170535424.000000
830 31410165404239590590513152.000000
831 31439652233462393784500224.000000
832 31467492462196049431232512.000000
833 31493681668626036713062400.000000
834 31518215690774388328628224.000000
835 31541090627602041094012928.000000
836 31562302840042625980956672.000000
837 31581848951967306750099456.000000
838 31599725851080345056706560.000000
839 31615930689745022661689344.000000
840 31630460885739620100210688.000000
841 31643314122943219879641088.000000
842 31654488351951007789350912.000000
843 31663981790618844689072128.000000
844 31671792924537022876483584.000000
845 31677920507432867731603456.000000
846 31682363561502128803414016.000000
847 31685121377669065849438208.000000
848 31686193515775010784935936.000000
849 31685579804695469966229504.000000
850 31683280342385655139008512.000000
851 31679295495854382922072064.000000
852 31673625901066514625200128.000000
853 31666272462773734537691136.000000
854 31657236354273963040309248.000000
855 31646519017099327231229952.000000
856 31634122160632890929446912.000000
857 31620047761654264314724352.000000
858 31604298063814256412852224.000000
859 31586875577038763699732480.000000
860 31567783076862152522334208.000000
861 31547023603690302840242176.000000
862 31524600461993712719757312.000000
863 31500517219430796724535296.000000
864 31474777705901872124002304.000000
865 31447386012534099207520256.000000
866 31418346490597706416783360.000000
867 31387663750354024282456064.000000
868 31355342659835654582566912.000000
869 31321388343559260053962752.000000
870 31285806181171451398193152.000000
871 31248601806028308452737024.000000
872 31209781103708934959529984.000000
873 31169350210463824319873024.000000
874 31127315511598315508596736.000000
875 31083683639792015320809472.000000
876 31038461473354612152991744.000000
877 30991656134418802872942592.000000
878 30943274987071019973345280.000000
879 30893325635420573189275648.000000
880 30841815921607948608995328.000000
881 30788753923753072731881472.000000
882 30734147953844121294077952.000000
883 30678006555567783394934784.000000
884 30620338502081814147891200.000000
885 30561152793730447086452736.000000
886 30500458655703834556366848.000000
887 30438265535642044374974464.000000
888 30374583101184755219038208.000000
889 30309421237467355115683840.000000
890 30242790044564400814161920.000000
891 30174699834881447355744256.000000
892 30105161130496033820770304.000000
893 30034184660448959124209664.000000
894 29961781357986651018625024.000000
895 29887962357755775060803584.000000
896 29812738992950981190221824.000000
897 29736122792416857366200320.000000
898 29658125477705121055899648.000000
899 29578758960088118020014080.000000
900 29498035337529611943673856.000000
901 29415966891614097568169984.000000
902 29332566084435530676699136.000000
903 29247845555446776309219328.000000
904 29161818118270690034450432.000000
905 29074496757474172308815872.000000
906 28985894625306110750359552.000000
907 28896025038400541767499776.000000
908 28804901474446070924705792.000000
909 28712537568822780405743616.000000
910 28618947111207723086118912.000000
911 28524144042150291704905728.000000
912 28428142449618536877785088.000000
913 28330956565517735326384128.000000
914 28232600762182299245608960.000000
915 28133089548842345363931136.000000
916 28032437568066036093157376.000000
917 27930659592179019912577024.000000
918 27827770519662053319245824.000000
919 27723785371528178733940736.000000
920 27618719287680570759315456.000000
921 27512587523252339280445440.000000
922 27405405444929543538212864.000000
923 27297188527258529572061184.000000
924 27187952348939064205901824.000000
925 27077712589104197585076224.000000
926 26966485023588361797894144.000000
927 26854285521184796503441408.000000
928 26741130039893538516238336.000000
929 26627034623161306787610624.000000
930 26512015396114390885335040.000000
931 26396088561785848641617920.000000
932 26279270397338245625020416.000000
933 26161577250283083192598528.000000
934 26043025534698246562119680.000000
935 25923631727444572415983616.000000
936 25803412364382815937101824.000000
937 25682384036592215572611072.000000
938 25560563386591828051492864.000000
939 25437967104565806182170624.000000
940 25314611924593895035371520.000000
941 25190514620888194484273152.000000
942 25065692004037442232385536.000000
943 24940160917260007035109376.000000
944 24813938232666579957448704.000000
945 24687040847533929467478016.000000
946 24559485680590673848303616.000000
947 24431289668316260634460160.000000
948 24302469761254295534043136.000000
949 24173042920341255923695616.000000
950 24043026113251701312978944.000000
951 23912436310761093174657024.000000
952 23781290483127250638077952.000000
953 23649605596491442773032960.000000
954 23517398609300324349902848.000000
955 23384686468749552594714624.000000
956 23251486107250162975899648.000000
957 23117814438918799239413760.000000
958 22983688356092583671234560.000000
959 22849124725869795818340352.000000
960 22714140386677197186793472.000000
961 22578752144864946809733120.000000
962 22442976771330061168017408.000000
963 22306830998169333291548672.000000
964 22170331515362557149839360.000000
965 22033494967486954979983360.000000
966 21896337950463692315295744.000000
967 21758877008337236628865024.000000
968 21621128630088487304953856.000000
969 21483109246482415672623104.000000
970 21344835226950992490659840.000000
971 21206322876512218927595520.000000
972 21067588432725969706418176.000000
973 20928648062687434392993792.000000
974 20789517860058745238716416.000000
975 20650213842139684930584576.000000
976 20510751946977959580008448.000000
977 20371148030519762799820800.000000
978 20231417863801356718964736.000000
979 20091577130182095136620544.000000
980 19951641422619691974656000.000000
981 19811626240988138755325952.000000
982 19671546989438975478857728.000000
983 19531418973806310037913600.000000
984 19391257399056264773763072.000000
985 19251077366781174444195840.000000
986 19110893872739169110851584.000000
987 18970721804439468363481088.000000
988 18830575938773951669338112.000000
989 18690470939695307642896384.000000
990 18550421355942219649908736.000000
991 18410441618811950670544896.000000
992 18270546039980686051377152.000000
993 18130748809371984186048512.000000
994 17991063993073588527693824.000000
995 17851505531302978890235904.000000
996 17712087236421885376856064.000000
997 17572822791000031223611392.000000
998 17433725745928330043981824.000000
999 17294809518581765107613696.000000
1000 17156087391032158959173632.000000
1001 17017572508310945046462464.000000
1002 16879277876722156106153984.000000
1003 16741216362205753861210112.000000
1004 16603400688751407404154880.000000
1005 16465843436862761068396544.000000
1006 16328557042072385061126144.000000
1007 16191553793507333695864832.000000
1008 16054845832505470138449920.000000
1009 15918445151282448144793600.000000
1010 15782363591649456017113088.000000
1011 15646612843781662649090048.000000
1012 15511204445037303382933504.000000
1013 15376149778827373466091520.000000
1014 15241460073535862535618560.000000
1015 15107146401490403428663296.000000
1016 14973219677983253714698240.000000
1017 14839690660342476805505024.000000
1018 14706569947053129369387008.000000
1019 14573867976928382035165184.000000
1020 14441595028330302803017728.000000
1021 14309761218440137805922304.000000
1022 14178376502577904738107392.000000
1023 14047450673571019777638400.000000
1024 13916993361171734664839168.000000
1025 13787014031523117648576512.000000
1026 13657521986673312012435456.000000
1027 13528526364137750058237952.000000
1028 13400036136509036931579904.000000
1029 13272060111114177871872000.000000
1030 13144606929718792404598784.000000
1031 13017685068277993353248768.000000
1032 12891302836733544123858944.000000
1033 12765468378856909862600704.000000
1034 12640189672137818086834176.000000
1035 12515474527717933652639744.000000
1036 12391330590369207824678912.000000
1037 12267765338516471951654912.000000
1038 12144786084303865577996288.000000
1039 12022399973704570710786048.000000
1040 11900613986673485022232576.000000
1041 11779434937342260609548288.000000
1042 11658869474256278815506432.000000
1043 11538924080653032828698624.000000
1044 11419605074781434879672320.000000
1045 11300918610261485392232448.000000
1046 11182870676483823053570048.000000
1047 11065467099048573835149312.000000
1048 10948713540242998600663040.000000
1049 10832615499557301498413056.000000
1050 10717178314238171788869632.000000
1051 10602407159879292455747584.000000
1052 10488307051048459118313472.000000
1053 10374882841950506086039552.000000
1054 10262139227125620796293120.000000
1055 10150080742182320785588224.000000
1056 10038711764564541291102208.000000
1057 9928036514352240776970240.000000
1058 9818059055094841485557760.000000
1059 9708783294676918750674944.000000
1060 9600212986215515228733440.000000
1061 9492351728988432581525504.000000
1062 9385202969392853144305664.000000
1063 9278770001933652702789632.000000
1064 9173055970240778387587072.000000
1065 9068063868115006638784512.000000
1066 8963796540601447733002240.000000
1067 8860256685090153701572608.000000
1068 8757446852443117749010432.000000
1069 8655369448147085351190528.000000
1070 8554026733491403939119104.000000
1071 8453420826770394698481664.000000
1072 8353553704509404671377408.000000
1073 8254427202714023764164608.000000
1074 8156043018141722558332928.000000
1075 8058402709595228024602624.000000
1076 7961507699237046582247424.000000
1077 7865359273924362483269632.000000
1078 7769958586563745659486208.000000
1079 7675306657484918486990848.000000
1080 7581404375832965140185088.000000
1081 7488252500978297414352896.000000
1082 7395851663943719886782464.000000
1083 7304202368847939433922560.000000
1084 7213304994364836204773376.000000
1085 7123159795197858247868416.000000
1086 7033766903568893399269376.000000
1087 6945126330720929089323008.000000
1088 6857237968433893404049408.000000
1089 6770101590552997722587136.000000
1090 6683716854528976414048256.000000
1091 6598083302969519219146752.000000
1092 6513200365201351929495552.000000
1093 6429067358842255621226496.000000
1094 6345683491382428516220928.000000
1095 6263047861774595617980416.000000
1096 6181159462032184296079360.000000
1097 6100017178835023579578368.000000
1098 6019619795141914324369408.000000
1099 5939965991809485065158656.000000
1100 5861054349216736551632896.000000
1101 5782883348894693000740864.000000
1102 5705451375160544811024384.000000
1103 5628756716755752310538240.000000
1104 5552797568487498505519104.000000
1105 5477572032872951811407872.000000
1106 5403078121785744986996736.000000
1107 5329313758104170981752832.000000
1108 5256276777360496548380672.000000
1109 5183964929390894330675200.000000
1110 5112375879985440449626112.000000
1111 5041507212537661117956096.000000
1112 4971356429693109665792000.000000
1113 4901920954996466097586176.000000
1114 4833198134536650763534336.000000
1115 4765185238589489899634688.000000
1116 4697879463257379522478080.000000
1117 4631277932105547709939712.000000
1118 4565377697794388597407744.000000
1119 4500175743707441277173760.000000
1120 4435668985574526659067904.000000
1121 4371854273089626217381888.000000
1122 4308728391523046820675584.000000
1123 4246288063327456643252224.000000
1124 4184529949737361587830784.000000
1125 4123450652361598628265984.000000
1126 4063046714768470799548416.000000
1127 4003314624063112591966208.000000
1128 3944250812456700276113408.000000
1129 3885851658827110948012032.000000
1130 3828113490270715151122432.000000
1131 3771032583644869820416000.000000
1132 3714605167100833449377792.000000
1133 3658827421606690626207744.000000
1134 3603695482460012671926272.000000
1135 3549205440789881791971328.000000
1136 3495353345048008695218176.000000
1137 3442135202488580218814464.000000
1138 3389546980636587850727424.000000
1139 3337584608744322543648768.000000
1140 3286243979235760405479424.000000
1141 3235520949138562241003520.000000
1142 3185411341503429246713856.000000
1143 3135910946810555013267456.000000
1144 3087015524362933854273536.000000
1145 3038720803666280111407104.000000
1146 2991022485795335097548800.000000
1147 2943916244746332434071552.000000
1148 2897397728775428508745728.000000
1149 2851462561722873642221568.000000
1150 2806106344322735521398784.000000
1151 2761324655498001490378752.000000
1152 2717113053640861056761856.000000
1153 2673467077878014531338240.000000
1154 2630382249320832781254656.000000
1155 2587854072300233878929408.000000
1156 2545878035586108606119936.000000
1157 2504449613591173480316928.000000
1158 2463564267559118696349696.000000
1159 2423217446736918912958464.000000
1160 2383404589531215079407616.000000
1161 2344121124648637110943744.000000
1162 2305362472219991177428992.000000
1163 2267124044908199399129088.000000
1164 2229401248999925109227520.000000
1165 2192189485480804226170880.000000
1166 2155484151094214821675008.000000
1167 2119280639383511064641536.000000
1168 2083574341717691207778304.000000
1169 2048360648300426870915072.000000
1170 2013634949162438320193536.000000
1171 1979392635137157492637696.000000
1172 1945629098819676350185472.000000
1173 1912339735508940834734080.000000
1174 1879519944133187739844608.000000
1175 1847165128158617519783936.000000
1176 1815270696481292835356672.000000
1177 1783832064302285921976320.000000
1178 1752844653986062968815616.000000
1179 1722303895902146311225344.000000
1180 1692205229250063026356224.000000
1181 1662544102867609728319488.000000
1182 1633315976022481881268224.000000
1183 1604516319187290178977792.000000
1184 1576140614798019020193792.000000
1185 1548184357995977277177856.000000
1186 1520643057353303902912512.000000
1187 1493512235582073205686272.000000
1188 1466787430227084616663040.000000
1189 1440464194342396274671616.000000
1190 1414538097151678127013888.000000
1191 1389004724692478767136768.000000
1192 1363859680444474997080064.000000
1193 1339098585941796188061696.000000
1194 1314717081369529202769920.000000
1195 1290710826144487362789376.000000
1196 1267075499480355398746112.000000
1197 1243806800937306483064832.000000
1198 1220900450956210530680832.000000
1199 1198352191377542752501760.000000
1200 1176157785945110170566656.000000
1201 1154313020794710851059712.000000
1202 1132813704927860743995392.000000
1203 1111655670670705033216000.000000
1204 1090834774118246872252416.000000
1205 1070346895564031884525568.000000
1206 1050187939915412176633856.000000
1207 1030353837094542604500992.000000
1208 1010840542425239080927232.000000
1209 991644037005853677584384.000000
1210 972760328068295773126656.000000
1211 954185449323371582980096.000000
1212 935915461292572530442240.000000
1213 917946451626471372881920.000000
1214 900274535409892513021952.000000
1215 882895855453991786774528.000000
1216 865806582575424102989824.000000
1217 849002915862751674892288.000000
1218 832481082930248133115904.000000
1219 816237340159278640529408.000000
1220 800267972927405393182720.000000
1221 784569295825389500760064.000000
1222 769137652862263729586176.000000
1223 753969417658632606056448.000000
1224 739060993628383356125184.000000
1225 724408814148963776069632.000000
1226 710009342720410107510784.000000
1227 695859073113293896810496.000000
1228 681954529505755611004928.000000
1229 668292266609804996247552.000000
1230 654868869787063332896768.000000
1231 641680955154109722263552.000000
1232 628725169677627362902016.000000
1233 615998191259501885128704.000000
1234 603496728812061796073472.000000
1235 591217522323635719634944.000000
1236 579157342914591317819392.000000
1237 567312992884046012874752.000000
1238 555681305747410571493376.000000
1239 544259146264949026717696.000000
1240 533043410461531232534528.000000
1241 522031025637743407398912.000000
1242 511218950372537659293696.000000
1243 500604174517596720201728.000000
1244 490183719183575353917440.000000
1245 479954636718404261642240.000000
1246 469914010677821036298240.000000
1247 460058955788295467958272.000000
1248 450386617902533883985920.000000
1249 440894173947713250394112.000000
1250 431578831866627167879168.000000
1251 422437830551909856968704.000000
1252 413468439773496173658112.000000
1253 404667960099495292698624.000000
1254 396033722810633549774848.000000
1255 387563089808433342316544.000000
1256 379253453517291767463936.000000
1257 371102236780617374105600.000000
1258 363106892751187969310720.000000
1259 355264904775882890018816.000000
1260 347573786274952613199872.000000
1261 340031080615980390416384.000000
1262 332634360982687170166784.000000
1263 325381230238733621526528.000000
1264 318269320786676696481792.000000
1265 311296294422220921372672.000000
1266 304459842183921519296512.000000
1267 297757684198482607341568.000000
1268 291187569521793578303488.000000
1269 284747275975852984107008.000000
1270 278434609981717057896448.000000
1271 272247406388615917338624.000000
1272 266183528299375089418240.000000
1273 260240866892279057481728.000000
1274 254417341239514571472896.000000
1275 248710898122323644121088.000000
1276 243119511842999444176896.000000
1277 237641184033857962246144.000000
1278 232273943463307453136896.000000
1279 227015845839149067141120.000000
1280 221864973609226681188352.000000
1281 216819435759554174910464.000000
1282 211877367610037155921920.000000
1283 207036930607909326290944.000000
1284 202296312119003078197248.000000
1285 197653725216964310204416.000000
1286 193107408470529441529856.000000
1287 188655625728975790145536.000000
1288 184296665905851380269056.000000
1289 180028842761096284602368.000000
1290 175850494681659184513024.000000
1291 171759984460712294481920.000000
1292 167755699075569072209920.000000
1293 163836049464403330859008.000000
1294 159999470301868101468160.000000
1295 156244419773711620505600.000000
1296 152569379350483824541696.000000
1297 148972853560426515922944.000000
1298 145453369761639155367936.000000
1299 142009477913606315048960.000000
1300 138639750348177372348416.000000
1301 135342781540081273405440.000000
1302 132117187877059313008640.000000
1303 128961607429701427527680.000000
1304 125874699721059367649280.000000
1305 122855145496121341640704.000000
1306 119901646491218777997312.000000
1307 117012925203442466553856.000000
1308 114187724660140605964288.000000
1309 111424808188567862902784.000000
1310 108722959185755202650112.000000
1311 106080980888669025992704.000000
1312 103497696144722409553920.000000
1313 100971947182705289986048.000000
1314 98502595384192782041088.000000
1315 96088521055494410862592.000000
1316 93728623200201552691200.000000
1317 91421819292390764052480.000000
1318 89167045050538028695552.000000
1319 86963254212198330793984.000000
1320 84809418309501926244352.000000
1321 82704526445519002664960.000000
1322 80647585071540895481856.000000
1323 78637617765325356400640.000000
1324 76673665010352766582784.000000
1325 74754783976136688795648.000000
1326 72880048299632589012992.000000
1327 71048547867785210888192.000000
1328 69259388601255497564160.000000
1329 67511692239365992349696.000000
1330 65804596126300151742464.000000
1331 64137252998593084653568.000000
1332 62508830773947934965760.000000
1333 60918512341409515700224.000000
1334 59365495352929026048000.000000
1335 57848992016348221538304.000000
1336 56368228889833647374336.000000
1337 54922446677788248244224.000000
1338 53510900028266090856448.000000
1339 52132857331917537673216.000000
1340 50787600522486615113728.000000
1341 49474424878885372952576.000000
1342 48192638828866164490240.000000
1343 46941563754312617689088.000000
1344 45720533798168591073280.000000
1345 44528895673024190087168.000000
1346 43366008471375017148416.000000
1347 42231243477572271472640.000000
1348 41123983981477439209472.000000
1349 40043625093836992151552.000000
1350 38989573563389501767680.000000
1351 37961247595717659197440.000000
1352 36958076673856274169856.000000
1353 35979501380666776354816.000000
1354 35024973222987157209088.000000
1355 34093954457566445568000.000000
1356 33185917918790654361600.000000
1357 32300346848207236497408.000000
1358 31436734725854207148032.000000
1359 30594585103398135136256.000000
1360 29773411439086556676096.000000
1361 28972736934516946370560.000000
1362 28192094373225953230848.000000
1363 27431025961100461998080.000000
1364 26689083168611746447360.000000
1365 25965826574873490620416.000000
1366 25260825713523170476032.000000
1367 24573658920426452025344.000000
1368 23903913183202890481664.000000
1369 23251183992570808107008.000000
1370 22615075195508955807744.000000
1371 21995198850231087136768.000000
1372 21391175082970735181824.000000
1373 20802631946570228039680.000000
1374 20229205280870386106368.000000
1375 19670538574894521647104.000000
1376 19126282830821082529792.000000
1377 18596096429738703192064.000000
1378 18079644999176102608896.000000
1379 17576601282399931727872.000000
1380 17086645009472525697024.000000
1381 16609462770061130334208.000000
1382 16144747887990251978752.000000
1383 15692200297527737581568.000000
1384 15251526421395063963648.000000
1385 14822439050492334047232.000000
1386 14404657225327383150592.000000
1387 13997906119138603958272.000000
1388 13601916922700868091904.000000
1389 13216426730802873630720.000000
1390 12841178430384814161920.000000
1391 12475920590324516257792.000000
1392 12120407352859848343552.000000
1393 11774398326635478646784.000000
1394 11437658481360946331648.000000
1395 11109958044067714564096.000000
1396 10791072396951890690048.000000
1397 10480781976789590212608.000000
1398 10178872175911470366720.000000
1399 9885133244722841649152.000000
1400 9599360195755583209472.000000
1401 9321352709237889826816.000000
1402 9050915040167750270976.000000
1403 8787855926876145975296.000000
1404 8531988501065218654208.000000
1405 8283130199307066540032.000000
1406 8041102675988826816512.000000
1407 7805731717688764399616.000000
1408 7576847158969142083584.000000
1409 7354282799570509365248.000000
1410 7137876322992734076928.000000
1411 6927469216447547310080.000000
1412 6722906692167556661248.000000
1413 6524037610056503525376.000000
1414 6330714401665755119616.000000
1415 6142792995481477709824.000000
1416 5960132743507404128256.000000
1417 5782596349127874838528.000000
1418 5610049796235779375104.000000
1419 5442362279610165493760.000000
1420 5279406136528011788288.000000
1421 5121056779595103076352.000000
1422 4967192630780362752000.000000
1423 4817695056638644322304.000000
1424 4672448304706589032448.000000
1425 4531339441056209436672.000000
1426 4394258288991128256512.000000
1427 4261097368870270271488.000000
1428 4131751839043749937152.000000
1429 4006119437886115282944.000000
1430 3884100426911643074560.000000
1431 3765597534956949602304.000000
1432 3650515903415857446912.000000
1433 3538763032511797788672.000000
1434 3430248728592851140608.000000
1435 3324885052434899533824.000000
1436 3222586268538146127872.000000
1437 3123268795402520363008.000000
1438 3026851156767565414400.000000
1439 2933253933802397368320.000000
1440 2842399718231536304128.000000
1441 2754213066382406320128.000000
1442 2668620454140465119232.000000
1443 2585550232798051696640.000000
1444 2504932585782950494208.000000
1445 2426699486253153779712.000000
1446 2350784655543985504256.000000
1447 2277123522454163292160.000000
1448 2205653183357377052672.000000
1449 2136312363126081191936.000000
1450 2069041376854349447168.000000
1451 2003782092366708473856.000000
1452 1940477893500033302528.000000
1453 1879073644145717542912.000000
1454 1819515653039399370752.000000
1455 1761751639285711765504.000000
1456 1705730698605633732608.000000
1457 1651403270294122004480.000000
1458 1598721104875858690048.000000
1459 1547637232447092948992.000000
1460 1498105931691647827968.000000
1461 1450082699559339032576.000000
1462 1403524221595143110656.000000
1463 1358388342907613741056.000000
1464 1314634039765189525504.000000
1465 1272221391809117683712.000000
1466 1231111554871947952128.000000
1467 1191266734390558588928.000000
1468 1152650159402942464000.000000
1469 1115226057118023417856.000000
1470 1078959628047941763072.000000
1471 1043817021692424486912.000000
1472 1009765312764893855744.000000
1473 976772477950190944256.000000
1474 944807373183921684480.000000
1475 913839711443484540928.000000
1476 883840041041095163904.000000
1477 854779724409151684608.000000
1478 826630917368489836544.000000
1479 799366548870173687808.000000
1480 772960301201610113024.000000
1481 747386590647918133248.000000
1482 722620548599611260928.000000
1483 698638003097762136064.000000
1484 675415460807995162624.000000
1485 652930089414730055680.000000
1486 631159700427272749056.000000
1487 610082732389456543744.000000
1488 589678234484666793984.000000
1489 569925850528210747392.000000
1490 550805803339127062528.000000
1491 532298879483650441216.000000
1492 514386414382659403776.000000
1493 497050277775586951168.000000
1494 480272859533362069504.000000
1495 464037055813104697344.000000
1496 448326255547386560512.000000
1497 433124327261019111424.000000
1498 418415606208420773888.000000
1499 404184881824753254400.000000
1500 390417385484128616448.000000
1501 377098778558285873152.000000
1502 364215140769280884736.000000
1503 351752958829825359872.000000
1504 339699115365015814144.000000
1505 328040878109327687680.000000
1506 316765889372840525824.000000
1507 305862155770770620416.000000
1508 295318038210498658304.000000
1509 285122242130388615168.000000
1510 275263807984778772480.000000
1511 265732101969661722624.000000
1512 256516806983636647936.000000
1513 247607913818846363648.000000
1514 238995712576690978816.000000
1515 230670784303218393088.000000
1516 222623992839186972672.000000
1517 214846476879887695872.000000
1518 207329642239914475520.000000
1519 200065154318148730880.000000
1520 193044930758342049792.000000
1521 186261134300738813952.000000
1522 179706165820303343616.000000
1523 173372657547169234944.000000
1524 167253466465052459008.000000
1525 161341667883419271168.000000
1526 155630549179309457408.000000
1527 150113603704787140608.000000
1528 144784524856074977280.000000
1529 139637200300510330880.000000
1530 134665706357533949952.000000
1531 129864302530009759744.000000
1532 125227426182244663296.000000
1533 120749687361150353408.000000
1534 116425863757074235392.000000
1535 112250895800884215808.000000
1536 108219881893978259456.000000
1537 104328073767952449536.000000
1538 100570871970731442176.000000
1539 96943821476037410816.000000
1540 93442607413135654912.000000
1541 90063050913866301440.000000
1542 86801105074031804416.000000
1543 83652851026277236736.000000
1544 80614494121662889984.000000
1545 77682360217185632256.000000
1546 74852892066574663680.000000
1547 72122645811738247168.000000
1548 69488287572301209600.000000
1549 66946590130729517056.000000
1550 64494429710594220032.000000
1551 62128782845581352960.000000
1552 59846723336911314944.000000
1553 57645419296881278976.000000
1554 55522130276298940416.000000
1555 53474204473626337280.000000
1556 51499076023702257664.000000
1557 49594262363961516032.000000
1558 47757361676118818816.000000
1559 45986050401329668096.000000
1560 44278080826891231232.000000
1561 42631278742587703296.000000
1562 41043541164832260096.000000
1563 39512834126800011264.000000
1564 38037190532790108160.000000
1565 36614708075097812992.000000
1566 35243547211715923968.000000
1567 33921929203229265920.000000
1568 32648134207302082560.000000
1569 31420499429199540224.000000
1570 30237417326820143104.000000
1571 29097333868755779584.000000
1572 27998746843929833472.000000
1573 26940204221401317376.000000
1574 25920302558956978176.000000
1575 24937685459147661312.000000
1576 23991042071459815424.000000
1577 23079105639342297088.000000
1578 22200652090845732864.000000
1579 21354498671658582016.000000
1580 20539502619356311552.000000
1581 19754559877711507456.000000
1582 18998603849938837504.000000
1583 18270604189780692992.000000
1584 17569565629365422080.000000
1585 16894526842797416448.000000
1586 16244559344466823168.000000
1587 15618766421090285568.000000
1588 15016282096522254336.000000
1589 14436270128399454208.000000
1590 13877923035706505216.000000
1591 13340461156374523904.000000
1592 12823131734047414272.000000
1593 12325208033173637120.000000
1594 11845988481603979264.000000
1595 11384795839895996416.000000
1596 10940976396549386240.000000
1597 10513899188414732288.000000
1598 10102955245540638720.000000
1599 9707556859742246912.000000
1600 9327136876194101248.000000
1601 8961148007369689088.000000
1602 8609062168667039744.000000
1603 8270369835079070720.000000
1604 7944579418284094464.000000
1605 7631216663548611584.000000
1606 7329824065852566528.000000
1607 7039960304661606400.000000
1608 6761199696788575232.000000
1609 6493131666800169984.000000
1610 6235360234441320448.000000
1611 5987503518563594240.000000
1612 5749193257058109440.000000
1613 5520074342308561920.000000
1614 5299804371691914240.000000
1615 5088053212669176832.000000
1616 4884502582020508672.000000
1617 4688845638791802880.000000
1618 4500786590532676096.000000
1619 4320040312416755712.000000
1620 4146331978847822848.000000
