0 1162054814347542.000000
1 1213556239366340.500000
2 1267271919585235.000000
3 1323293951072554.750000
4 1381718122907939.750000
5 1442644059348753.000000
6 1506175367221813.500000
7 1572419788722375.750000
8 1641489359808464.500000
9 1713500574384455.750000
10 1788574554474549.250000
11 1866837226592917.500000
12 1948419504524087.000000
13 2033457478734254.250000
14 2122092612640930.000000
15 2214471945975969.500000
16 2310748305484337.000000
17 2411080523208939.500000
18 2515633662619493.500000
19 2624579252852012.000000
20 2738095531333616.000000
21 2856367695076243.000000
22 2979588160931683.000000
23 3107956835109761.000000
24 3241681392270581.500000
25 3380977564511984.000000
26 3526069440583032.500000
27 3677189775664607.500000
28 3834580312069340.000000
29 3998492111223142.000000
30 4169185897302757.000000
31 4346932412914376.000000
32 4532012787211013.000000
33 4724718916858038.000000
34 4925353860268666.000000
35 5134232245544863.000000
36 5351680692571278.000000
37 5578038249724186.000000
38 5813656845671202.000000
39 6058901756751751.000000
40 6314152090443023.000000
41 6579801285431482.000000
42 6856257628825559.000000
43 7143944791060545.000000
44 7443302379064180.000000
45 7754786508267383.000000
46 8078870394061968.000000
47 8416044963325539.000000
48 8766819486651532.000000
49 9131722231940750.000000
50 9511301140030882.000000
51 9906124523059444.000000
52 10316781786275964.000000
53 10743884174040136.000000
54 11188065540763912.000000
55 11649983147577524.000000
56 12130318485521010.000000
57 12629778126087112.000000
58 13149094599964180.000000
59 13689027304851368.000000
60 14250363443244696.000000
61 14833918991116674.000000
62 15440539698438316.000000
63 16071102122520120.000000
64 16726514695174806.000000
65 17407718824732766.000000
66 18115690033971012.000000
67 18851439135044520.000000
68 19616013442539508.000000
69 20410498025799464.000000
70 21236017001706256.000000
71 22093734869130028.000000
72 22984857886297072.000000
73 23910635492355748.000000
74 24872361774459300.000000
75 25871376981714864.000000
76 26909069087390352.000000
77 27986875400803508.000000
78 29106284230357556.000000
79 30268836599227320.000000
80 31476128015239324.000000
81 32729810296529216.000000
82 34031593454603728.000000
83 35383247636476144.000000
84 36786605127587136.000000
85 38243562417270360.000000
86 39756082328564040.000000
87 41326196214221232.000000
88 42956006220815672.000000
89 44647687622889592.000000
90 46403491229143392.000000
91 48225745862711784.000000
92 50116860917630896.000000
93 52079328993647064.000000
94 54115728611577408.000000
95 56228727011486312.000000
96 58421083035998608.000000
97 60695650101128136.000000
98 63055379257061960.000000
99 65503322341396776.000000
100 68042635227390536.000000
101 70676581169852792.000000
102 73408534251361712.000000
103 76241982931562656.000000
104 79180533702368848.000000
105 82227914851955216.000000
106 85387980340503552.000000
107 88664713790730912.000000
108 92062232596303360.000000
109 95584792151314624.000000
110 99236790204080752.000000
111 103022771338580304.000000
112 106947431586953184.000000
113 111015623176538032.000000
114 115232359415028144.000000
115 119602819717389824.000000
116 124132354778287488.000000
117 128826491893835616.000000
118 133690940436589312.000000
119 138731597487776896.000000
120 143954553630863584.000000
121 149366098910631648.000000
122 154972728962057760.000000
123 160781151313360160.000000
124 166798291867688256.000000
125 173031301568030688.000000
126 179487563250008064.000000
127 186174698687332256.000000
128 193100575834812640.000000
129 200273316273890880.000000
130 207701302865806592.000000
131 215393187617593152.000000
132 223357899766227392.000000
133 231604654086352416.000000
134 240142959427135904.000000
135 248982627483909728.000000
136 258133781810386368.000000
137 267606867077351936.000000
138 277412658583851328.000000
139 287562272027041152.000000
140 298067173536958784.000000
141 308939189982633472.000000
142 320190519556072896.000000
143 331833742640784512.000000
144 343881832971644096.000000
145 356348169093051904.000000
146 369246546122441216.000000
147 382591187826371520.000000
148 396396759016555648.000000
149 410678378273324672.000000
150 425451631004184576.000000
151 440732582845254912.000000
152 456537793413534912.000000
153 472884330418100800.000000
154 489789784138477440.000000
155 507272282278590144.000000
156 525350505204871104.000000
157 544043701577216000.000000
158 563371704381709248.000000
159 583354947374131712.000000
160 604014481943467392.000000
161 625371994404812160.000000
162 647449823731176960.000000
163 670270979733951744.000000
164 693859161701882368.000000
165 718238777508632832.000000
166 743434963199158272.000000
167 769473603065313920.000000
168 796381350221274368.000000
169 824185647689534080.000000
170 852914750008461184.000000
171 882597745372493312.000000
172 913264578316354176.000000
173 944946072954746624.000000
174 977673956789225216.000000
175 1011480885094163968.000000
176 1046400465893844352.000000
177 1082467285542951552.000000
178 1119716934922944512.000000
179 1158186036266923776.000000
180 1197912270625874944.000000
181 1238934405989317888.000000
182 1281292326073576192.000000
183 1325027059791160576.000000
184 1370180811414872320.000000
185 1416796991450438912.000000
186 1464920248231800576.000000
187 1514596500253199360.000000
188 1565872969252584704.000000
189 1618798214060949504.000000
190 1673422165232447232.000000
191 1729796160470365184.000000
192 1787972980864198400.000000
193 1848006887953278976.000000
194 1909953661632654592.000000
195 1973870638917084928.000000
196 2039816753579180544.000000
197 2107852576678053376.000000
198 2178040357994923776.000000
199 2250444068392305152.000000
200 2325129443113822208.000000
201 2402164026041553408.000000
202 2481617214928397824.000000
203 2563560307622801408.000000
204 2648066549303621120.000000
205 2735211180743021056.000000
206 2825071487615478272.000000
207 2917726850871162368.000000
208 3013258798192261120.000000
209 3111751056550810624.000000
210 3213289605886984192.000000
211 3317962733926885376.000000
212 3425861092159066112.000000
213 3537077752989206528.000000
214 3651708268092565504.000000
215 3769850727984021504.000000
216 3891605822825628160.000000
217 4017076904491865600.000000
218 4146370049912839680.000000
219 4279594125716001792.000000
220 4416860854186952704.000000
221 4558284880570092544.000000
222 4703983841730309120.000000
223 4854078436196415488.000000
224 5008692495608027136.000000
225 5167953057586922496.000000
226 5331990440054662144.000000
227 5500938317018006528.000000
228 5674933795843960832.000000
229 5854117496046403584.000000
230 6038633629606300672.000000
231 6228630082847606784.000000
232 6424258499891221504.000000
233 6625674367709243392.000000
234 6833037102801957888.000000
235 7046510139520230400.000000
236 7266261020055657472.000000
237 7492461486121340928.000000
238 7725287572346034176.000000
239 7964919701404199936.000000
240 8211542780905139200.000000
241 8465346302063733760.000000
242 8726524440176080896.000000
243 8995276156922387456.000000
244 9271805304520730624.000000
245 9556320731753930752.000000
246 9849036391892934656.000000
247 10150171452539482112.000000
248 10459950407410493440.000000
249 10778603190087944192.000000
250 11106365289755867136.000000
251 11443477868947949568.000000
252 11790187883328217088.000000
253 12146748203526983680.000000
254 12513417739054856192.000000
255 12890461564317138944.000000
256 13278151046750371840.000000
257 13676763977103638528.000000
258 14086584701886093312.000000
259 14507904258002569216.000000
260 14941020509598898176.000000
261 15386238287138174976.000000
262 15843869528728891392.000000
263 16314233423726424064.000000
264 16797656558627815424.000000
265 17294473065280499712.000000
266 17805024771425478656.000000
267 18329661353593872384.000000
268 18868740492377370624.000000
269 19422628030090858496.000000
270 19991698130846347264.000000
271 20576333443057012736.000000
272 21176925264388804608.000000
273 21793873709177417728.000000
274 22427587878328291328.000000
275 23078486031715848192.000000
276 23746995763098345472.000000
277 24433554177564758016.000000
278 25138608071527882752.000000
279 25862614115279831040.000000
280 26606039038122872832.000000
281 27369359816089833472.000000
282 28153063862267539456.000000
283 28957649219734781952.000000
284 29783624757127200768.000000
285 30631510366840397824.000000
286 31501837165881163776.000000
287 32395147699376631808.000000
288 33311996146751094784.000000
289 34252948530577375232.000000
290 35218582928111603712.000000
291 36209489685516959744.000000
292 37226271634782281728.000000
293 38269544313341485056.000000
294 39339936186396106752.000000
295 40438088871945535488.000000
296 41564657368526307328.000000
297 42720310285661798400.000000
298 43905730077022461952.000000
299 45121613276296101888.000000
300 46368670735765413888.000000
301 47647627867590664192.000000
302 48959224887792926720.000000
303 50304217062932619264.000000
304 51683374959476891648.000000
305 53097484695848353792.000000
306 54547348197146263552.000000
307 56033783452529565696.000000
308 57557624775250673664.000000
309 59119723065327714304.000000
310 60720946074839875584.000000
311 62362178675831382016.000000
312 64044323130806804480.000000
313 65768299365799149568.000000
314 67535045245991092224.000000
315 69345516853867872256.000000
316 71200688769878769664.000000
317 73101554355583115264.000000
318 75049126039253991424.000000
319 77044435603912802304.000000
320 79088534477764001792.000000
321 81182494027000774656.000000
322 83327405850946502656.000000
323 85524382079499124736.000000
324 87774555672841912320.000000
325 90079080723380584448.000000
326 92439132759869161472.000000
327 94855909053681057792.000000
328 97330628927181783040.000000
329 99864534064156917760.000000
330 102458888822248865792.000000
331 105114980547351150592.000000
332 107834119889908645888.000000
333 110617641123070427136.000000
334 113466902462637572096.000000
335 116383286388750368768.000000
336 119368199969251131392.000000
337 122423075184662478848.000000
338 125549369254715342848.000000
339 128748564966360334336.000000
340 132022171003190853632.000000
341 135371722276209573888.000000
342 138798780255861358592.000000
343 142304933305258164224.000000
344 145891797014515564544.000000
345 149561014536120631296.000000
346 153314256921248530432.000000
347 157153223456937836544.000000
348 161079642004040843264.000000
349 165095269335854383104.000000
350 169201891477339471872.000000
351 173401324044829556736.000000
352 177695412586135748608.000000
353 182086032920938971136.000000
354 186575091481372557312.000000
355 191164525652682768384.000000
356 195856304113860313088.000000
357 200652427178133553152.000000
358 205554927133199794176.000000
359 210565868581089574912.000000
360 215687348777530654720.000000
361 220921497970700648448.000000
362 226270479739231404032.000000
363 231736491329345880064.000000
364 237321763990990848000.000000
365 243028563312831299584.000000
366 248859189555972341760.000000
367 254815977986265972736.000000
368 260901299205062983680.000000
369 267117559478260629504.000000
370 273467201063500480512.000000
371 279952702535365492736.000000
372 286576579108422287360.000000
373 293341382957947289600.000000
374 300249703538184093696.000000
375 307304167897966706688.000000
376 314507440993538342912.000000
377 321862225998407204864.000000
378 329371264610059223040.000000
379 337037337353359851520.000000
380 344863263880464367616.000000
381 352851903267061366784.000000
382 361006154304760512512.000000
383 369328955789449953280.000000
384 377823286805424111616.000000
385 386492167005098868736.000000
386 395338656884120223744.000000
387 404365858051666673664.000000
388 413576913495750672384.000000
389 422975007843317121024.000000
390 432563367614933696512.000000
391 442345261473867497472.000000
392 452324000469339013120.000000
393 462502938273741537280.000000
394 472885471413616246784.000000
395 483475039494155730944.000000
396 494275125417029533696.000000
397 505289255591305805824.000000
398 516521000137240477696.000000
399 527973973082715783168.000000
400 539651832552095744000.000000
401 551558280947270877184.000000
402 563697065120658096128.000000
403 576071976539917713408.000000
404 588686851444162297856.000000
405 601545570991406448640.000000
406 614652061397023850496.000000
407 628010294062966636544.000000
408 641624285697510342656.000000
409 655498098425263554560.000000
410 669635839887211233280.000000
411 684041663330534817792.000000
412 698719767687959805952.000000
413 713674397646376140800.000000
414 728909843704484331520.000000
415 744430442219210276864.000000
416 760240575440632152064.000000
417 776344671535160098816.000000
418 792747204596719288320.000000
419 809452694645672247296.000000
420 826465707615219220480.000000
421 843790855325019275264.000000
422 861432795441773150208.000000
423 879396231426507800576.000000
424 897685912468289880064.000000
425 916306633404119515136.000000
426 935263234624737771520.000000
427 954560601966085537792.000000
428 974203666586144735232.000000
429 994197404826912686080.000000
430 1014546838061241073664.000000
431 1035257032524272893952.000000
432 1056333099129225216000.000000
433 1077780193267254558720.000000
434 1099603514591146016768.000000
435 1121808306782558486528.000000
436 1144399857302585212928.000000
437 1167383497125355192320.000000
438 1190764600454438453248.000000
439 1214548584421779832832.000000
440 1238740908768927416320.000000
441 1263347075510300311552.000000
442 1288372628578235580416.000000
443 1313823153449581150208.000000
444 1339704276753588158464.000000
445 1366021665860852383744.000000
446 1392781028453070405632.000000
447 1419988112073368272896.000000
448 1447648703656983003136.000000
449 1475768629042037915648.000000
450 1504353752460207849472.000000
451 1533409976007039123456.000000
452 1562943239091692240896.000000
453 1592959517865913614336.000000
454 1623464824631987535872.000000
455 1654465207229490921472.000000
456 1685966748400612802560.000000
457 1717975565133864501248.000000
458 1750497807985956093952.000000
459 1783539660381657235456.000000
460 1817107337891460677632.000000
461 1851207087486840602624.000000
462 1885845186772951891968.000000
463 1921027943198573461504.000000
464 1956761693243149385728.000000
465 1993052801580735397888.000000
466 2029907660220727558144.000000
467 2067332687625180151808.000000
468 2105334327802618183680.000000
469 2143919049378141569024.000000
470 2183093344639756009472.000000
471 2222863728560747839488.000000
472 2263236737798005063680.000000
473 2304218929666192572416.000000
474 2345816881087626084352.000000
475 2388037187517801299968.000000
476 2430886461846444834816.000000
477 2474371333274022707200.000000
478 2518498446163632979968.000000
479 2563274458868213612544.000000
480 2608706042532982685696.000000
481 2654799879873110212608.000000
482 2701562663926524018688.000000
483 2749001096781851262976.000000
484 2797121888281467289600.000000
485 2845931754699612487680.000000
486 2895437417395601801216.000000
487 2945645601442110111744.000000
488 2996563034228550270976.000000
489 3048196444039564230656.000000
490 3100552558608670261248.000000
491 3153638103647082512384.000000
492 3207459801347786276864.000000
493 3262024368864908804096.000000
494 3317338516768468500480.000000
495 3373408947474581159936.000000
496 3430242353651209207808.000000
497 3487845416599597088768.000000
498 3546224804611439460352.000000
499 3605387171301998723072.000000
500 3665339153919204917248.000000
501 3726087371629002227712.000000
502 3787638423776999768064.000000
503 3849998888126672535552.000000
504 3913175319074269298688.000000
505 3977174245840602005504.000000
506 4042002170639985672192.000000
507 4107665566826478698496.000000
508 4174170877017721405440.000000
509 4241524511196558393344.000000
510 4309732844790759292928.000000
511 4378802216731063353344.000000
512 4448738927487863488512.000000
513 4519549237086790877184.000000
514 4591239363103549816832.000000
515 4663815478638298529792.000000
516 4737283710269899407360.000000
517 4811650135990423519232.000000
518 4886920783120224485376.000000
519 4963101626204010053632.000000
520 5040198584888220188672.000000
521 5118217521780205027328.000000
522 5197164240289516224512.000000
523 5277044482451847512064.000000
524 5357863926735947431936.000000
525 5439628185834035871744.000000
526 5522342804436189970432.000000
527 5606013256989102047232.000000
528 5690644945439822970880.000000
529 5776243196964848533504.000000
530 5862813261685238792192.000000
531 5950360310368111165440.000000
532 6038889432115242336256.000000
533 6128405632039165886464.000000
534 6218913828927489179648.000000
535 6310418852895878283264.000000
536 6402925443030405087232.000000
537 6496438245019827044352.000000
538 6590961808778408755200.000000
539 6686500586059963826176.000000
540 6783058928063717834752.000000
541 6880641083032683413504.000000
542 6979251193845207007232.000000
543 7078893295600394043392.000000
544 7179571313198058438656.000000
545 7281289058913976582144.000000
546 7384050229971110592512.000000
547 7487858406107550580736.000000
548 7592717047141948719104.000000
549 7698629490537143468032.000000
550 7805598948962817015808.000000
551 7913628507857882185728.000000
552 8022721122993459691520.000000
553 8132879618037201764352.000000
554 8244106682119799963648.000000
555 8356404867404474089472.000000
556 8469776586660305174528.000000
557 8584224110840209473536.000000
558 8699749566664469905408.000000
559 8816354934210613477376.000000
560 8934042044510553243648.000000
561 9052812577155865116672.000000
562 9172668057912079286272.000000
563 9293609856342874390528.000000
564 9415639183445111865344.000000
565 9538757089295578693632.000000
566 9662964460710403244032.000000
567 9788262018918031294464.000000
568 9914650317246722736128.000000
569 10042129738827506384896.000000
570 10170700494313529278464.000000
571 10300362619616753614848.000000
572 10431115973663005868032.000000
573 10562960236166235815936.000000
574 10695894905423092776960.000000
575 10829919296128676790272.000000
576 10965032537214515412992.000000
577 11101233569709718241280.000000
578 11238521144626278039552.000000
579 11376893820869577539584.000000
580 11516349963174984810496.000000
581 11656887740071648690176.000000
582 11798505121874389762048.000000
583 11941199878704766910464.000000
584 12084969578542242201600.000000
585 12229811585306515734528.000000
586 12375723056971969986560.000000
587 12522700943715268034560.000000
588 12670741986097087119360.000000
589 12819842713278958534656.000000
590 12969999441276277096448.000000
591 13121208271248407134208.000000
592 13273465087826908413952.000000
593 13426765557482894917632.000000
594 13581105126934442934272.000000
595 13736479021595120107520.000000
596 13892882244064539312128.000000
597 14050309572661967060992.000000
598 14208755560003896606720.000000
599 14368214531626611245056.000000
600 14528680584654647984128.000000
601 14690147586516157726720.000000
602 14852609173706023895040.000000
603 15016058750597788073984.000000
604 15180489488305217339392.000000
605 15345894323594463281152.000000
606 15512265957847754342400.000000
607 15679596856079454044160.000000
608 15847879246005445591040.000000
609 16017105117166702690304.000000
610 16187266220107853987840.000000
611 16358354065611710005248.000000
612 16530359923990499164160.000000
613 16703274824434681118720.000000
614 16877089554420230782976.000000
615 17051794659175036878848.000000
616 17227380441205337751552.000000
617 17403836959882972495872.000000
618 17581154031094135259136.000000
619 17759321226950398181376.000000
620 17938327875562835542016.000000
621 18118163060879798566912.000000
622 18298815622589175562240.000000
623 18480274156085770715136.000000
624 18662527012504420220928.000000
625 18845562298819600711680.000000
626 19029367878012018622464.000000
627 19213931369302914498560.000000
628 19399240148456587657216.000000
629 19585281348151738892288.000000
630 19772041858422178578432.000000
631 19959508327167399297024.000000
632 20147667160733591797760.000000
633 20336504524565465006080.000000
634 20526006343929474056192.000000
635 20716158304708745756672.000000
636 20906945854270250942464.000000
637 21098354202404517314560.000000
638 21290368322338302197760.000000
639 21482972951820573343744.000000
640 21676152594282028466176.000000
641 21869891520068619075584.000000
642 22064173767749116362752.000000
643 22258983145497209864192.000000
644 22454303232548159881216.000000
645 22650117380730280476672.000000
646 22846408716071404044288.000000
647 23043160140480478445568.000000
648 23240354333504380600320.000000
649 23437973754160017833984.000000
650 23636000642841855393792.000000
651 23834417023304731721728.000000
652 24033204704722154422272.000000
653 24232345283819909152768.000000
654 24431820147084964659200.000000
655 24631610473049585876992.000000
656 24831697234650533462016.000000
657 25032061201663228116992.000000
658 25232682943210657415168.000000
659 25433542830346811211776.000000
660 25634621038714528202752.000000
661 25835897551277296451584.000000
662 26037352161124882055168.000000
663 26238964474352345546752.000000
664 26440713913012160823296.000000
665 26642579718139000389632.000000
666 26844540952846826209280.000000
667 27046576505497728319488.000000
668 27248665092942184054784.000000
669 27450785263830075179008.000000
670 27652915401992039301120.000000
671 27855033729890555789312.000000
672 28057118312140061540352.000000
673 28259147059095631036416.000000
674 28461097730509457326080.000000
675 28662947939254420897792.000000
676 28864675155114125688832.000000
677 29066256708638508843008.000000
678 29267669795064357322752.000000
679 29468891478299863154688.000000
680 29669898694972403613696.000000
681 29870668258538573266944.000000
682 30071176863455738068992.000000
683 30271401089414016794624.000000
684 30471317405627825782784.000000
685 30670902175185909055488.000000
686 30870131659458947842048.000000
687 31068982022563583492096.000000
688 31267429335881893281792.000000
689 31465449582635060822016.000000
690 31663018662510267990016.000000
691 31860112396339587842048.000000
692 32056706530829582467072.000000
693 32252776743340636897280.000000
694 32448298646714510737408.000000
695 32643247794149037965312.000000
696 32837599684118628532224.000000
697 33031329765339191836672.000000
698 33224413441776257335296.000000
699 33416826077694778146816.000000
700 33608543002749409689600.000000
701 33799539517113686294528.000000
702 33989790896646711672832.000000
703 34179272398095979118592.000000
704 34367959264334723416064.000000
705 34555826729632369999872.000000
706 34742850024956575612928.000000
707 34929004383305212100608.000000
708 35114265045066934386688.000000
709 35298607263408440999936.000000
710 35482006309687168860160.000000
711 35664437478887534886912.000000
712 35845876095079260618752.000000
713 36026297516895967903744.000000
714 36205677143032573460480.000000
715 36383990417759582289920.000000
716 36561212836452765794304.000000
717 36737319951136379109376.000000
718 36912287376038252511232.000000
719 37086090793154995290112.000000
720 37258705957825592426496.000000
721 37430108704311535992832.000000
722 37600274951381855502336.000000
723 37769180707901151379456.000000
724 37936802078418828001280.000000
725 38103115268757819228160.000000
726 38268096591600952541184.000000
727 38431722472073018212352.000000
728 38593969453316958060544.000000
729 38754814202062038892544.000000
730 38914233514182521651200.000000
731 39072204320244611678208.000000
732 39228703691040163364864.000000
733 39383708843105134313472.000000
734 39537197144220918349824.000000
735 39689146118896829333504.000000
736 39839533453831789608960.000000
737 39988337003353369214976.000000
738 40135534794832405856256.000000
739 40281105034071267868672.000000
740 40425026110664015347712.000000
741 40567276603326546837504.000000
742 40707835285194869309440.000000
743 40846681129089796931584.000000
744 40983793312746124083200.000000
745 41119151224004477452288.000000
746 41252734465964177883136.000000
747 41384522862095039987712.000000
748 41514496461306624737280.000000
749 41642635542972923379712.000000
750 41768920621910895624192.000000
751 41893332453310932713472.000000
752 42015852037617617993728.000000
753 42136460625359048540160.000000
754 42255139721922880733184.000000
755 42371871092277640167424.000000
756 42486636765637291016192.000000
757 42599419040067714285568.000000
758 42710200487033215909888.000000
759 42818963955881512796160.000000
760 42925692578265611370496.000000
761 43030369772500959625216.000000
762 43132979247856278831104.000000
763 43233505008776455913472.000000
764 43331931359036238200832.000000
765 43428242905822826332160.000000
766 43522424563746216083456.000000
767 43614461558775577837568.000000
768 43704339432100482514944.000000
769 43792044043915304632320.000000
770 43877561577125644861440.000000
771 43960878540975203418112.000000
772 44041981774591988596736.000000
773 44120858450452358889472.000000
774 44197496077761715896320.000000
775 44271882505750665232384.000000
776 44344005926885286477824.000000
777 44413854879990379708416.000000
778 44481418253284598087680.000000
779 44546685287326283726848.000000
780 44609645577868899516416.000000
781 44670289078624999964672.000000
782 44728606103937776353280.000000
783 44784587331359094079488.000000
784 44838223804133132992512.000000
785 44889506933584640868352.000000
786 44938428501410935996416.000000
787 44984980661876903903232.000000
788 45029155943911931248640.000000
789 45070947253108214857728.000000
790 45110347873619598639104.000000
791 45147351469960275689472.000000
792 45181952088702533500928.000000
793 45214144160073215115264.000000
794 45243922499447914758144.000000
795 45271282308742622740480.000000
796 45296219177702224035840.000000
797 45318729085085296885760.000000
798 45338808399744859111424.000000
799 45356453881604609146880.000000
800 45371662682530284306432.000000
801 45384432347095817519104.000000
802 45394760813244074426368.000000
803 45402646412841801744384.000000
804 45408087872128619118592.000000
805 45411084312059953807360.000000
806 45411635248543716868096.000000
807 45409740592570628571136.000000
808 45405400650238218207232.000000
809 45398616122668338905088.000000
810 45389388105818491060224.000000
811 45377718090186677551104.000000
812 45363607960410193395712.000000
813 45347059994758408568832.000000
814 45328076864519661420544.000000
815 45306661633282522742784.000000
816 45282817756111883468800.000000
817 45256549078619857616896.000000
818 45227859835932079292416.000000
819 45196754651549771235328.000000
820 45163238536107836571648.000000
821 45127316886029728743424.000000
822 45088995482079292555264.000000
823 45048280487810364866560.000000
824 45005178447914579525632.000000
825 44959696286468047634432.000000
826 44911841305077550678016.000000
827 44861621180927009882112.000000
828 44809043964724844167168.000000
829 44754118078553038782464.000000
830 44696852313618771869696.000000
831 44637255827909479759872.000000
832 44575338143751939817472.000000
833 44511109145276788506624.000000
834 44444579075788885721088.000000
835 44375758535044926275584.000000
836 44304658476439045144576.000000
837 44231290204097565687808.000000
838 44155665369884040101888.000000
839 44077795970315504844800.000000
840 43997694343391234490368.000000
841 43915373165335218749440.000000
842 43830845447253360902144.000000
843 43744124531706781761536.000000
844 43655224089202596511744.000000
845 43564158114603087167488.000000
846 43470940923455032262656.000000
847 43375587148240250732544.000000
848 43278111734548802830336.000000
849 43178529937176332861440.000000
850 43076857316146812026880.000000
851 42973109732662367485952.000000
852 42867303344981397209088.000000
853 42759454604226698674176.000000
854 42649580250125054246912.000000
855 42537697306679732862976.000000
856 42423823077777610899456.000000
857 42307975142732413796352.000000
858 42190171351765722595328.000000
859 42070429821427297288192.000000
860 41948768929956495360000.000000
861 41825207312586312253440.000000
862 41699763856791813750784.000000
863 41572457697484520554496.000000
864 41443308212154716389376.000000
865 41312335015963122466816.000000
866 41179557956783733473280.000000
867 41044997110199845126144.000000
868 40908672774454531588096.000000
869 40770605465357896384512.000000
870 40630815911152405446656.000000
871 40489325047338424598528.000000
872 40346154011461622431744.000000
873 40201324137864092450816.000000
874 40054856952400905764864.000000
875 39906774167124149534720.000000
876 39757097674936086953984.000000
877 39605849544213242314752.000000
878 39453052013403533475840.000000
879 39298727485597936517120.000000
880 39142898523078746177536.000000
881 38985587841846344679424.000000
882 38826818306126022443008.000000
883 38666612922857048506368.000000
884 38504994836165626429440.000000
885 38341987321823681839104.000000
886 38177613781695167725568.000000
887 38011897738172085305344.000000
888 37844862828601545850880.000000
889 37676532799706226491392.000000
890 37506931501999608299520.000000
891 37336082884198207062016.000000
892 37164010987632277323776.000000
893 36990739940657015554048.000000
894 36816293953065965322240.000000
895 36640697310508478365696.000000
896 36463974368912917659648.000000
897 36286149548917489926144.000000
898 36107247330310355943424.000000
899 35927292246480859955200.000000
900 35746308878883526541312.000000
901 35564321851516649472000.000000
902 35381355825417045409792.000000
903 35197435493172801175552.000000
904 35012585573455612608512.000000
905 34826830805574342410240.000000
906 34640195944051587940352.000000
907 34452705753224731164672.000000
908 34264385001873114923008.000000
909 34075258457873019043840.000000
910 33885350882881946255360.000000
911 33694687027053719453696.000000
912 33503291623786063855616.000000
913 33311189384501991047168.000000
914 33118404993466733953024.000000
915 32924963102641390354432.000000
916 32730888326575011397632.000000
917 32536205237336364023808.000000
918 32340938359486877270016.000000
919 32145112165096055898112.000000
920 31948751068800812580864.000000
921 31751879422910014685184.000000
922 31554521512555457806336.000000
923 31356701550890679533568.000000
924 31158443674338854961152.000000
925 30959771937890830909440.000000
926 30760710310454699753472.000000
927 30561282670258003378176.000000
928 30361512800303716499456.000000
929 30161424383881053732864.000000
930 29961041000132375478272.000000
931 29760386119677069230080.000000
932 29559483100293480054784.000000
933 29358355182660026892288.000000
934 29157025486156301598720.000000
935 28955517004725199306752.000000
936 28753852602796939935744.000000
937 28552055011275970707456.000000
938 28350146823591487864832.000000
939 28148150491812479369216.000000
940 27946088322828022579200.000000
941 27743982474593713520640.000000
942 27541854952444852699136.000000
943 27339727605477138235392.000000
944 27137622122995591938048.000000
945 26935560031032255184896.000000
946 26733562688933397004288.000000
947 26531651286016708313088.000000
948 26329846838299103068160.000000
949 26128170185295642230784.000000
950 25926641986890058694656.000000
951 25725282720277340356608.000000
952 25524112676978820120576.000000
953 25323151959930188070912.000000
954 25122420480642752970752.000000
955 24921937956438309601280.000000
956 24721723907757981040640.000000
957 24521797655545216237568.000000
958 24322178318703232286720.000000
959 24122884811627224367104.000000
960 23923935841811318177792.000000
961 23725349907530633969664.000000
962 23527145295598466367488.000000
963 23329340079198735171584.000000
964 23131952115793816190976.000000
965 22934999045107626278912.000000
966 22738498287184226811904.000000
967 22542467040521744285696.000000
968 22346922280281616416768.000000
969 22151880756573159555072.000000
970 21957358992813230915584.000000
971 21763373284161010794496.000000
972 21569939696027619557376.000000
973 21377074062660498096128.000000
974 21184791985802253959168.000000
975 20993108833423834742784.000000
976 20802039738531693199360.000000
977 20611599598048696598528.000000
978 20421803071768486739968.000000
979 20232664581382917324800.000000
980 20044198309582283472896.000000
981 19856418199227852652544.000000
982 19669337952596411809792.000000
983 19482971030696306409472.000000
984 19297330652654623260672.000000
985 19112429795174896369664.000000
986 18928281192065012858880.000000
987 18744897333834679320576.000000
988 18562290467361949483008.000000
989 18380472595628265832448.000000
990 18199455477521434279936.000000
991 18019250627705902727168.000000
992 17839869316559787786240.000000
993 17661322570177928232960.000000
994 17483621170440405254144.000000
995 17306775655145759834112.000000
996 17130796318208320077824.000000
997 16955693209918801707008.000000
998 16781476137267607109632.000000
999 16608154664329950527488.000000
1000 16435738112712152973312.000000
1001 16264235562058223976448.000000
1002 16093655850616084234240.000000
1003 15924007575862521102336.000000
1004 15755299095186082103296.000000
1005 15587538526627124215808.000000
1006 15420733749674125557760.000000
1007 15254892406115454156800.000000
1008 15090021900945677352960.000000
1009 14926129403325577166848.000000
1010 14763221847594999218176.000000
1011 14601305934337553727488.000000
1012 14440388131496392654848.000000
1013 14280474675540026982400.000000
1014 14121571572677324308480.000000
1015 13963684600120757714944.000000
1016 13806819307396928634880.000000
1017 13650981017703436779520.000000
1018 13496174829311159697408.000000
1019 13342405617010958401536.000000
1020 13189678033603829694464.000000
1021 13037996511433582444544.000000
1022 12887365263961018597376.000000
1023 12737788287378650038272.000000
1024 12589269362264955158528.000000
1025 12441812055277239795712.000000
1026 12295419720882022514688.000000
1027 12150095503122029871104.000000
1028 12005842337418757275648.000000
1029 11862662952409622380544.000000
1030 11720559871818716938240.000000
1031 11579535416360114847744.000000
1032 11439591705672784281600.000000
1033 11300730660286107746304.000000
1034 11162954003614932140032.000000
1035 11026263263983280586752.000000
1036 10890659776675587293184.000000
1037 10756144686014587207680.000000
1038 10622718947464765767680.000000
1039 10490383329760452280320.000000
1040 10359138417057525137408.000000
1041 10228984611107751591936.000000
1042 10099922133454824669184.000000
1043 9971951027651044442112.000000
1044 9845071161493731409920.000000
1045 9719282229280400998400.000000
1046 9594583754081694646272.000000
1047 9470975090031171993600.000000
1048 9348455424630957539328.000000
1049 9227023781072346284032.000000
1050 9106679020570383745024.000000
1051 8987419844711532199936.000000
1052 8869244797813478391808.000000
1053 8752152269296163094528.000000
1054 8636140496063141249024.000000
1055 8521207564892345729024.000000
1056 8407351414835410632704.000000
1057 8294569839624604090368.000000
1058 8182860490086563184640.000000
1059 8072220876561911382016.000000
1060 7962648371329943732224.000000
1061 7854140211037514760192.000000
1062 7746693499131272364032.000000
1063 7640305208292471209984.000000
1064 7534972182873485869056.000000
1065 7430691141335235166208.000000
1066 7327458678684772204544.000000
1067 7225271268912170795008.000000
1068 7124125267426010988544.000000
1069 7024016913486666792960.000000
1070 6924942332636623273984.000000
1071 6826897539127170826240.000000
1072 6729878438340622024704.000000
1073 6633880829207462805504.000000
1074 6538900406617638961152.000000
1075 6444932763825355096064.000000
1076 6351973394846644699136.000000
1077 6260017696849118887936.000000
1078 6169060972533159821312.000000
1079 6079098432503995695104.000000
1080 5990125197633958969344.000000
1081 5902136301414366838784.000000
1082 5815126692296381169664.000000
1083 5729091236020297400320.000000
1084 5644024717932652134400.000000
1085 5559921845290583195648.000000
1086 5476777249552939876352.000000
1087 5394585488657534156800.000000
1088 5313341049284090396672.000000
1089 5233038349102285324288.000000
1090 5153671739004478816256.000000
1091 5075235505322587062272.000000
1092 4997723872028633595904.000000
1093 4921131002918557712384.000000
1094 4845451003778782199808.000000
1095 4770677924535157653504.000000
1096 4696805761383816757248.000000
1097 4623828458903595122688.000000
1098 4551739912149543682048.000000
1099 4480533968727245324288.000000
1100 4410204430847492227072.000000
1101 4340745057361013506048.000000
1102 4272149565772909772800.000000
1103 4204411634236444377088.000000
1104 4137524903525913460736.000000
1105 4071482978988245647360.000000
1106 4006279432473101205504.000000
1107 3941907804241136189440.000000
1108 3878361604850207162368.000000
1109 3815634317019255930880.000000
1110 3753719397469625778176.000000
1111 3692610278743593713664.000000
1112 3632300370999895392256.000000
1113 3572783063786056056832.000000
1114 3514051727787313594368.000000
1115 3456099716551981137920.000000
1116 3398920368193056800768.000000
1117 3342507007065955237888.000000
1118 3286852945422186446848.000000
1119 3231951485038868037632.000000
1120 3177795918823947763712.000000
1121 3124379532397026213888.000000
1122 3071695605645682147328.000000
1123 3019737414257190895616.000000
1124 2968498231225603850240.000000
1125 2917971328334075265024.000000
1126 2868149977612407013376.000000
1127 2819027452769760444416.000000
1128 2770597030602491297792.000000
1129 2722851992377083035648.000000
1130 2675785625188182261760.000000
1131 2629391223291686420480.000000
1132 2583662089412940922880.000000
1133 2538591536030000611328.000000
1134 2494172886632027389952.000000
1135 2450399476952818253824.000000
1136 2407264656179512475648.000000
1137 2364761788136544534528.000000
1138 2322884252444856942592.000000
1139 2281625445656481497088.000000
1140 2240978782364526182400.000000
1141 2200937696288678346752.000000
1142 2161495641336270290944.000000
1143 2122646092639053807616.000000
1144 2084382547565739245568.000000
1145 2046698526710442754048.000000
1146 2009587574857136865280.000000
1147 1973043261920235225088.000000
1148 1937059183861453291520.000000
1149 1901628963583055888384.000000
1150 1866746251797663055872.000000
1151 1832404727874740551680.000000
1152 1798598100663947755520.000000
1153 1765320109295487942656.000000
1154 1732564523957647572992.000000
1155 1700325146651673493504.000000
1156 1668595811924182040576.000000
1157 1637370387577282494464.000000
1158 1606642775356584755200.000000
1159 1576406911617313013760.000000
1160 1546656767968690831360.000000
1161 1517386351896821760000.000000
1162 1488589707366258180096.000000
1163 1460260915400479866880.000000
1164 1432394094641476009984.000000
1165 1404983401888672382976.000000
1166 1378023032617407086592.000000
1167 1351507221477181882368.000000
1168 1325430242769923473408.000000
1169 1299786410908483321856.000000
1170 1274570080855595679744.000000
1171 1249775648543557812224.000000
1172 1225397551274841079808.000000
1173 1201430268103901052928.000000
1174 1177868320200405811200.000000
1175 1154706271194148503552.000000
1176 1131938727501887700992.000000
1177 1109560338636350029824.000000
1178 1087565797497669943296.000000
1179 1065949840647503085568.000000
1180 1044707248566080110592.000000
1181 1023832845892438982656.000000
1182 1003321501648115990528.000000
1183 983168129444537040896.000000
1184 963367687674376880128.000000
1185 943915179687137509376.000000
1186 924805653949218029568.000000
1187 906034204188730064896.000000
1188 887595969525319860224.000000
1189 869486134585261424640.000000
1190 851699929602083258368.000000
1191 834232630502992117760.000000
1192 817079558981347049472.000000
1193 800236082555459862528.000000
1194 783697614613970944000.000000
1195 767459614448075014144.000000
1196 751517587270837075968.000000
1197 735867084223887048704.000000
1198 720503702371724951552.000000
1199 705423084683918311424.000000
1200 690620920005430738944.000000
1201 676092943015354564608.000000
1202 661834934174294474752.000000
1203 647842719660657344512.000000
1204 634112171296108052480.000000
1205 620639206460435857408.000000
1206 607419787996088369152.000000
1207 594449924102619398144.000000
1208 581725668221298933760.000000
1209 569243118910135730176.000000
1210 556998419709548560384.000000
1211 544987758998940352512.000000
1212 533207369844404649984.000000
1213 521653529837815529472.000000
1214 510322560927525830656.000000
1215 499210829240921161728.000000
1216 488314744899054862336.000000
1217 477630761823598346240.000000
1218 467155377536332267520.000000
1219 456885132951413194752.000000
1220 446816612160632586240.000000
1221 436946442211891019776.000000
1222 427271292881113776128.000000
1223 417787876437819195392.000000
1224 408492947404556926976.000000
1225 399383302310426640384.000000
1226 390455779438892482560.000000
1227 381707258570097033216.000000
1228 373134660717877657600.000000
1229 364734947861692743680.000000
1230 356505122673653317632.000000
1231 348442228240862478336.000000
1232 340543347783247069184.000000
1233 332805604367086387200.000000
1234 325226160614415663104.000000
1235 317802218408497381376.000000
1236 310531018595540664320.000000
1237 303409840682850058240.000000
1238 296436002533583355904.000000
1239 289606860058291372032.000000
1240 282919806903411081216.000000
1241 276372274136886411264.000000
1242 269961729931079155712.000000
1243 263685679243131551744.000000
1244 257541663492950851584.000000
1245 251527260238961999872.000000
1246 245640082851794485248.000000
1247 239877780186047840256.000000
1248 234238036250289504256.000000
1249 228718569875431161856.000000
1250 223317134381627441152.000000
1251 218031517243837415424.000000
1252 212859539756186435584.000000
1253 207799056695268311040.000000
1254 202847955982512750592.000000
1255 198004158345755918336.000000
1256 193265616980135280640.000000
1257 188630317208437489664.000000
1258 184096276141015662592.000000
1259 179661542335400378368.000000
1260 175324195455717769216.000000
1261 171082345932026871808.000000
1262 166934134619688763392.000000
1263 162877732458875682816.000000
1264 158911340134324797440.000000
1265 155033187735437344768.000000
1266 151241534416826957824.000000
1267 147534668059412283392.000000
1268 143910904932148854784.000000
1269 140368589354492870656.000000
1270 136906093359686828032.000000
1271 133521816358954336256.000000
1272 130214184806688145408.000000
1273 126981651866714931200.000000
1274 123822697079715037184.000000
1275 120735826031877177344.000000
1276 117719570024860155904.000000
1277 114772485747136937984.000000
1278 111893154946789736448.000000
1279 109080184105826271232.000000
1280 106332204116079755264.000000
1281 103647869956760125440.000000
1282 101025860373715107840.000000
1283 98464877560461426688.000000
1284 95963646841042714624.000000
1285 93520916354770632704.000000
1286 91135456742899384320.000000
1287 88806060837287084032.000000
1288 86531543351090511872.000000
1289 84310740571542077440.000000
1290 82142510054852640768.000000
1291 80025730323281903616.000000
1292 77959300564420853760.000000
1293 75942140332721160192.000000
1294 73973189253311676416.000000
1295 72051406728136441856.000000
1296 70175771644447645696.000000
1297 68345282085686018048.000000
1298 66558955044778213376.000000
1299 64815826139880210432.000000
1300 63114949332593377280.000000
1301 61455396648678498304.000000
1302 59836257901290758144.000000
1303 58256640416759201792.000000
1304 56715668762929750016.000000
1305 55212484480091529216.000000
1306 53746245814504054784.000000
1307 52316127454541553664.000000
1308 50921320269468622848.000000
1309 49561031050861527040.000000
1310 48234482256686096384.000000
1311 46940911758044045312.000000
1312 45679572588596387840.000000
1313 44449732696672518144.000000
1314 43250674700071960576.000000
1315 42081695643564400640.000000
1316 40942106759092723712.000000
1317 39831233228682829824.000000
1318 38748413950062256128.000000
1319 37693001304989048832.000000
1320 36664360930291576832.000000
1321 35661871491617947648.000000
1322 34684924459893444608.000000
1323 33732923890484195328.000000
1324 32805286205062033408.000000
1325 31901439976167026688.000000
1326 31020825714462466048.000000
1327 30162895658674798592.000000
1328 29327113568213184512.000000
1329 28512954518459445248.000000
1330 27719904698720088064.000000
1331 26947461212831793152.000000
1332 26195131882409095168.000000
1333 25462435052724031488.000000
1334 24748899401206550528.000000
1335 24054063748552822784.000000
1336 23377476872429027328.000000
1337 22718697323757752320.000000
1338 22077293245571784704.000000
1339 21452842194422173696.000000
1340 20844930964324388864.000000
1341 20253155413227528192.000000
1342 19677120291990593536.000000
1343 19116439075848835072.000000
1344 18570733798353281024.000000
1345 18039634887766470656.000000
1346 17522781005895860224.000000
1347 17019818889346803712.000000
1348 16530403193177055232.000000
1349 16054196336932714496.000000
1350 15590868353047402496.000000
1351 15140096737584205824.000000
1352 14701566303300597760.000000
1353 14274969035016603648.000000
1354 13860003947264768000.000000
1355 13456376944201912320.000000
1356 13063800681761366016.000000
1357 12681994432024446976.000000
1358 12310683949789618176.000000
1359 11949601341318146048.000000
1360 11598484935233656832.000000
1361 11257079155554560000.000000
1362 10925134396836476928.000000
1363 10602406901402558464.000000
1364 10288658638639884288.000000
1365 9983657186338455552.000000
1366 9687175614051160064.000000
1367 9398992368451463168.000000
1368 9118891160666301440.000000
1369 8846660855561276416.000000
1370 8582095362955572224.000000
1371 8324993530743213056.000000
1372 8075159039898427392.000000
1373 7832400301341550592.000000
1374 7596530354642957312.000000
1375 7367366768542049280.000000
1376 7144731543258212352.000000
1377 6928451014570946560.000000
1378 6718355759646599168.000000
1379 6514280504588305408.000000
1380 6316064033687003136.000000
1381 6123549100350431232.000000
1382 5936582339687566336.000000
1383 5755014182726079488.000000
1384 5578698772240097280.000000
1385 5407493880166068224.000000
1386 5241260826584424448.000000
1387 5079864400244677632.000000
1388 4923172780612100096.000000
1389 4771057461413805056.000000
1390 4623393175662583808.000000
1391 4480057822136496640.000000
1392 4340932393292969984.000000
1393 4205900904595582976.000000
1394 4074850325232522752.000000
1395 3947670510205294080.000000
1396 3824254133766813184.000000
1397 3704496624187979264.000000
1398 3588296099831948288.000000
1399 3475553306515641344.000000
1400 3366171556138007040.000000
1401 3260056666554955776.000000
1402 3157116902680721408.000000
1403 3057262918796027392.000000
1404 2960407702043095040.000000
1405 2866466517088243712.000000
1406 2775356851932551168.000000
1407 2686998364851524096.000000
1408 2601312832444833792.000000
1409 2518224098777323520.000000
1410 2437658025592694272.000000
1411 2359542443581574656.000000
1412 2283807104685682432.000000
1413 2210383635420174080.000000
1414 2139205491196369920.000000
1415 2070207911627258368.000000
1416 2003327876798397440.000000
1417 1938504064487037184.000000
1418 1875676808312437504.000000
1419 1814788056800692736.000000
1420 1755781333347375616.000000
1421 1698601697061687296.000000
1422 1643195704475952384.000000
1423 1589511372104459520.000000
1424 1537498139835900416.000000
1425 1487106835143872256.000000
1426 1438289638100046848.000000
1427 1391000047174920448.000000
1428 1345192845811140352.000000
1429 1300824069754692608.000000
1430 1257850975129451264.000000
1431 1216232007240692224.000000
1432 1175926770093468928.000000
1433 1136895996611951744.000000
1434 1099101519545945856.000000
1435 1062506243051087744.000000
1436 1027074114929400576.000000
1437 992770099517047552.000000
1438 959560151206372736.000000
1439 927411188589485440.000000
1440 896291069210814976.000000
1441 866168564916342784.000000
1442 837013337787290496.000000
1443 808795916646336384.000000
1444 781487674124578816.000000
1445 755060804277638528.000000
1446 729488300739503104.000000
1447 704743935402923648.000000
1448 680802237615283328.000000
1449 657638473879128448.000000
1450 635228628046669312.000000
1451 613549381997761536.000000
1452 592578096791070720.000000
1453 572292794278257344.000000
1454 552672139171238080.000000
1455 533695421552732032.000000
1456 515342539820454144.000000
1457 497593984055523200.000000
1458 480430819805796544.000000
1459 463834672274999424.000000
1460 447787710908710848.000000
1461 432272634368402816.000000
1462 417272655884896576.000000
1463 402771488982769600.000000
1464 388753333567383552.000000
1465 375202862366370944.000000
1466 362105207717568576.000000
1467 349445948695536128.000000
1468 337211098568931904.000000
1469 325387092581199360.000000
1470 313960776047122880.000000
1471 302919392757980224.000000
1472 292250573688147584.000000
1473 281942325996162176.000000
1474 271983022313371392.000000
1475 262361390313445152.000000
1476 253066502556147584.000000
1477 244087766598919456.000000
1478 235414915369914784.000000
1479 227037997796298240.000000
1480 218947369681724128.000000
1481 211133684827020352.000000
1482 203587886388263488.000000
1483 196301198466509056.000000
1484 189265117923591168.000000
1485 182471406418503008.000000
1486 175912082658990656.000000
1487 169579414863108128.000000
1488 163465913425585248.000000
1489 157564323783975680.000000
1490 151867619479652704.000000
1491 146368995408837600.000000
1492 141061861258930752.000000
1493 135939835125538432.000000
1494 130996737305669312.000000
1495 126226584262687968.000000
1496 121623582758701856.000000
1497 117182124150153248.000000
1498 112896778842482560.000000
1499 108762290899826096.000000
1500 104773572805789168.000000
