0 155.110449
1 163.146607
2 171.576165
3 180.417136
4 189.688295
5 199.409203
6 209.600244
7 220.282648
8 231.478528
9 243.210910
10 255.503771
11 268.382067
12 281.871776
13 295.999931
14 310.794659
15 326.285220
16 342.502051
17 359.476802
18 377.242384
19 395.833013
20 415.284252
21 435.633060
22 456.917844
23 479.178502
24 502.456479
25 526.794819
26 552.238217
27 578.833077
28 606.627566
29 635.671677
30 666.017285
31 697.718211
32 730.830284
33 765.411408
34 801.521627
35 839.223195
36 878.580644
37 919.660857
38 962.533143
39 1007.269309
40 1053.943742
41 1102.633483
42 1153.418312
43 1206.380828
44 1261.606536
45 1319.183932
46 1379.204591
47 1441.763260
48 1506.957949
49 1574.890023
50 1645.664303
51 1719.389161
52 1796.176621
53 1876.142463
54 1959.406325
55 2046.091811
56 2136.326597
57 2230.242548
58 2327.975820
59 2429.666984
60 2535.461137
61 2645.508024
62 2759.962154
63 2878.982928
64 3002.734759
65 3131.387198
66 3265.115069
67 3404.098589
68 3548.523509
69 3698.581244
70 3854.469007
71 4016.389952
72 4184.553308
73 4359.174522
74 4540.475402
75 4728.684262
76 4924.036066
77 5126.772577
78 5337.142505
79 5555.401658
80 5781.813092
81 6016.647266
82 6260.182195
83 6512.703606
84 6774.505091
85 7045.888270
86 7327.162943
87 7618.647253
88 7920.667843
89 8233.560016
90 8557.667899
91 8893.344599
92 9240.952365
93 9600.862754
94 9973.456783
95 10359.125100
96 10758.268135
97 11171.296270
98 11598.629988
99 12040.700040
100 12497.947599
101 12970.824419
102 13459.792987
103 13965.326682
104 14487.909921
105 15028.038318
106 15586.218826
107 16162.969886
108 16758.821572
109 17374.315733
110 18010.006128
111 18666.458568
112 19344.251043
113 20043.973854
114 20766.229739
115 21511.633994
116 22280.814589
117 23074.412283
118 23893.080733
119 24737.486594
120 25608.309621
121 26506.242760
122 27431.992237
123 28386.277636
124 29369.831977
125 30383.401783
126 31427.747144
127 32503.641767
128 33611.873028
129 34753.242008
130 35928.563528
131 37138.666167
132 38384.392283
133 39666.598014
134 40986.153279
135 42343.941759
136 43740.860881
137 45177.821782
138 46655.749265
139 48175.581749
140 49738.271198
141 51344.783054
142 52996.096139
143 54693.202563
144 56437.107609
145 58228.829609
146 60069.399805
147 61959.862204
148 63901.273406
149 65894.702434
150 67941.230537
151 70041.950989
152 72197.968863
153 74410.400801
154 76680.374758
155 79009.029744
156 81397.515535
157 83846.992378
158 86358.630680
159 88933.610677
160 91573.122086
161 94278.363744
162 97050.543227
163 99890.876452
164 102800.587265
165 105780.907006
166 108833.074059
167 111958.333388
168 115157.936047
169 118433.138680
170 121785.202994
171 125215.395223
172 128724.985569
173 132315.247623
174 135987.457767
175 139742.894568
176 143582.838134
177 147508.569473
178 151521.369815
179 155622.519929
180 159813.299413
181 164094.985970
182 168468.854663
183 172936.177154
184 177498.220927
185 182156.248483
186 186911.516533
187 191765.275159
188 196718.766965
189 201773.226212
190 206929.877931
191 212189.937022
192 217554.607340
193 223025.080759
194 228602.536226
195 234288.138796
196 240083.038653
197 245988.370120
198 252005.250650
199 258134.779805
200 264378.038229
201 270736.086594
202 277209.964553
203 283800.689661
204 290509.256304
205 297336.634607
206 304283.769336
207 311351.578789
208 318540.953684
209 325852.756033
210 333287.818016
211 340846.940843
212 348530.893616
213 356340.412186
214 364276.198001
215 372338.916960
216 380529.198258
217 388847.633237
218 397294.774230
219 405871.133414
220 414577.181654
221 423413.347364
222 432380.015360
223 441477.525725
224 450706.172677
225 460066.203445
226 469557.817154
227 479181.163718
228 488936.342743
229 498823.402444
230 508842.338569
231 518993.093345
232 529275.554433
233 539689.553897
234 550234.867198
235 560911.212199
236 571718.248190
237 582655.574941
238 593722.731767
239 604919.196621
240 616244.385211
241 627697.650144
242 639278.280088
243 650985.498975
244 662818.465222
245 674776.270982
246 686857.941438
247 699062.434115
248 711388.638230
249 723835.374084
250 736401.392478
251 749085.374173
252 761885.929385
253 774801.597322
254 787830.845757
255 800972.070641
256 814223.595767
257 827583.672464
258 841050.479345
259 854622.122096
260 868296.633308
261 882071.972362
262 895946.025354
263 909916.605076
264 923981.451039
265 938138.229553
266 952384.533847
267 966717.884253
268 981135.728431
269 995635.441653
270 1010214.327139
271 1024869.616440
272 1039598.469888
273 1054397.977086
274 1069265.157463
275 1084196.960881
276 1099190.268294
277 1114241.892468
278 1129348.578757
279 1144507.005926
280 1159713.787045
281 1174965.470424
282 1190258.540614
283 1205589.419464
284 1220954.467226
285 1236349.983724
286 1251772.209577
287 1267217.327471
288 1282681.463498
289 1298160.688536
290 1313651.019694
291 1329148.421804
292 1344648.808970
293 1360148.046167
294 1375641.950894
295 1391126.294875
296 1406596.805813
297 1422049.169194
298 1437479.030135
299 1452881.995286
300 1468253.634772
301 1483589.484189
302 1498885.046632
303 1514135.794781
304 1529337.173014
305 1544484.599576
306 1559573.468774
307 1574599.153217
308 1589557.006092
309 1604442.363475
310 1619250.546674
311 1633976.864603
312 1648616.616194
313 1663165.092825
314 1677617.580789
315 1691969.363776
316 1706215.725389
317 1720351.951672
318 1734373.333667
319 1748275.169981
320 1762052.769374
321 1775701.453362
322 1789216.558825
323 1802593.440636
324 1815827.474285
325 1828914.058522
326 1841848.617996
327 1854626.605896
328 1867243.506595
329 1879694.838292
330 1891976.155643
331 1904083.052394
332 1916011.163998
333 1927756.170227
334 1939313.797765
335 1950679.822787
336 1961850.073529
337 1972820.432821
338 1983586.840616
339 1994145.296483
340 2004491.862082
341 2014622.663601
342 2024533.894172
343 2034221.816251
344 2043682.763962
345 2052913.145405
346 2061909.444927
347 2070668.225349
348 2079186.130155
349 2087459.885635
350 2095486.302974
351 2103262.280305
352 2110784.804703
353 2118050.954132
354 2125057.899331
355 2131802.905655
356 2138283.334849
357 2144496.646769
358 2150440.401042
359 2156112.258660
360 2161509.983517
361 2166631.443877
362 2171474.613776
363 2176037.574360
364 2180318.515147
365 2184315.735231
366 2188027.644402
367 2191452.764205
368 2194589.728917
369 2197437.286460
370 2199994.299228
371 2202259.744849
372 2204232.716863
373 2205912.425330
374 2207298.197352
375 2208389.477529
376 2209185.828322
377 2209686.930354
378 2209892.582617
379 2209802.702607
380 2209417.326383
381 2208736.608540
382 2207760.822106
383 2206490.358359
384 2204925.726568
385 2203067.553648
386 2200916.583747
387 2198473.677746
388 2195739.812685
389 2192716.081112
390 2189403.690357
391 2185803.961725
392 2181918.329621
393 2177748.340596
394 2173295.652322
395 2168562.032493
396 2163549.357653
397 2158259.611963
398 2152694.885885
399 2146857.374809
400 2140749.377611
401 2134373.295140
402 2127731.628648
403 2120826.978158
404 2113662.040762
405 2106239.608870
406 2098562.568396
407 2090633.896888
408 2082456.661604
409 2074034.017538
410 2065369.205389
411 2056465.549487
412 2047326.455670
413 2037955.409109
414 2028355.972104
415 2018531.781824
416 2008486.548014
417 1998224.050666
418 1987748.137651
419 1977062.722320
420 1966171.781074
421 1955079.350900
422 1943789.526889
423 1932306.459719
424 1920634.353126
425 1908777.461342
426 1896740.086527
427 1884526.576176
428 1872141.320516
429 1859588.749889
430 1846873.332129
431 1833999.569925
432 1820971.998186
433 1807795.181398
434 1794473.710980
435 1781012.202644
436 1767415.293754
437 1753687.640693
438 1739833.916240
439 1725858.806948
440 1711767.010540
441 1697563.233319
442 1683252.187588
443 1668838.589090
444 1654327.154470
445 1639722.598753
446 1625029.632847
447 1610252.961072
448 1595397.278711
449 1580467.269597
450 1565467.603721
451 1550402.934876
452 1535277.898335
453 1520097.108560
454 1504865.156947
455 1489586.609617
456 1474266.005232
457 1458907.852860
458 1443516.629885
459 1428096.779947
460 1412652.710940
461 1397188.793045
462 1381709.356813
463 1366218.691299
464 1350721.042234
465 1335220.610257
466 1319721.549194
467 1304227.964379
468 1288743.911040
469 1273273.392729
470 1257820.359807
471 1242388.707980
472 1226982.276895
473 1211604.848784
474 1196260.147164
475 1180951.835598
476 1165683.516505
477 1150458.730025
478 1135280.952947
479 1120153.597687
480 1105080.011326
481 1090063.474696
482 1075107.201538
483 1060214.337697
484 1045387.960388
485 1030631.077512
486 1015946.627024
487 1001337.476363
488 986806.421935
489 972356.188643
490 957989.429488
491 943708.725202
492 929516.583954
493 915415.441095
494 901407.658964
495 887495.526739
496 873681.260341
497 859967.002391
498 846354.822211
499 832846.715880
500 819444.606329
501 806150.343493
502 792965.704500
503 779892.393913
504 766932.044011
505 754086.215112
506 741356.395946
507 728744.004061
508 716250.386274
509 703876.819159
510 691624.509577
511 679494.595236
512 667488.145296
513 655606.161000
514 643849.576348
515 632219.258793
516 620716.009979
517 609340.566504
518 598093.600713
519 586975.721515
520 575987.475240
521 565129.346502
522 554401.759108
523 543805.076971
524 533339.605059
525 523005.590359
526 512803.222861
527 502732.636563
528 492793.910493
529 482987.069741
530 473312.086521
531 463768.881231
532 454357.323535
533 445077.233456
534 435928.382476
535 426910.494653
536 418023.247736
537 409266.274299
538 400639.162872
539 392141.459083
540 383772.666803
541 375532.249293
542 367419.630356
543 359434.195487
544 351575.293031
545 343842.235327
546 336234.299866
547 328750.730436
548 321390.738268
549 314153.503180
550 307038.174711
551 300043.873256
552 293169.691187
553 286414.693974
554 279777.921297
555 273258.388143
556 266855.085904
557 260566.983456
558 254393.028236
559 248332.147297
560 242383.248366
561 236545.220876
562 230816.936992
563 225197.252625
564 219685.008427
565 214279.030780
566 208978.132759
567 203781.115090
568 198686.767091
569 193693.867591
570 188801.185838
571 184007.482394
572 179311.510001
573 174712.014449
574 170207.735403
575 165797.407238
576 161479.759833
577 157253.519367
578 153117.409081
579 149070.150031
580 145110.461824
581 141237.063324
582 137448.673359
583 133744.011387
584 130121.798162
585 126580.756372
586 123119.611259
587 119737.091225
588 116431.928415
589 113202.859281
590 110048.625133
591 106967.972666
592 103959.654473
593 101022.429534
594 98155.063694
595 95356.330121
596 92625.009740
597 89959.891659
598 87359.773571
599 84823.462143
600 82349.773383
601 79937.532992
602 77585.576706
603 75292.750609
604 73057.911439
605 70879.926880
606 68757.675825
607 66690.048641
608 64675.947404
609 62714.286129
610 60803.990981
611 58944.000470
612 57133.265635
613 55370.750217
614 53655.430807
615 51986.296995
616 50362.351497
617 48782.610273
618 47246.102627
619 45751.871307
620 44298.972578
621 42886.476296
622 41513.465965
623 40179.038783
624 38882.305680
625 37622.391344
626 36398.434237
627 35209.586604
628 34055.014468
629 32933.897620
630 31845.429602
631 30788.817671
632 29763.282771
633 28768.059485
634 27802.395980
635 26865.553956
636 25956.808572
637 25075.448379
638 24220.775239
639 23392.104240
640 22588.763606
641 21810.094601
642 21055.451425
643 20324.201112
644 19615.723413
645 18929.410686
646 18264.667773
647 17620.911875
648 16997.572426
649 16394.090962
650 15809.920983
651 15244.527821
652 14697.388494
653 14167.991565
654 13655.836998
655 13160.436004
656 12681.310901
657 12217.994950
658 11770.032214
659 11336.977392
660 10918.395669
661 10513.862558
662 10122.963740
663 9745.294904
664 9380.461590
665 9028.079027
666 8687.771971
667 8359.174546
668 8041.930082
669 7735.690953
670 7440.118421
671 7154.882466
672 6879.661637
673 6614.142882
674 6358.021397
675 6111.000464
676 5872.791292
677 5643.112865
678 5421.691782
679 5208.262104
680 5002.565203
681 4804.349605
682 4613.370845
683 4429.391312
684 4252.180104
685 4081.512883
686 3917.171726
687 3758.944985
688 3606.627143
689 3460.018676
690 3318.925914
691 3183.160903
692 3052.541275
693 2926.890107
694 2806.035799
695 2689.811940
696 2578.057180
697 2470.615108
698 2367.334129
699 2268.067338
700 2172.672405
701 2081.011459
702 1992.950966
703 1908.361623
704 1827.118244
705 1749.099649
706 1674.188561
707 1602.271495
708 1533.238662
709 1466.983862
710 1403.404386
711 1342.400921
712 1283.877454
713 1227.741178
714 1173.902401
715 1122.274457
716 1072.773619
717 1025.319013
718 979.832533
719 936.238763
720 894.464895
