0 178269628213407793545216.000000
1 184961151938951481655296.000000
2 191896810198536852340736.000000
3 199085239242894327414784.000000
4 206535370666907596226560.000000
5 214256441138339727278080.000000
6 222258002433824226541568.000000
7 230549931791358812487680.000000
8 239142442588827306426368.000000
9 248046095358324681736192.000000
10 257271809146340797054976.000000
11 266830873230153181298688.000000
12 276734959201062471335936.000000
13 286996133425405052846080.000000
14 297626869894586927415296.000000
15 308640063475703005315072.000000
16 320049043574615965696000.000000
17 331867588223713765490688.000000
18 344109938606916394549248.000000
19 356790814034815336054784.000000
20 369925427383231878004736.000000
21 383529501008819187089408.000000
22 397619283155729199923200.000000
23 412211564867734552444928.000000
24 427323697420607346966528.000000
25 442973610289976322293760.000000
26 459179829670260405960704.000000
27 475961497560753503207424.000000
28 493338391435343399223296.000000
29 511330944512823654350848.000000
30 529960266645177003671552.000000
31 549248165841747388137472.000000
32 569217170447651469000704.000000
33 589890551995287820304384.000000
34 611292348748337858478080.000000
35 633447389958152529117184.000000
36 656381320852963560783872.000000
37 680120628380906979065856.000000
38 704692667728423978795008.000000
39 730125689636147297255424.000000
40 756448868535007692455936.000000
41 783692331525912800526336.000000
42 811887188226922950688768.000000
43 841065561512489271689216.000000
44 871260619170099094355968.000000
45 902506606500094830182400.000000
46 934838879885403436875776.000000
47 968293941358353681743872.000000
48 1002909474192725989392384.000000
49 1038724379549633047691264.000000
50 1075778814206909798678528.000000
51 1114114229402152747401216.000000
52 1153773410820576226836480.000000
53 1194800519759482469744640.000000
54 1237241135502156219023360.000000
55 1281142298934652409217024.000000
56 1326552557439935844450304.000000
57 1373522011104739915202560.000000
58 1422102360275306770595840.000000
59 1472346954499177727393792.000000
60 1524310842891201545240576.000000
61 1578050825962822490390528.000000
62 1633625508954721306542080.000000
63 1691095356713928035926016.000000
64 1750522750157675879727104.000000
65 1811972044366992478568448.000000
66 1875509628354648222990336.000000
67 1941203986552710148128768.000000
68 2009125762066320866672640.000000
69 2079347821741612363415552.000000
70 2151945323096507093614592.000000
71 2226995783164885404221440.000000
72 2304579149305213014245376.000000
73 2384777872026787364470784.000000
74 2467676979887292343648256.000000
75 2553364156517255447838720.000000
76 2641929819828150064906240.000000
77 2733467203462286809235456.000000
78 2828072440544071545520128.000000
79 2925844649793827480010752.000000
80 3026886024066584241242112.000000
81 3131301921380179539656704.000000
82 3239200958498044418981888.000000
83 3350695107134248041054208.000000
84 3465899792849592347787264.000000
85 3584933996709267078381568.000000
86 3707920359774526608769024.000000
87 3834985290502378551771136.000000
88 3966259075129015665688576.000000
89 4101875991114812657500160.000000
90 4241974423730358734290944.000000
91 4386696985864792052858880.000000
92 4536190641140103641038848.000000
93 4690606830416512883359744.000000
94 4850101601776394464919552.000000
95 5014835744076193024966656.000000
96 5184974924157948446900224.000000
97 5360689827814142065508352.000000
98 5542156304601626529759232.000000
99 5729555516603161039077376.000000
100 5923074091236778236182528.000000
101 6122904278215817158459392.000000
102 6329244110765051883814912.000000
103 6542297571200406017540096.000000
104 6762274760982407120158720.000000
105 6989392075356241005641728.000000
106 7223872382693707528273920.000000
107 7465945208654784658145280.000000
108 7715846925289848056053760.000000
109 7973820945205689302646784.000000
110 8240117920921843190988800.000000
111 8514995949545973243445248.000000
112 8798720782900764728098816.000000
113 9091566043237196811468800.000000
114 9393813444672202957914112.000000
115 9705753020492063728205824.000000
116 10027683356465900860473344.000000
117 10359911830316756441759744.000000
118 10702754857501274662764544.000000
119 11056538143452316141879296.000000
120 11421596942441900337528832.000000
121 11798276323226116069261312.000000
122 12186931441636432970514432.000000
123 12587927820285712166551552.000000
124 13001641635561423539011584.000000
125 13428460012081420206866432.000000
126 13868781324792489199009792.000000
127 14323015508894693317410816.000000
128 14791584377779462697123840.000000
129 15274921949173382446579712.000000
130 15773474779682609901338624.000000
131 16287702307938842208894976.000000
132 16818077206550724932009984.000000
133 17365085743069286757302272.000000
134 17929228150180815086551040.000000
135 18511019005344779176247296.000000
136 19110987620098927944007680.000000
137 19729678439258764064325632.000000
138 20367651450243258163134464.000000
139 21025482602763002690142208.000000
140 21703764239113224160542720.000000
141 22403105535317349517754368.000000
142 23124132953374340709089280.000000
143 23867490704864882024513536.000000
144 24633841226180766845632512.000000
145 25423865665644416022347776.000000
146 26238264382791434394140672.000000
147 27077757460095683272900608.000000
148 27943085227421938751635456.000000
149 28835008799495118418608128.000000
150 29754310626683915279007744.000000
151 30701795059400500207157248.000000
152 31678288926424521257254912.000000
153 32684642127466470043549696.000000
154 33721728240291163347615744.000000
155 34790445142729153331593216.000000
156 35891715649908758819110912.000000
157 37026488167050760249409536.000000
158 38195737358172289151008768.000000
159 39400464831053774490435584.000000
160 40641699838830152645607424.000000
161 41920499998576038903808000.000000
162 43237952027256559838953472.000000
163 44595172495430909020864512.000000
164 45993308599095636969652224.000000
165 47433538950065904722903040.000000
166 48917074385300747223826432.000000
167 50445158795585359175483392.000000
168 52019069973989489089970176.000000
169 53640120484533379587375104.000000
170 55309658551497047096164352.000000
171 57029068969817971236012032.000000
172 58799774037031541293449216.000000
173 60623234507216724688896000.000000
174 62500950567416766727716864.000000
175 64434462837015674504609792.000000
176 66425353390558298756874240.000000
177 68475246804512564880343040.000000
178 70585811228479061521072128.000000
179 72758759481365367093198848.000000
180 74995850173050577701830656.000000
181 77298888852073213711089664.000000
182 79669729179890465474871296.000000
183 82110274132259925613608960.000000
184 84622477228311018398023680.000000
185 87208343787879023337537536.000000
186 89869932217686607389523968.000000
187 92609355326971043064578048.000000
188 95428781673157935402844160.000000
189 98330436938201290321690624.000000
190 101316605336218518568304640.000000
191 104389631053053230118338560.000000
192 107551919718420784353378304.000000
193 110805939911295306561486848.000000
194 114154224699207068967501824.000000
195 117599373212138616471420928.000000
196 121144052251712157621682176.000000
197 124790997936374966281830400.000000
198 128543017383301651256836096.000000
199 132402990427746977372438528.000000
200 136373871380590033966727168.000000
201 140458690824824153209569280.000000
202 144660557451763731037945856.000000
203 148982659937751644799762432.000000
204 153428268862150137064980480.000000
205 158000738667436191552372736.000000
206 162703509662211758421442560.000000
207 167540110067963461334204416.000000
208 172514158110423323682799616.000000
209 177629364156386311986479104.000000
210 182889532896858224086482944.000000
211 188298565577426845839654912.000000
212 193860462276752924964028416.000000
213 199579324234103692810256384.000000
214 205459356226849053492641792.000000
215 211504868998878630403637248.000000
216 217720281740888686085537792.000000
217 224110124623519026996314112.000000
218 230679041384326670495776768.000000
219 237431791969606038043230208.000000
220 244373255232062827257659392.000000
221 251508431685393486230585344.000000
222 258842446316810806048587776.000000
223 266380551458576007411269632.000000
224 274128129719637210929561600.000000
225 282090696978455935668191232.000000
226 290273905438140172855148544.000000
227 298683546745018730758012928.000000
228 307325555171798865351278592.000000
229 316206010866470961113202688.000000
230 325331143168139385093750784.000000
231 334707333990974649033293824.000000
232 344341121277509330303713280.000000
233 354239202522488932449386496.000000
234 364408438368543669888221184.000000
235 374855856274939499111251968.000000
236 385588654260680050297798656.000000
237 396614204723273238302425088.000000
238 407940058334477637639995392.000000
239 419573948014343706095124480.000000
240 431523792984933935936962560.000000
241 443797702905062649730433024.000000
242 456403982087466526479220736.000000
243 469351133799788700130869248.000000
244 482647864650823731343523840.000000
245 496303089063454329458917376.000000
246 510325933835739632525901824.000000
247 524725742791634919306035200.000000
248 539512081522856368455811072.000000
249 554694742223379603629539328.000000
250 570283748618126459066646528.000000
251 586289360987401821930651648.000000
252 602722081288622341579866112.000000
253 619592658376966550721658880.000000
254 636912093326528389524226048.000000
255 654691644853619345678401536.000000
256 672942834843862086939836416.000000
257 691677453984748767971115008.000000
258 710907567505349287931281408.000000
259 730645521024857455319842816.000000
260 750903946511749809281433600.000000
261 771695768355240037356404736.000000
262 793034209550839335572471808.000000
263 814932798001782616676630528.000000
264 837405372938138746422820864.000000
265 860466091455407457229078528.000000
266 884129435174460564099301376.000000
267 908410217024688406239641600.000000
268 933323588152205840729767936.000000
269 958885044955061449928998912.000000
270 985110436247310473730457600.000000
271 1012015970553962198552543232.000000
272 1039618223538660939791335424.000000
273 1067934145566177595198799872.000000
274 1096981069401637151485984768.000000
275 1126776718048507307130617856.000000
276 1157339212727401549353975808.000000
277 1188687080997739715310387200.000000
278 1220839265024300271439708160.000000
279 1253815129990800112319725568.000000
280 1287634472662596586108354560.000000
281 1322317530100582676726546432.000000
282 1357884988528506939069431808.000000
283 1394357992355805197754171392.000000
284 1431758153358144132171694080.000000
285 1470107560017879756827525120.000000
286 1509428787026645763145859072.000000
287 1549744904952261949899407360.000000
288 1591079490072279963020558336.000000
289 1633456634376352723665682432.000000
290 1676900955739773352590442496.000000
291 1721437608270410101882355712.000000
292 1767092292831447148660785152.000000
293 1813891267742138520337121280.000000
294 1861861359659019915539513344.000000
295 1911029974639896466091409408.000000
296 1961425109392965991997112320.000000
297 2013075362713488978434064384.000000
298 2066009947110416503751573504.000000
299 2120258700625353537493139456.000000
300 2175852098846328485947899904.000000
301 2232821267118788185690210304.000000
302 2291197992956301592118689792.000000
303 2351014738653381192971190272.000000
304 2412304654103016444501426176.000000
305 2475101589821251844235591680.000000
306 2539440110181483652587716608.000000
307 2605355506860860928688128000.000000
308 2672883812501383253965406208.000000
309 2742061814588202304871071744.000000
310 2812927069547706729025765376.000000
311 2885517917067885391548252160.000000
312 2959873494643578682415775744.000000
313 3036033752349197888890339328.000000
314 3114039467841397529289687040.000000
315 3193932261594452725707309056.000000
316 3275754612370722608111419392.000000
317 3359549872928968869857460224.000000
318 3445362285973056152334761984.000000
319 3533237000343611514002866176.000000
320 3623220087455323593166028800.000000
321 3715358557982421336346066944.000000
322 3809700378794960674799747072.000000
323 3906294490148602507308302336.000000
324 4005190823130401520134127616.000000
325 4106440317363219933039689728.000000
326 4210094938971533092379951104.000000
327 4316207698810950179337797632.000000
328 4424832670964423662499790848.000000
329 4536025011507408640434765824.000000
330 4649840977544799468426100736.000000
331 4766337946522133513438756864.000000
332 4885574435813740997402165248.000000
333 5007610122590247759762161664.000000
334 5132505863968306162208604160.000000
335 5260323717444742163717947392.000000
336 5391126961618010281491824640.000000
337 5524980117199335780954144768.000000
338 5661948968316058128143613952.000000
339 5802100584109834873373458432.000000
340 5945503340631999547413889024.000000
341 6092226943038823448778375168.000000
342 6242342448088963908252991488.000000
343 6395922286945567434273193984.000000
344 6553040288285584103682605056.000000
345 6713771701718704426873520128.000000
346 6878193221518063834494926848.000000
347 7046383010665520739402121216.000000
348 7218420725213455408940711936.000000
349 7394387538965720778890280960.000000
350 7574366168479833181648846848.000000
351 7758440898392784530843893760.000000
352 7946697607072780538741784576.000000
353 8139223792598984142943682560.000000
354 8336108599071465364646789120.000000
355 8537442843253751235284566016.000000
356 8743319041549671238475972608.000000
357 8953831437317028243539230720.000000
358 9169076028519792576523403264.000000
359 9389150595720991863734272000.000000
360 9614154730418371426196127744.000000
361 9844189863724399725700448256.000000
362 10079359295392926737348165632.000000
363 10319768223194001579515576320.000000
364 10565523772638858208987840512.000000
365 10816735027056671169701740544.000000
366 11073513058024861504423067648.000000
367 11335970956154525130986356736.000000
368 11604223862232694523189788672.000000
369 11878388998722788294670680064.000000
370 12158585701624939734645080064.000000
371 12444935452697418156348538880.000000
372 12737561912040574622317412352.000000
373 13036590951044785392091922432.000000
374 13342150685703332075271094272.000000
375 13654371510291518112663601152.000000
376 13973386131413244242464604160.000000
377 14299329602415821405691052032.000000
378 14632339358174274534131105792.000000
379 14972555250245752947319242752.000000
380 15320119582394880788350894080.000000
381 15675177146491140413094625280.000000
382 16037875258778442664429748224.000000
383 16408363796517743849602285568.000000
384 16786795235003131633164353536.000000
385 17173324684951846038427140096.000000
386 17568109930268415877334433792.000000
387 17971311466183222870058991616.000000
388 18383092537765603405484523520.000000
389 18803619178811648471270948864.000000
390 19233060251106356506851803136.000000
391 19671587484060174363735883776.000000
392 20119375514719871397531746304.000000
393 20576601928152862684346318848.000000
394 21043447298205016545929723904.000000
395 21520095228631137143008264192.000000
396 22006732394597328289410318336.000000
397 22503548584554838264752635904.000000
398 23010736742484053017594167296.000000
399 23528493010507775741941252096.000000
400 24057016771872869237336834048.000000
401 24596510694298330310115328000.000000
402 25147180773689479556474339328.000000
403 25709236378215596913130995712.000000
404 26282890292750039803376959488.000000
405 26868358763671155028671856640.000000
406 27465861544021380762240548864.000000
407 28075621939023412744767406080.000000
408 28697866851950523175397228544.000000
409 29332826830348833274787266560.000000
410 29980736112609657156303585280.000000
411 30641832674888442548618002432.000000
412 31316358278367994997240758272.000000
413 32004558516863386299500855296.000000
414 32706682864764703280323362816.000000
415 33422984725315130022292357120.000000
416 34153721479220638404604592128.000000
417 34899154533587605785984106496.000000
418 35659549371185351567744172032.000000
419 36435175600028745989741346816.000000
420 37226307003277544245826682880.000000
421 38033221589448395317957361664.000000
422 38856201642933935611853144064.000000
423 39695533774826478099872350208.000000
424 40551508974039414028317491200.000000
425 41424422658722676810566336512.000000
426 42314574727967236740819714048.000000
427 43222269613792592408652808192.000000
428 44147816333412214255021719552.000000
429 45091528541771649419772428288.000000
430 46053724584352594053862260736.000000
431 47034727550237954507643289600.000000
432 48034865325430508677069012992.000000
433 49054470646419625969220321280.000000
434 50093881153989123361942274048.000000
435 51153439447259211887080898560.000000
436 52233493137955874894902198272.000000
437 53334394904900148644066361344.000000
438 54456502548709591043576692736.000000
439 55600179046705271108192436224.000000
440 56765792608015227947585634304.000000
441 57953716728866324475847639040.000000
442 59164330248057960344229773312.000000
443 60398017402606156399631138816.000000
444 61655167883551879791997091840.000000
445 62936176891923274321327292416.000000
446 64241445194842524942247919616.000000
447 65571379181768657090149089280.000000
448 66926390920866023380516601856.000000
449 68306898215488230233087148032.000000
450 69713324660768567590316408832.000000
451 71146099700304979043649847296.000000
452 72605658682930415634760073216.000000
453 74092442919556716198356844544.000000
454 75606899740080359423315279872.000000
455 77149482550341502645332606976.000000
456 78720650889120544772417650688.000000
457 80320870485164032976702406656.000000
458 81950613314225953752949456896.000000
459 83610357656111741969803247616.000000
460 85300588151714259088112091136.000000
461 87021795860026725615531982848.000000
462 88774478315120645110902030336.000000
463 90559139583075877442579070976.000000
464 92376290318847098702035681280.000000
465 94226447823055406365839196160.000000
466 96110136098689641358850785280.000000
467 98027885907701453313716256768.000000
468 99980234827483272240045228032.000000
469 101967727307210714807932026880.000000
470 103990914724034894100145635328.000000
471 106050355439111843313734385664.000000
472 108146614853448716843978063872.000000
473 110280265463555773634409660416.000000
474 112451886916883384013374357504.000000
475 114662066067030725140104085504.000000
476 116911397028707974739937722368.000000
477 119200481232435220183200563200.000000
478 121529927478960226838907977728.000000
479 123900351993378951260876570624.000000
480 126312378478938445046989455360.000000
481 128766638170507266382222065664.000000
482 131263769887692306234361249792.000000
483 133804420087583522222698921984.000000
484 136389242917109990728260386816.000000
485 139018900264986149030127992832.000000
486 141694061813227345543025393664.000000
487 144415405088219815166768840704.000000
488 147183615511319008127867682816.000000
489 149999386448961178217647964160.000000
490 152863419262264762450715869184.000000
491 155776423356100406336135626752.000000
492 158739116227612570340858789888.000000
493 161752223514165132997687246848.000000
494 164816479040695931746515943424.000000
495 167932624866453219911091093504.000000
496 171101411331095462462820974592.000000
497 174323597100129841511177125888.000000
498 177599949209668149791200116736.000000
499 180931243110477694887461388288.000000
500 184318262711302268474670186496.000000
501 187761800421431858845439754240.000000
502 191262657192495316580471668736.000000
503 194821642559455636794090979328.000000
504 198439574680779956748065701888.000000
505 202117280377762278601155149824.000000
506 205855595172974112312064475136.000000
507 209655363327817354104180572160.000000
508 213517437879156776940836225024.000000
509 217442680675002472585431613440.000000
510 221431962409222577182415519744.000000
511 225486162655255881061641486336.000000
512 229606169898801206633636560896.000000
513 233792881569456532778018406400.000000
514 238047204071281266339761618944.000000
515 242370052812255589113595428864.000000
516 246762352232612321624814780416.000000
517 251225035832008547056090087424.000000
518 255759046195517890206231429120.000000
519 260365335018409920774306529280.000000
520 265044863129691840802417803264.000000
521 269798600514385329126257983488.000000
522 274627526334509058329633882112.000000
523 279532628948741551455054331904.000000
524 284514905930732606982386089984.000000
525 289575364086039929652510720000.000000
526 294715019467656838295056285696.000000
527 299934897390108990058904158208.000000
528 305236032442084760751521660928.000000
529 310619468497577396607681298432.000000
530 316086258725502803137431339008.000000
531 321637465597770699345785520128.000000
532 327274160895775043667577798656.000000
533 332997425715279032188275785728.000000
534 338808350469658112588152569856.000000
535 344708034891481732773912248320.000000
536 350697588032395121388471451648.000000
537 356778128261276260032202145792.000000
538 362950783260638351585592737792.000000
539 369216690021245344642261581824.000000
540 375576994834913914667023728640.000000
541 382032853285471150737805279232.000000
542 388585430237835437511595261952.000000
543 395235899825195621878996140032.000000
544 401985445434253491041516650496.000000
545 408835259688505003319888969728.000000
546 415786544429522976258996043776.000000
547 422840510696220543618620850176.000000
548 429998378702057522865650008064.000000
549 437261377810164149313595244544.000000
550 444630746506351285030738722816.000000
551 452107732369976632850673303552.000000
552 459693592042638526512589963264.000000
553 467389591194667249477548507136.000000
554 475197004489381653535898206208.000000
555 483117115545087151832827953152.000000
556 491151216894779972308701282304.000000
557 499300609943531353643853807616.000000
558 507566604923522480679019347968.000000
559 515950520846699548907667456000.000000
560 524453685455020669805092929536.000000
561 533077435168266539865330417664.000000
562 541823115029387077691943944192.000000
563 550692078647349548458044293120.000000
564 559685688137470161337024774144.000000
565 568805314059189451932299165696.000000
566 578052335351275827844834394112.000000
567 587428139264415689450668949504.000000
568 596934121291175629927116439552.000000
569 606571685093299841305705185280.000000
570 616342242426323867728414244864.000000
571 626247213061468395635210190848.000000
572 636288024704795910909305290752.000000
573 646466112913597079301629411328.000000
574 656782921009988061679820210176.000000
575 667239899991682172354759229440.000000
576 677838508439922791898236846080.000000
577 688580212424544109298261688320.000000
578 699466485406141679053505036288.000000
579 710498808135318312522233151488.000000
580 721678668548993200101728976896.000000
581 733007561663745272315602010112.000000
582 744486989466164481898663903232.000000
583 756118460800194962805697282048.000000
584 767903491251442622333888495616.000000
585 779843603028426618685624418304.000000
586 791940324840758679897980796928.000000
587 804195191774216768616673574912.000000
588 816609745162706337315032137728.000000
589 829185532457082152360230256640.000000
590 841924107090807887453661167616.000000
591 854827028342449827270759546880.000000
592 867895861194959645303996678144.000000
593 881132176191758781545512435712.000000
594 894537549289582480237854195712.000000
595 908113561708083065480357609472.000000
596 921861799776166277518335148032.000000
597 935783854775047862603632082944.000000
598 949881322778019438902458187776.000000
599 964155804486907594376822652928.000000
600 978608905065201728316598386688.000000
601 993242233967858940034028666880.000000
602 1008057404767753172885889351680.000000
603 1023056034978769176573260070912.000000
604 1038239745875524539957790113792.000000
605 1053610162309712476045064536064.000000
606 1069168912523054522348467126272.000000
607 1084917627956854430909262200832.000000
608 1100857943058143255611221999616.000000
609 1116991495082413947939939418112.000000
610 1133319923892931668912967254016.000000
611 1149844871756620380130737389568.000000
612 1166567983136514595686679838720.000000
613 1183490904480778546736355344384.000000
614 1200615284008283892263835140096.000000
615 1217942771490750479644955246592.000000
616 1235475018031434955358702927872.000000
617 1253213675840386506882639986688.000000
618 1271160398006247921461667823616.000000
619 1289316838264625746385666310144.000000
620 1307684650763006469827916201984.000000
621 1326265489822245180892115894272.000000
622 1345061009694615027656459026432.000000
623 1364072864318427465576446164992.000000
624 1383302707069229488695918198784.000000
625 1402752190507582065790962106368.000000
626 1422422966123429633070873968640.000000
627 1442316684077069932110410678272.000000
628 1462434992936730103987841269760.000000
629 1482779539412761424527773138944.000000
630 1503351968088466472922611974144.000000
631 1524153921147567740931910139904.000000
632 1545187038098335415583136284672.000000
633 1566452955494385594372934598656.000000
634 1587953306652162443767755833344.000000
635 1609689721365131322601624305664.000000
636 1631663825614693284945179181056.000000
637 1653877241277831377020128329728.000000
638 1676331585831533201205435039744.000000
639 1699028472053984962060633505792.000000
640 1721969507722575837913059164160.000000
641 1745156295308729566507596513280.000000
642 1768590431669590266316708642816.000000
643 1792273507736586981833722298368.000000
644 1816207108200907070671876521984.000000
645 1840392811195896165392667639808.000000
646 1864832187976431716384601276416.000000
647 1889526802595283345116256796672.000000
648 1914478211576506732609798144000.000000
649 1939687963585883709508883054592.000000
650 1965157599098469064860963438592.000000
651 1990888650063254488188115222528.000000
652 2016882639565005095416809652224.000000
653 2043141081483290775189786198016.000000
654 2069665480148762739580858269696.000000
655 2096457329996714122759437811712.000000
656 2123518115217953901002356686848.000000
657 2150849309407052399373163954176.000000
658 2178452375207999761890475507712.000000
659 2206328763957301592033373192192.000000
660 2234479915324599865251563831296.000000
661 2262907256950816580205507772416.000000
662 2291612204083907405979297251328.000000
663 2320596159212261072588326830080.000000
664 2349860511695794044377656983552.000000
665 2379406637394790860331902042112.000000
666 2409235898296558258241006469120.000000
667 2439349642139927422669068173312.000000
668 2469749202037682043819780997120.000000
669 2500435896096948779045468766208.000000
670 2531411027037623300493655670784.000000
671 2562675881808889068311445241856.000000
672 2594231731203889346527700713472.000000
673 2626079829472602564158881267712.000000
674 2658221413933013626805871968256.000000
675 2690657704580617207538826346496.000000
676 2723389903696333237438384177152.000000
677 2756419195452895112913257234432.000000
678 2789746745519793373437335961600.000000
679 2823373700666821574552451022848.000000
680 2857301188366322872378638467072.000000
681 2891530316394178414978508259328.000000
682 2926062172429639997467238858752.000000
683 2960897823654063275863539974144.000000
684 2996038316348629359874317221888.000000
685 3031484675491106576008753446912.000000
686 3067237904351777375911466237952.000000
687 3103298984088557974462459281408.000000
688 3139668873341422744684598394880.000000
689 3176348507826208804752370696192.000000
690 3213338799927875669445731942400.000000
691 3250640638293316793441030504448.000000
692 3288254887423786619783744585728.000000
693 3326182387267060227133344317440.000000
694 3364423952809376804226040070144.000000
695 3402980373667289674645262827520.000000
696 3441852413679477478045358489600.000000
697 3481040810498645423367829585920.000000
698 3520546275183560524146491260928.000000
699 3560369491791368871739291336704.000000
700 3600511116970228723483999731712.000000
701 3640971779552408024565470461952.000000
702 3681752080147897029090284142592.000000
703 3722852590738662121158337363968.000000
704 3764273854273625841374345560064.000000
705 3806016384264467131441480728576.000000
706 3848080664382347068478433787904.000000
707 3890467148055665923651144777728.000000
708 3933176258068920787963471724544.000000
709 3976208386162824205943523246080.000000
710 4019563892635709149973558853632.000000
711 4063243105946394286799064137728.000000
712 4107246322318564705312436125696.000000
713 4151573805346801524750239662080.000000
714 4196225785604336381547746689024.000000
715 4241202460252679976588415074304.000000
716 4286503992653177037193975169024.000000
717 4332130511980632934943106793472.000000
718 4378082112839125112259344334848.000000
719 4424358854880060116363179458560.000000
720 4470960762422643999674480984064.000000
721 4517887824076825759360294584320.000000
722 4565139992368863560715632377856.000000
723 4612717183369591431470824554496.000000
724 4660619276325521535014254149632.000000
725 4708846113292872657472975798272.000000
726 4757397498774660016640039583744.000000
727 4806273199360930272291579756544.000000
728 4855472943372284164231883915264.000000
729 4904996420506766716959828475904.000000
730 4954843281490277007444104183808.000000
731 5005013137730561672301921697792.000000
732 5055505560974963854116990746624.000000
733 5106320082971979378292487618560.000000
734 5157456195136785667725316849664.000000
735 5208913348220830089594493992960.000000
736 5260690951985593701954054258688.000000
737 5312788374880650871420519186432.000000
738 5365204943726140729645326139392.000000
739 5417939943399746733014255665152.000000
740 5470992616528334070261466791936.000000
741 5524362163184304590693202919424.000000
742 5578047740586856152405704179712.000000
743 5632048462808171160295276806144.000000
744 5686363400484741459443378552832.000000
745 5740991580533853227774763859968.000000
746 5795931985875436781771734122496.000000
747 5851183555159292554243561488384.000000
748 5906745182497904913333572599808.000000
749 5962615717204882103360724926464.000000
750 6018793963539170926283378917376.000000
751 6075278680455155376076229705728.000000
752 6132068581358728172113038934016.000000
753 6189162333869469173644080971776.000000
754 6246558559589032006359919362048.000000
755 6304255833875853742832011444224.000000
756 6362252685626270953423247507456.000000
757 6420547597062192998255941386240.000000
758 6479139003525395610632055685120.000000
759 6538025293278587894292992229376.000000
760 6597204807313298896415128289280.000000
761 6656675839164751515427218128896.000000
762 6716436634733791297644070436864.000000
763 6776485392115970327808210632704.000000
764 6836820261437912314329094422528.000000
765 6897439344701042185812978958336.000000
766 6958340695632786033474694807552.000000
767 7019522319545340478623120883712.000000
768 7080982173202113922111885017088.000000
769 7142718164691926370048117047296.000000
770 7204728153311078173950125015040.000000
771 7267009949453360868847939223552.000000
772 7329561314508137336016197386240.000000
773 7392379960766553214834247204864.000000
774 7455463551335976391165454843904.000000
775 7518809700062771522746869350400.000000
776 7582415971463481659183280947200.000000
777 7646279880664501399038686396416.000000
778 7710398893350342915016777269248.000000
779 7774770425720566904824489050112.000000
780 7839391844455467413811251642368.000000
781 7904260466690578083378351833088.000000
782 7969373560000103407949837238272.000000
783 8034728342389327917800583331840.000000
784 8100321982296086604334629912576.000000
785 8166151598601400170605216530432.000000
786 8232214260649284114275771613184.000000
787 8298506988275870128710396936192.000000
788 8365026751847862340191984287744.000000
789 8431770472310424082760045953024.000000
790 8498735021244535743064905351168.000000
791 8565917220933911495430981550080.000000
792 8633313844441518837225534521344.000000
793 8700921615695762849027747479552.000000
794 8768737209586408363092091076608.000000
795 8836757252070265935803826831360.000000
796 8904978320286727192519569833984.000000
797 8973396942683172062791047577600.000000
798 9042009599150321089465999687680.000000
799 9110812721167566588663423827968.000000
800 9179802691958317563520279904256.000000
801 9248975846655434932903317864448.000000
802 9318328472476743564287146983424.000000
803 9387856808910726945389789839360.000000
804 9457557047912371843468422545408.000000
805 9527425334109236135769246007296.000000
806 9597457765017778091728320856064.000000
807 9667650391269929092524856573952.000000
808 9737999216849997608179688538112.000000
809 9808500199341859396202669277184.000000
810 9879149250186528497381148721152.000000
811 9949942234950061740913456054272.000000
812 10020874973601858683382259515392.000000
813 10091943240803333337669760450560.000000
814 10163142766207012860910156906496.000000
815 10234469234766018165483103059968.000000
816 10305918287053982748043506614272.000000
817 10377485519595373707790645198848.000000
818 10449166485206239723774552309760.000000
819 10520956693345370228640976994304.000000
820 10592851610475875911914078863360.000000
821 10664846660437141013220957356032.000000
822 10736937224827208204052984758272.000000
823 10809118643395508237871209250816.000000
824 10881386214445977152752288006144.000000
825 10953735195250500227979980832768.000000
826 11026160802472678190982576996352.000000
827 11098658212601893156618118365184.000000
828 11171222562397654032609095712768.000000
829 11243848949344171851530717102080.000000
830 11316532432115124496956102017024.000000
831 11389268031048631089956724408320.000000
832 11462050728632323445967420391424.000000
833 11534875469998519105615587966976.000000
834 11607737163429448651718491373568.000000
835 11680630680872469758454259515392.000000
836 11753550858465225188510118445056.000000
837 11826492497070717716610093678592.000000
838 11899450362822198396630752821248.000000
839 11972419187677854661506106392576.000000
840 12045393669985192421330423644160.000000
841 12118368475055118915058404425728.000000
842 12191338235745541668217984909312.000000
843 12264297553054553362430001414144.000000
844 12337240996723011213750549086208.000000
845 12410163105846508608036221747200.000000
846 12483058389496617396142293909504.000000
847 12555921327351351309357943881728.000000
848 12628746370334737905087833702400.000000
849 12701527941265426985186007973888.000000
850 12774260435514243163149750501376.000000
851 12846938221670597011780478697472.000000
852 12919555642217628690522109378560.000000
853 12992107014216021002082112765952.000000
854 13064586629996360281145315688448.000000
855 13136988757859961798587347632128.000000
856 13209307642787995299801330614272.000000
857 13281537507158899418138744455168.000000
858 13353672551473862035282912608256.000000
859 13425706955090341818757158010880.000000
860 13497634876963439533583465709568.000000
861 13569450456395076343895192240128.000000
862 13641147813790769687121149034496.000000
863 13712721051423963936544599834624.000000
864 13784164254207713190253940441088.000000
865 13855471490473637373491581812736.000000
866 13926636812757998532013705920512.000000
867 13997654258594764460271886925824.000000
868 14068517851315499786629806030848.000000
869 14139221600855989940022885220352.000000
870 14209759504569402091477049278464.000000
871 14280125548045877235895372873728.000000
872 14350313705938377773727145263104.000000
873 14420317942794657736330345185280.000000
874 14490132213895193525440940605440.000000
875 14559750466096908533562800603136.000000
876 14629166638682574551687907770368.000000
877 14698374664215676043364571021312.000000
878 14767368469400608932524258754560.000000
879 14836141975948042768281212289024.000000
880 14904689101445288640717881606144.000000
881 14973003760231467933873138040832.000000
882 15041079864277376081342020714496.000000
883 15108911324069780115708629221376.000000
884 15176492049500082457817752010752.000000
885 15243815950757069470908519809024.000000
886 15310876939223652455817722986496.000000
887 15377668928377351137473473806336.000000
888 15444185834694398045489274552320.000000
889 15510421578557220594478613528576.000000
890 15576370085165199533098473095168.000000
891 15642025285448399768846902231040.000000
892 15707381116984203762820429381632.000000
893 15772431524916563767654791249920.000000
894 15837170462877760318658293268480.000000
895 15901591893912401265759786893312.000000
896 15965689791403514979283374178304.000000
897 16029458140000530563966980587520.000000
898 16092890936548942419241564372992.000000
899 16155982191021467742786799271936.000000
900 16218725927450471797381861998592.000000
901 16281116184861530336662130786304.000000
902 16343147018207822945007133786112.000000
903 16404812499305244701569063059456.000000
904 16466106717768019995659740381184.000000
905 16527023781944519004120814714880.000000
906 16587557819853249809079427137536.000000
907 16647702980118609573123811442688.000000
908 16707453432906388016499389366272.000000
909 16766803370858651649356102369280.000000
910 16825747010027920938854246252544.000000
911 16884278590810343173553402150912.000000
912 16942392378877739427894524903424.000000
913 17000082666108205871201645494272.000000
914 17057343771515174845611012784128.000000
915 17114170042174647482551522820096.000000
916 17170555854150404202992458792960.000000
917 17226495613417026468272328933376.000000
918 17281983756780423536734141153280.000000
919 17337014752795776405974380707840.000000
920 17391583102682572429732706516992.000000
921 17445683341236606760432613457920.000000
922 17499310037738671394196163657728.000000
923 17552457796859783199545083559936.000000
924 17605121259562707735408348758016.000000
925 17657295103999546923055447015424.000000
926 17708974046405221686969293078528.000000
927 17760152841986649154475377295360.000000
928 17810826285807348701749133180928.000000
929 17860989213667287695017174368256.000000
930 17910636502977840826162834571264.000000
931 17959763073631511761965075660800.000000
932 18008363888866318027778961702912.000000
933 18056433956124636463674467287040.000000
934 18103968327906205260058772635648.000000
935 18150962102615199256188939141120.000000
936 18197410425401090271198813618176.000000
937 18243308488993141597052644360192.000000
938 18288651534528311473444040474624.000000
939 18333434852372356127257601769472.000000
940 18377653782933979254205888593920.000000
941 18421303717471775741062598885376.000000
942 18464380098893816506104621826048.000000
943 18506878422549647025981785899008.000000
944 18548794237014548678426784432128.000000
945 18590123144865835469024096419840.000000
946 18630860803450996990853553061888.000000
947 18671002925647523235622150995968.000000
948 18710545280614237867698458460160.000000
949 18749483694533881004071040581632.000000
950 18787814051346851428238356381696.000000
951 18825532293475869547249876860928.000000
952 18862634422541405717711279882240.000000
953 18899116500067693796768627032064.000000
954 18934974648179134011487731843072.000000
955 18970205050286950038639898263552.000000
956 19004803951765931409908002979840.000000
957 19038767660621011292733602529280.000000
958 19072092548143650373407487295488.000000
959 19104775049557738612027530674176.000000
960 19136811664654927049131099684864.000000
961 19168198958419193757418236411904.000000
962 19198933561640540355774180753408.000000
963 19229012171517578143011170156544.000000
964 19258431552248936297335105781760.000000
965 19287188535613311997551990276096.000000
966 19315280021537991329228297076736.000000
967 19342702978655764414611605946368.000000
968 19369454444850000579130881474560.000000
969 19395531527787845273879561895936.000000
970 19420931405441340595697853923328.000000
971 19445651326596352311263921963008.000000
972 19469688611349175032604591652864.000000
973 19493040651590711961234138202112.000000
974 19515704911478069323134387879936.000000
975 19537678927893477674383398928384.000000
976 19558960310890398214044459728896.000000
977 19579546744126730787722297868288.000000
978 19599435985284970459399169507328.000000
979 19618625866479267615554555346944.000000
980 19637114294649229471981877854208.000000
981 19654899251940384170308760764416.000000
982 19671978796071224147627724505088.000000
983 19688351060686709433847192223744.000000
984 19704014255698188092566346399744.000000
985 19718966667609569424087437017088.000000
986 19733206659829736419766659186688.000000
987 19746732672971096136711984381952.000000
988 19759543225134180172635211563008.000000
989 19771636912178218679664572891136.000000
990 19783012407977674406319011921920.000000
991 19793668464664567882658107883520.000000
992 19803603912856627525604851318784.000000
993 19812817661871190355047419478016.000000
994 19821308699924700198332620865536.000000
995 19829076094317942994739457425408.000000
996 19836118991606753487554789507072.000000
997 19842436617758314900941042614272.000000
998 19848028278292943515204899045376.000000
999 19852893358411317608070328090624.000000
1000 19857031323107139502956886360064.000000
1001 19860441717265187940066828222464.000000
1002 19863124165744745007682330558464.000000
1003 19865078373448379619274322345984.000000
1004 19866304125376040248626831687680.000000
1005 19866801286664470433775732391936.000000
1006 19866569802611976323159468015616.000000
1007 19865609698688413407792745938944.000000
1008 19863921080530541058250904698880.000000
1009 19861504133922650290872779800576.000000
1010 19858359124762485029380391174144.000000
1011 19854486399012499646111912296448.000000
1012 19849886382636425761270156754944.000000
1013 19844559581521195587982669643776.000000
1014 19838506581384201556975100624896.000000
1015 19831728047665968782051523952640.000000
1016 19824224725408235862782078091264.000000
1017 19815997439117462038796434407424.000000
1018 19807047092613837256876760236032.000000
1019 19797374668865795150850176319488.000000
1020 19786981229810098740074932862976.000000
1021 19775867916157510105519372632064.000000
1022 19764035947184147626225110614016.000000
1023 19751486620508542035153498669056.000000
1024 19738221311854436330411648876544.000000
1025 19724241474799455642647581949952.000000
1026 19709548640509624540616363868160.000000
1027 19694144417459896156303629746176.000000
1028 19678030491140648093610221240320.000000
1029 19661208623750352286180796530688.000000
1030 19643680653874371516580325490688.000000
1031 19625448496150064992603378548736.000000
1032 19606514140918234505913600835584.000000
1033 19586879653860974223408154804224.000000
1034 19566547175626135780489617735680.000000
1035 19545518921438325359652227776512.000000
1036 19523797180696718732958816534528.000000
1037 19501384316559624462614203990016.000000
1038 19478282765516045209414374785024.000000
1039 19454495036944264170669200113664.000000
1040 19430023712657571489389203161088.000000
1041 19404871446437270246324816576512.000000
1042 19379040963553101646446580465664.000000
1043 19352535060271123176863486181376.000000
1044 19325356603349280678759530233856.000000
1045 19297508529520699103146428858368.000000
1046 19268993844964901367815165968384.000000
1047 19239815624767025121280598736896.000000
1048 19209977012365215305904401940480.000000
1049 19179481218986327628185172180992.000000
1050 19148331523070042015407494135808.000000
1051 19116531269681611238631337361408.000000
1052 19084083869913312256016194207744.000000
1053 19050992800274771413265798922240.000000
1054 19017261602072381925775355412480.000000
1055 18982893880777842915878851575808.000000
1056 18947893305386110487372425592832.000000
1057 18912263607762819384108940001280.000000
1058 18876008581981393657245691019264.000000
1059 18839132083649981449134074232832.000000
1060 18801638029228425563033693061120.000000
1061 18763530395335373401442339520512.000000
1062 18724813218045744697623774756864.000000
1063 18685490592178716918120080998400.000000
1064 18645566670576412983833307119616.000000
1065 18605045663373464698262061580288.000000
1066 18563931837257593746281314910208.000000
1067 18522229514721484983042681339904.000000
1068 18479943073306015063389962764288.000000
1069 18437076944835129145765734121472.000000
1070 18393635614642491771398536560640.000000
1071 18349623620790114580753910071296.000000
1072 18305045553279143263034174078976.000000
1073 18259906053253033422307951902720.000000
1074 18214209812193257223657701244928.000000
1075 18167961571107752488527737126912.000000
1076 18121166119712346174653556850688.000000
1077 18073828295605291852160915472384.000000
1078 18025952983435184636412852961280.000000
1079 17977545114062354908596288880640.000000
1080 17928609663714076342220423692288.000000
1081 17879151653133680559319307780096.000000
1082 17829176146723812603539201458176.000000
1083 17778688251684063669091162914816.000000
1084 17727693117143154474154517856256.000000
1085 17676195933285867437114815152128.000000
1086 17624201930474964094616705433600.000000
1087 17571716378368274660816278519808.000000
1088 17518744585031173648815159771136.000000
1089 17465291896044650971659038097408.000000
1090 17411363693609194695682739404800.000000
1091 17356965395644647575788430819328.000000
1092 17302102454886352624630871621632.000000
1093 17246780357977666528703189876736.000000
1094 17191004624559160666896728064000.000000
1095 17134780806354653846723033563136.000000
1096 17078114486254322204377685688320.000000
1097 17021011277395070916230681460736.000000
1098 16963476822238404160723817070592.000000
1099 16905516791646004999857551441920.000000
1100 16847136883953182806254309867520.000000
1101 16788342824040487725173447852032.000000
1102 16729140362403622775867068907520.000000
1103 16669535274221914801055083790336.000000
1104 16609533358425515401305351258112.000000
1105 16549140436761572796898964668416.000000
1106 16488362352859586286363170832384.000000
1107 16427204971296094172259438034944.000000
1108 16365674176658994643601893359616.000000
1109 16303775872611621212096068321280.000000
1110 16241515980956829407376712925184.000000
1111 16178900440701281630629214027776.000000
1112 16115935207120150842976359153664.000000
1113 16052626250822418729015913218048.000000
1114 15988979556816998019090004049920.000000
1115 15925001123579868121470666276864.000000
1116 15860696962122435733644029984768.000000
1117 15796073095061287065879366860800.000000
1118 15731135555689590634061567623168.000000
1119 15665890387050283477976058167296.000000
1120 15600343641011283999426032435200.000000
1121 15534501377342898053368214716416.000000
1122 15468369662797629961249637793792.000000
1123 15401954570192578590530531753984.000000
1124 15335262177494612155177300393984.000000
1125 15268298566908506384710307414016.000000
1126 15201069823968259982788772495360.000000
1127 15133582036631733742320666804224.000000
1128 15065841294378809223681398538240.000000
1129 14997853687313283168823402299392.000000
1130 14929625305268619248466571296768.000000
1131 14861162236917809343948665126912.000000
1132 14792470568887425428528985800704.000000
1133 14723556384876141271322218987520.000000
1134 14654425764777829798453683683328.000000
1135 14585084783809416255421085122560.000000
1136 14515539511643676321847120494592.000000
1137 14445796011547152567208591228928.000000
1138 14375860339523288326733824000000.000000
1139 14305738543461051465245856366592.000000
1140 14235436662289102072146915491840.000000
1141 14164960725135738274724813209600.000000
1142 14094316750494732759771941699584.000000
1143 14023510745397235643902337220608.000000
1144 13952548704589881052355446702080.000000
1145 13881436609719270794872250957824.000000
1146 13810180428522943225034801414144.000000
1147 13738786114027018686053333598208.000000
1148 13667259603750620622192759537664.000000
1149 13595606818917241240824565465088.000000
1150 13523833663673177825893681201152.000000
1151 13451946024313165803589887590400.000000
1152 13379949768513384200609229438976.000000
1153 13307850744571865020202825547776.000000
1154 13235654780656567744791463329792.000000
1155 13163367684061145986743742234624.000000
1156 13090995240468525632707891298304.000000
1157 13018543213222490388081051435008.000000
1158 12946017342607324261211923546112.000000
1159 12873423345135632584526721449984.000000
1160 12800766912844496946765573914624.000000
1161 12728053712599995561526767386624.000000
1162 12655289385410280475102992662528.000000
1163 12582479545747245390606800781312.000000
1164 12509629780876932727172971364352.000000
1165 12436745650198729453833694478336.000000
1166 12363832684593484554255573450752.000000
1167 12290896385780651705129878159360.000000
1168 12217942225684472930814744592384.000000
1169 12144975645809374371015160758272.000000
1170 12072002056624603434898316853248.000000
1171 11999026836958210924435749208064.000000
1172 11926055333400454688165943312384.000000
1173 11853092859716658582374601195520.000000
1174 11780144696269677610280090075136.000000
1175 11707216089451978246423327014912.000000
1176 11634312251127383485858000666624.000000
1177 11561438358082622229729578582016.000000
1178 11488599551488664992844590612480.000000
1179 11415800936371945012421990547456.000000
1180 11343047581095500786823614955520.000000
1181 11270344516850130116256286638080.000000
1182 11197696737155512861249102675968.000000
1183 11125109197371466800292306092032.000000
1184 11052586814219291550641467424768.000000
1185 10980134465313270358081200455680.000000
1186 10907756988702377043444499480576.000000
1187 10835459182422188105887698124800.000000
1188 10763245804057085551313969741824.000000
1189 10691121570312712165348536745984.000000
1190 10619091156598776058257577345024.000000
1191 10547159196622148186815487541248.000000
1192 10475330281990363191311368978432.000000
1193 10403608961825449238300891021312.000000
1194 10331999742388179192895888162816.000000
1195 10260507086712689077396164313088.000000
1196 10189135414251535873857541898240.000000
1197 10117889100531149634599882063872.000000
1198 10046772476817701292753305993216.000000
1199 9975789829793406439040940507136.000000
1200 9904945401243224532401541611520.000000
1201 9834243387751986195549294428160.000000
1202 9763687940411914818473584230400.000000
1203 9693283164540545847578459111424.000000
1204 9623033119409033627362622701568.000000
1205 9552941817980823276641820082176.000000
1206 9483013226660665081315480043520.000000
1207 9413251265053971403677613686784.000000
1208 9343659805736477827675136720896.000000
1209 9274242674034172511316596490240.000000
1210 9205003647813510634729906372608.000000
1211 9135946457281826123676353822720.000000
1212 9067074784797950781620043644928.000000
1213 8998392264692989038957061734400.000000
1214 8929902483101214542407154008064.000000
1215 8861608977801054807570715246592.000000
1216 8793515238066105387855932030976.000000
1217 8725624704526156671277477134336.000000
1218 8657940769038145484934021644288.000000
1219 8590466774567051773362887983104.000000
1220 8523206015076609746382650081280.000000
1221 8456161735429836874123401232384.000000
1222 8389337131299307545750744858624.000000
1223 8322735349087107215588818157568.000000
1224 8256359485854438889144677564416.000000
1225 8190212589260769359043361767424.000000
1226 8124297657512507309574284378112.000000
1227 8058617639321109707057526734848.000000
1228 7993175433870575943633384505344.000000
1229 7927973890794231781183272779776.000000
1230 7863015810160770444284691218432.000000
1231 7798303942469456286608074473472.000000
1232 7733840988654402084662887317504.000000
1233 7669629600097889559595479728128.000000
1234 7605672378652607026249135554560.000000
1235 7541971876672761385289854746624.000000
1236 7478530597053965379206066995200.000000
1237 7415350993281820173288890957824.000000
1238 7352435469489125707598528512000.000000
1239 7289786380521596096826948190208.000000
1240 7227406032012051930559186731008.000000
1241 7165296680462936351545938149376.000000
1242 7103460533337115505490690834432.000000
1243 7041899749156850772360728412160.000000
1244 6980616437610857210829074333696.000000
1245 6919612659669333374056882241536.000000
1246 6858890427706929845718973677568.000000
1247 6798451705633463967388453044224.000000
1248 6738298409032386386779934031872.000000
1249 6678432405306813653366748479488.000000
1250 6618855513833102091574187130880.000000
1251 6559569506121801947862093791232.000000
1252 6500576105985928761302029697024.000000
1253 6441876989716441619458137522176.000000
1254 6383473786264804450581952331776.000000
1255 6325368077432570679426096824320.000000
1256 6267561398067833620689902895104.000000
1257 6210055236268480685602083176448.000000
1258 6152851033592120797251258810368.000000
1259 6095950185272583683672727617536.000000
1260 6039354040442888591799949983744.000000
1261 5983063902364565328690440830976.000000
1262 5927081028663231928533986050048.000000
1263 5871406631570299466953896493056.000000
1264 5816041878170703817509590532096.000000
1265 5760987890656582159707305672704.000000
1266 5706245746586706213234496503808.000000
1267 5651816479151664317118571085824.000000
1268 5597701077444584062327199891456.000000
1269 5543900486737354945413550964736.000000
1270 5490415608762181032320518062080.000000
1271 5437247301998410715048320172032.000000
1272 5384396381964465669000191279104.000000
1273 5331863621514812716010818240512.000000
1274 5279649751141827722470009864192.000000
1275 5227755459282453579249701879808.000000
1276 5176181392629531792144265641984.000000
1277 5124928156447707477732411572224.000000
1278 5073996314893764775372518326272.000000
1279 5023386391341322306587210022912.000000
1280 4973098868709718108001294876672.000000
1281 4923134189797033372337257316352.000000
1282 4873492757617084986582370353152.000000
1283 4824174935740315372683343691776.000000
1284 4775181048638424819531316723712.000000
1285 4726511382032690574191807692800.000000
1286 4678166183245788044794896842752.000000
1287 4630145661557058945990208258048.000000
1288 4582449988561095782577496653824.000000
1289 4535079298529512629873598791680.000000
1290 4488033688775812138823202111488.000000
1291 4441313220023237864712606580736.000000
1292 4394917916775473433797938118656.000000
1293 4348847767690113675504008560640.000000
1294 4303102725954779930554395525120.000000
1295 4257682709665752871293222387712.000000
1296 4212587602209050776604600434688.000000
1297 4167817252643808020341750497280.000000
1298 4123371476087880026821905874944.000000
1299 4079250054105526074599293321216.000000
1300 4035452735097100705671921270784.000000
1301 3991979234690624824582841827328.000000
1302 3948829236135144726573478838272.000000
1303 3906002390695751265149595418624.000000
1304 3863498318050190479165583523840.000000
1305 3821316606686920438339092873216.000000
1306 3779456814304547316151542087680.000000
1307 3737918468212516278194805932032.000000
1308 3696701065732964862171717566464.000000
1309 3655804074603629637259422072832.000000
1310 3615226933381727329842102272000.000000
1311 3574969051848678122374022823936.000000
1312 3535029811415607512028156002304.000000
1313 3495408565529500628340822769664.000000
1314 3456104640079942581757845438464.000000
1315 3417117333806305794443716853760.000000
1316 3378445918705354477006254768128.000000
1317 3340089640439091736651180802048.000000
1318 3302047718742838620717508984832.000000
1319 3264319347833390847306506436608.000000
1320 3226903696817200868658558009344.000000
1321 3189799910098466484837762990080.000000
1322 3153007107787075905178409369600.000000
1323 3116524386106273023604597719040.000000
1324 3080350817800009693775762817024.000000
1325 3044485452539846518369551384576.000000
1326 3008927317331367249604943806464.000000
1327 2973675416919982952015867150336.000000
1328 2938728734196076950829351829504.000000
1329 2904086230599384731356988702720.000000
1330 2869746846522541235405276053504.000000
1331 2835709501713720119411097993216.000000
1332 2801973095678278280009507405824.000000
1333 2768536508079334152389728927744.000000
1334 2735398599137204346145623506944.000000
1335 2702558210027631627576157405184.000000
1336 2670014163278714176443328233472.000000
1337 2637765263166484325791833260032.000000
1338 2605810296109051779387513372672.000000
1339 2574148031059259515378857934848.000000
1340 2542777219895754422889675227136.000000
1341 2511696597812442835195397144576.000000
1342 2480904883706244546665167978496.000000
1343 2450400780563073537350656065536.000000
1344 2420182975842007124624755654656.000000
1345 2390250141857564728876700008448.000000
1346 2360600936160029825169082023936.000000
1347 2331234001913784118609344200704.000000
1348 2302147968273555990143842648064.000000
1349 2273341450758569139025649598464.000000
1350 2244813051624499661113686753280.000000
1351 2216561360233207223056030760960.000000
1352 2188584953420186289161862381568.000000
1353 2160882395859677728266996678656.000000
1354 2133452240427394357221836980224.000000
1355 2106293028560821858929943248896.000000
1356 2079403290617016543418712588288.000000
1357 2052781546227895448342544515072.000000
1358 2026426304652941091824918855680.000000
1359 2000336065129282315567576907776.000000
1360 1974509317219126448428855328768.000000
1361 1948944541154471295827088244736.000000
1362 1923640208179089355144706392064.000000
1363 1898594780887711918064018653184.000000
1364 1873806713562404897060351377408.000000
1365 1849274452506075577457575985152.000000
1366 1824996436373092843597468794880.000000
1367 1800971096496972183951932129280.000000
1368 1777196857215100423905149452288.000000
1369 1753672136190468942483259654144.000000
1370 1730395344730373151785043886080.000000
1371 1707364888102071765189160599552.000000
1372 1684579165845345055742959288320.000000
1373 1662036572081954356532686618624.000000
1374 1639735495821957767038811242496.000000
1375 1617674321266869962052468736000.000000
1376 1595851428109628385506147434496.000000
1377 1574265191831352881369686474752.000000
1378 1552913983994877369513356034048.000000
1379 1531796172535029641164999360512.000000
1380 1510910122045635067113239478272.000000
1381 1490254194063235774407449247744.000000
1382 1469826747347501366181464375296.000000
1383 1449626138158324429201598316544.000000
1384 1429650720529560015267336028160.000000
1385 1409898846539435836587494080512.000000
1386 1390368866577578568986365263872.000000
1387 1371059129608677373563100987392.000000
1388 1351967983432749733907219349504.000000
1389 1333093774942012705094982696960.000000
1390 1314434850374350567267389931520.000000
1391 1295989555563362276766157635584.000000
1392 1277756236184993218427317387264.000000
1393 1259733238000731555784059518976.000000
1394 1241918907097380578915380101120.000000
1395 1224311590123386080054766206976.000000
1396 1206909634521731845545336504320.000000
1397 1189711388759384827530462625792.000000
1398 1172715202553303928391218495488.000000
1399 1155919427092997339019403591680.000000
1400 1139322415259645460162231140352.000000
1401 1122922521841773503502497087488.000000
1402 1106718103747486579585670184960.000000
1403 1090707520213270650293623717888.000000
1404 1074889133009357938490125320192.000000
1405 1059261306641661439175200604160.000000
1406 1043822408550292465159717781504.000000
1407 1028570809304653345960845377536.000000
1408 1013504882795131034878752063488.000000
1409 998623006421378394930643206144.000000
1410 983923561277208074177573027840.000000
1411 969404932332100800031380996096.000000
1412 955065508609342307028076331008.000000
1413 940903683360791290604972670976.000000
1414 926917854238301890042128236544.000000
1415 913106423461801967205486690304.000000
1416 899467797984050262039808966656.000000
1417 886000389652071721123954294784.000000
1418 872702615365300976373530099712.000000
1419 859572897230440166340398415872.000000
1420 846609662713043766482990792704.000000
1421 833811344785855198205382230016.000000
1422 821176382073901831327076843520.000000
1423 808703218996376527481176326144.000000
1424 796390305905310790990511996928.000000
1425 784236099221071193156620386304.000000
1426 772239061564684417986119860224.000000
1427 760397661887021047176996323328.000000
1428 748710375594852861801075310592.000000
1429 737175684673804067618491990016.000000
1430 725792077808217976859877441536.000000
1431 714558050497959834887049445376.000000
1432 703472105172179998580204896256.000000
1433 692532751300055340112634970112.000000
1434 681738505498534068123378647040.000000
1435 671087891637106343548463087616.000000
1436 660579440939626304333611532288.000000
1437 650211692083203935639393271808.000000
1438 639983191294196481148858662912.000000
1439 629892492441319591307238178816.000000
1440 619938157125908185578725179392.000000
1441 610118754769345254225084416000.000000
1442 600432862697690406278454575104.000000
1443 590879066223531174287690956800.000000
1444 581455958725081212317501227008.000000
1445 572162141722558953091346989056.000000
1446 562996224951862909089272037376.000000
1447 553956826435579294553955368960.000000
1448 545042572551345964146753536000.000000
1449 536252098097599760220240740352.000000
1450 527584046356734149567522537472.000000
1451 519037069155698111895761321984.000000
1452 510609826924060697978143244288.000000
1453 502300988749573416000375750656.000000
1454 494109232431254089999759441920.000000
1455 486033244530024841494132686848.000000
1456 478071720416932130692127522816.000000
1457 470223364318975104826315112448.000000
1458 462486889362576875031376166912.000000
1459 454861017614720465709247234048.000000
1460 447344480121784620753331683328.000000
1461 439936016946107895604423163904.000000
1462 432634377200308549317315002368.000000
1463 425438319079388947085720027136.000000
1464 418346609890659939072566362112.000000
1465 411358026081507733543806042112.000000
1466 404471353265038589415313637376.000000
1467 397685386243626520223290490880.000000
1468 390998929030397997621612380160.000000
1469 384410794868681098216349892608.000000
1470 377919806249450900409829818368.000000
1471 371524794926796604739629875200.000000
1472 365224601931446617615758262272.000000
1473 359018077582376649728945291264.000000
1474 352904081496534254283531485184.000000
1475 346881482596704504484158504960.000000
1476 340949159117552416860816801792.000000
1477 335105998609869564242479284224.000000
1478 329350897943052814770759532544.000000
1479 323682763305846722150986153984.000000
1480 318100510205381092338084872192.000000
1481 312603063464527722399032934400.000000
1482 307189357217612058873928089600.000000
1483 301858334904503771377436721152.000000
1484 296608949263119561040989257728.000000
1485 291440162320365330946603352064.000000
1486 286350945381547132687401091072.000000
1487 281340279018278860630630858752.000000
1488 276407153054918359818073800704.000000
1489 271550566553557139514250493952.000000
1490 266769527797594021331168395264.000000
1491 262063054273923226780211085312.000000
1492 257430172653759316696189894656.000000
1493 252869918772133111374484078592.000000
1494 248381337606084029722289766400.000000
1495 243963483251576572709183684608.000000
1496 239615418899167093105463656448.000000
1497 235336216808453572974308491264.000000
1498 231124958281328534378592075776.000000
1499 226980733634068297349603524608.000000
1500 222902642168280610534600998912.000000
1501 218889792140742953776776740864.000000
1502 214941300732151497350979780608.000000
1503 211056294014812700449425063936.000000
1504 207233906919300066915525853184.000000
1505 203473283200103361298590334976.000000
1506 199773575400297482749007101952.000000
1507 196133944815252318483405340672.000000
1508 192553561455413026139228078080.000000
1509 189031604008173685229320404992.000000
1510 185567259798870600422483034112.000000
1511 182159724750917176513802534912.000000
1512 178808203345107175576289935360.000000
1513 175511908578110774248057339904.000000
1514 172270061920184039197076619264.000000
1515 169081893272120742317377191936.000000
1516 165946640921463228233425092608.000000
1517 162863551498002487119563456512.000000
1518 159831879928584708361210036224.000000
1519 156850889391251301471203885056.000000
1520 153919851268730257922322333696.000000
1521 151038045101306051415592927232.000000
1522 148204758539086161351653982208.000000
1523 145419287293687247676695904256.000000
1524 142680935089363055296469008384.000000
1525 139989013613592994842727677952.000000
1526 137342842467156028852573044736.000000
1527 134741749113706241685901541376.000000
1528 132185068828872593586910134272.000000
1529 129672144648904321356632424448.000000
1530 127202327318878381553899012096.000000
1531 124774975240491331077556666368.000000
1532 122389454419454169701851070464.000000
1533 120045138412508141371296579584.000000
1534 117741408274082112297077047296.000000
1535 115477652502608361577022226432.000000
1536 113253266986515660754785402880.000000
1537 111067654949918202074499121152.000000
1538 108920226898016736163930308608.000000
1539 106810400562230408533667479552.000000
1540 104737600845076939854942568448.000000
1541 102701259764815294133667102720.000000
1542 100700816399871593560215126016.000000
1543 98735716833061210291695517696.000000
1544 96805414095624363469967458304.000000
1545 94909368111091687761536614400.000000
1546 93047045638994445302493085696.000000
1547 91217920218434158484768423936.000000
1548 89421472111529255769756139520.000000
1549 87657188246749584908085100544.000000
1550 85924562162157388506194771968.000000
1551 84223093948565684279431921664.000000
1552 82552290192629830182550634496.000000
1553 80911663919885978730544234496.000000
1554 79300734537748664671296028672.000000
1555 77719027778482584921302892544.000000
1556 76166075642159425143261102080.000000
1557 74641416339613929859652255744.000000
1558 73144594235411829699723132928.000000
1559 71675159790840497750834937856.000000
1560 70232669506934939815482753024.000000
1561 68816685867551688190913937408.000000
1562 67426777282500468187716386816.000000
1563 66062518030746312557421658112.000000
1564 64723488203691861104098541568.000000
1565 63409273648551350769610129408.000000
1566 62119465911826772339323830272.000000
1567 60853662182896054188552224768.000000
1568 59611465237723045529072435200.000000
1569 58392483382700540562606391296.000000
1570 57196330398633538745354158080.000000
1571 56022625484874422375113818112.000000
1572 54870993203617598548800962560.000000
1573 53741063424362392787296976896.000000
1574 52632471268554749639252770816.000000
1575 51544857054413281802451943424.000000
1576 50477866241949932803290300416.000000
1577 49431149378193213698556821504.000000
1578 48404362042619801628724690944.000000
1579 47397164792804800447681396736.000000
1580 46409223110295870715967045632.000000
1581 45440207346718916842822303744.000000
1582 44489792670123256656858972160.000000
1583 43557659011571102460422389760.000000
1584 42643491011979683467737694208.000000
1585 41746977969221375243583488000.000000
1586 40867813785487518418585255936.000000
1587 40005696914923456136755544064.000000
1588 39160330311538576953326960640.000000
1589 38331421377398096592086499328.000000
1590 37518681911101992557466353664.000000
1591 36721828056555146600274460672.000000
1592 35940580252035146971296563200.000000
1593 35174663179561378851141451776.000000
1594 34423805714570328768421822464.000000
1595 33687740875902072798828298240.000000
1596 32966205776101515360817119232.000000
1597 32258941572038719479817961472.000000
1598 31565693415852480276868366336.000000
1599 30886210406220383041953464320.000000
1600 30220245539959818705352785920.000000
1601 29567555663962186516575289344.000000
1602 28927901427464668783254175744.000000
1603 28301047234662005391675621376.000000
1604 27686761197661786546150309888.000000
1605 27084815089785146091134517248.000000
1606 26494984299217020366146764800.000000
1607 25917047783006632300456706048.000000
1608 25350788021422497638987595776.000000
1609 24795990972662551433757851648.000000
1610 24252446027922416258814836736.000000
1611 23719945966823720900846682112.000000
1612 23198286913203907686681280512.000000
1613 22687268291269375627207114752.000000
1614 22186692782113832945529651200.000000
1615 21696366280602742996712030208.000000
1616 21216097852625785525425405952.000000
1617 20745699692717905007555379200.000000
1618 20284987082050498586182942720.000000
1619 19833778346793513260079382528.000000
1620 19391894816849127424854589440.000000
1621 18959160784958250418805145600.000000
1622 18535403466179736719369175040.000000
1623 18120452957743324141862256640.000000
1624 17714142199276731447098998784.000000
1625 17316306933406785615528198144.000000
1626 16926785666735179121230348288.000000
1627 16545419631188784638010064896.000000
1628 16172052745744463405909016576.000000
1629 15806531578528512393674227712.000000
1630 15448705309290207098437632000.000000
1631 15098425692249369613862699008.000000
1632 14755547019317755258572111872.000000
1633 14419926083693422136019386368.000000
1634 14091422143827703194781220864.000000
1635 13769896887764422348479922176.000000
1636 13455214397850123202312798208.000000
1637 13147241115815033309258317824.000000
1638 12845845808223677638470795264.000000
1639 12550899532294004360840478720.000000
1640 12262275602084561156835377152.000000
1641 11979849555048114560625016832.000000
1642 11703499118950808541928095744.000000
1643 11433104179155650663770226688.000000
1644 11168546746269061377779826688.000000
1645 10909710924149039499719999488.000000
1646 10656482878273653038605402112.000000
1647 10408750804468342451404275712.000000
1648 10166404897990646540628131840.000000
1649 9929337322970448839693041664.000000
1650 9697442182204641675889868800.000000
1651 9470615487304019882824171520.000000
1652 9248755129190961603070132224.000000
1653 9031760848946111673666633728.000000
1654 8819534209002108264734785536.000000
1655 8611978564682648528193847296.000000
1656 8408999036084832771785097216.000000
1657 8210502480302936680334098432.000000
1658 8016397463991604975530672128.000000
1659 7826594236266403830412869632.000000
1660 7641004701939564901136596992.000000
1661 7459542395089143065728778240.000000
1662 7282122452959001818475528192.000000
1663 7108661590187765946271137792.000000
1664 6939078073364489687114186752.000000
1665 6773291695908625843216187392.000000
1666 6611223753272300235118346240.000000
1667 6452797018462365918607441920.000000
1668 6297935717879973269989228544.000000
1669 6146565507475516290091712512.000000
1670 5998613449216179959649796096.000000
1671 5854007987864093032466874368.000000
1672 5712678928062521105725784064.000000
1673 5574557411727468836123836416.000000
1674 5439575895742698986762403840.000000
1675 5307668129955216116070481920.000000
1676 5178769135468975203576446976.000000
1677 5052815183234423774737596416.000000
1678 4929743772930984709734793216.000000
1679 4809493612140387365604556800.000000
1680 4692004595807967940511268864.000000
1681 4577217785989569632601636864.000000
1682 4465075391881438400151027712.000000
1683 4355520750130501333618262016.000000
1684 4248498305422456431667314688.000000
1685 4143953591345213623888773120.000000
1686 4041833211524826660721393664.000000
1687 3942084821031626137608912896.000000
1688 3844657108053696022671523840.000000
1689 3749499775835231331601612800.000000
1690 3656563524877138121877094400.000000
1691 3565800035397208940839174144.000000
1692 3477161950047325609437167616.000000
1693 3390602856885064807384875008.000000
1694 3306077272597023101600923648.000000
1695 3223540625971366076293840896.000000
1696 3142949241616908860715433984.000000
1697 3064260323926087027652558848.000000
1698 2987431941279352207831990272.000000
1699 2912423010488232096296861696.000000
1700 2839193281474555660824739840.000000
1701 2767703322183246505922527232.000000
1702 2697914503726016427433394176.000000
1703 2629788985753512744383938560.000000
1704 2563289702053243196769566720.000000
1705 2498380346370712698894680064.000000
1706 2435025358451319762459820032.000000
1707 2373189910300332804680974336.000000
1708 2312839892658491956609941504.000000
1709 2253941901690698149063032832.000000
1710 2196463225885223765774696448.000000
1711 2140371833160989104555425792.000000
1712 2085636358180400233843785728.000000
1713 2032226089865204524501696512.000000
1714 1980110959112996058562560000.000000
1715 1929261526711795583822069760.000000
1716 1879648971450349310609195008.000000
1717 1831245078421647085929496576.000000
1718 1784022227517271255969431552.000000
1719 1737953382110163063816585216.000000
1720 1693012077923415419483324416.000000
1721 1649172412082679163966717952.000000
1722 1606409032349901890472902656.000000
1723 1564697126535918549695725568.000000
1724 1524012412089718180516200448.000000
1725 1484331125861925784221908992.000000
1726 1445630014040287399729168384.000000
1727 1407886322254842258564055040.000000
1728 1371077785850509603945578496.000000
1729 1335182620324830952453832704.000000
1730 1300179511928684717946175488.000000
1731 1266047608427657351355432960.000000
1732 1232766510021975739524448256.000000
1733 1200316260422737106074337280.000000
1734 1168677338082314081986936832.000000
1735 1137830647576770007506354176.000000
1736 1107757511138163919746498560.000000
1737 1078439660334617671004848128.000000
1738 1049859227896066276172234752.000000
1739 1021998739683616848235986944.000000
1740 994841106800444092213886976.000000
1741 968369617842189085641277440.000000
1742 942567931284872466515623936.000000
1743 917420068008264430126104576.000000
1744 892910403952769110038806528.000000
1745 869023662907872259854041088.000000
1746 845744909430154697986015232.000000
1747 823059541889003582648221696.000000
1748 800953285638086788896522240.000000
1749 779412186310708161262125056.000000
1750 758422603237170486477586432.000000
1751 737971202982314399923961856.000000
1752 718044953001400477354557440.000000
1753 698631115412497640282128384.000000
1754 679717240883628689468686336.000000
1755 661291162632883236465803264.000000
1756 643340990539723833755041792.000000
1757 625855105365799202407317504.000000
1758 608822153083519975905296384.000000
1759 592231039310689349851414528.000000
1760 576070923849561429071888384.000000
1761 560331215328628457932324864.000000
1762 545001565945508900741578752.000000
1763 530071866309339606482419712.000000
1764 515532240381044368343040000.000000
1765 501373040509922381901332480.000000
1766 487584842564973786254278656.000000
1767 474158441159444962046115840.000000
1768 461084844967050009508839424.000000
1769 448355272128366679789928448.000000
1770 435961145745930665207005184.000000
1771 423894089466555658762452992.000000
1772 412145923149417657086771200.000000
1773 400708658618492008758509568.000000
1774 389574495497920302515486720.000000
1775 378735817128908928883621888.000000
1776 368185186566790835563659264.000000
1777 357915342656885226731470848.000000
1778 347919196187823285353840640.000000
1779 338189826120999820003901440.000000
1780 328720475894865163485970432.000000
1781 319504549802757837964705792.000000
1782 310535609443007294754258944.000000
1783 301807370240054625541554176.000000
1784 293313698035365633176109056.000000
1785 285048605746891305626107904.000000
1786 277006250095901655200432128.000000
1787 269180928399992977893621760.000000
1788 261567075431097724768878592.000000
1789 254159260337348339325468672.000000
1790 246952183627666309085396992.000000
1791 239940674217939192778850304.000000
1792 233119686537698962042781696.000000
1793 226484297696203967070994432.000000
1794 220029704706858824570503168.000000
1795 213751221768906663817904128.000000
1796 207644277605364072536080384.000000
1797 201704412856169118671306752.000000
1798 195927277525526396247474176.000000
1799 190308628482464242116591616.000000
1800 184844327013618961187078144.000000
1801 179530336427279933006413824.000000
1802 174362719707745999608872960.000000
1803 169337637219064150382084096.000000
1804 164451344457213513887121408.000000
1805 159700189849844224012320768.000000
1806 155080612602668530133893120.000000
1807 150589140591627754616651776.000000
1808 146222388299965710374797312.000000
1809 141977054799365424872947712.000000
1810 137849921774303216628924416.000000
1811 133837851588796864886996992.000000
1812 129937785394739164479488000.000000
1813 126146741281017125786353664.000000
1814 122461812462626803508314112.000000
1815 118880165509017686706749440.000000
1816 115399038610903176723824640.000000
1817 112015739884786495778717696.000000
1818 108727645714471624101593088.000000
1819 105532199128833656650465280.000000
1820 102426908215135511760601088.000000
1821 99409344567194588549218304.000000
1822 96477141767709601327742976.000000
1823 93627993904072800119816192.000000
1824 90859654117001273238618112.000000
1825 88169933181335390247714816.000000
1826 85556698118362047176507392.000000
1827 83017870839029429652422656.000000
1828 80551426817436502286401536.000000
1829 78155393793984469917499392.000000
1830 75827850507591483685601280.000000
1831 73566925456384320306413568.000000
1832 71370795686285616235937792.000000
1833 69237685606930219257561088.000000
1834 67165865834352724060143616.000000
1835 65153652059896238424719360.000000
1836 63199403944805500517875712.000000
1837 61301524039974683334934528.000000
1838 59458456730330221019922432.000000
1839 57668687203339849466642432.000000
1840 55930740441144190386044928.000000
1841 54243180235822077201874944.000000
1842 52604608227305837658374144.000000
1843 51013662963470101007826944.000000
1844 49469018981932944779640832.000000
1845 47969385913109235514736640.000000
1846 46513507604068894160977920.000000
1847 45100161262759791852257280.000000
1848 43728156622164765729357824.000000
1849 42396335123966333269573632.000000
1850 41103569121305113227427840.000000
1851 39848761100223759494676480.000000
1852 38630842919395515632189440.000000
1853 37448775067744005429133312.000000
1854 36301545939570723204890624.000000
1855 35188171126810595989389312.000000
1856 34107692728045155177725952.000000
1857 33059178673910367152766976.000000
1858 32041722068542223978332160.000000
1859 31054440546709272644288512.000000
1860 30096475646290748927639552.000000
