0 8847914126.350031
1 9183838292.446072
2 9531896557.692558
3 9892502676.437565
4 10266083576.242685
5 10653079743.122082
6 11053945616.852226
7 11469149996.575142
8 11899176456.922800
9 12344523774.892157
10 12805706367.705765
11 13283254741.895662
12 13777715953.851921
13 14289654082.081524
14 14819650711.426382
15 15368305429.493217
16 15936236335.552217
17 16524080562.164053
18 17132494809.800203
19 17762155894.723438
20 18413761310.400406
21 19088029802.721596
22 19785701959.307335
23 20507540813.183067
24 21254332461.109375
25 22026886696.857750
26 22826037659.725155
27 23652644498.585091
28 24507592051.776157
29 25391791543.132492
30 26306181294.464420
31 27251727454.800709
32 28229424746.708244
33 29240297230.006527
34 30285399083.200714
35 31365815402.956799
36 32482663021.948891
37 33637091345.409840
38 34830283206.720551
39 36063455742.376350
40 37337861286.671440
41 38654788286.445908
42 40015562236.242188
43 41421546634.221405
44 42874143959.192314
45 44374796669.107880
46 45924988221.387634
47 47526244115.426826
48 49180132957.653572
49 50888267549.501648
50 52652305998.663330
51 54473952853.992935
52 56354960264.432381
53 58297129162.330421
54 60302310471.530922
55 62372406340.606018
56 64509371401.611023
57 66715214054.739189
58 68991997779.257187
59 71341842471.099548
60 73766925807.505020
61 76269484639.074493
62 78851816409.633835
63 81516280604.282486
64 84265300226.009750
65 87101363301.260483
66 90027024414.831802
67 93044906274.480179
68 96157701305.618149
69 99368173276.480392
70 102679158954.134857
71 106093569791.712555
72 109614393647.234344
73 113244696534.398880
74 116987624405.706589
75 120846404968.281387
76 124824349532.754913
77 128924854895.574661
78 133151405255.086136
79 137507574161.749725
80 141997026502.832825
81 146623520521.924042
82 151390909873.609375
83 156303145713.639709
84 161364278824.921692
85 166578461779.651031
86 171949951137.905518
87 177483109683.006714
88 183182408693.951324
89 189052430255.207458
90 195097869604.164612
91 201323537516.511780
92 207734362729.819000
93 214335394405.579803
94 221131804629.965485
95 228128890953.538788
96 235332078970.151337
97 242746924935.248749
98 250379118423.795593
99 258234485028.011505
100 266318989095.111450
101 274638736505.217041
102 283199977489.601013
103 292009109489.414856
104 301072680055.023071
105 310397389786.070007
106 319990095312.377808
107 329857812315.759155
108 340007718592.823792
109 350447157158.822937
110 361183639392.570496
111 372224848222.466736
112 383578641353.611450
113 395253054536.002014
114 407256304873.763489
115 419596794175.363159
116 432283112344.726440
117 445324040813.150391
118 458728556011.894958
119 472505832885.310913
120 486665248444.325134
121 501216385360.105225
122 516169035597.674683
123 531533204089.246094
124 547319112447.000061
125 563537202715.021484
126 580198141160.069946
127 597312822100.837769
128 614892371775.320312
129 632948152245.897827
130 651491765341.690796
131 670535056637.723511
132 690090119470.417358
133 710169298988.860352
134 730785196241.329346
135 751950672296.447998
136 773678852398.366577
137 795983130155.320801
138 818877171760.854004
139 842374920246.992676
140 866490599768.614624
141 891238719918.199585
142 916634080070.139282
143 942691773753.730469
144 969427193053.928467
145 996856033038.941040
146 1024994296213.634155
147 1053858296997.755493
148 1083464666227.886230
149 1113830355682.009521
150 1144972642625.562256
151 1176909134377.750488
152 1209657772896.905273
153 1243236839383.595947
154 1277664958900.172363
155 1312961105005.371338
156 1349144604402.561523
157 1386235141600.180664
158 1424252763582.855225
159 1463217884491.633057
160 1503151290311.764160
161 1544074143566.339844
162 1586007988014.124756
163 1628974753349.843506
164 1672996759905.099609
165 1718096723348.099609
166 1764297759380.326660
167 1811623388428.152344
168 1860097540327.471436
169 1909744558999.262695
170 1960589207114.019043
171 2012656670742.888672
172 2065972563993.332275
173 2120562933627.083008
174 2176454263658.060303
175 2233673479927.922852
176 2292247954656.883301
177 2352205510967.279785
178 2413574427377.434570
179 2476383442263.251953
180 2540661758284.923340
181 2606439046776.096191
182 2673745452092.789062
183 2742611595919.298828
184 2813068581528.279785
185 2885147997992.112305
186 2958881924342.671875
187 3034302933676.522949
188 3111444097202.479492
189 3190338988228.526855
190 3271021686084.933594
191 3353526779980.369141
192 3437889372787.898926
193 3524145084757.436035
194 3612330057151.497559
195 3702480955800.764648
196 3794634974576.074707
197 3888829838773.445312
198 3985103808408.527832
199 4083495681416.954102
200 4184044796757.064453
201 4286791037411.237793
202 4391774833282.275879
203 4499037163980.976562
204 4608619561501.234375
205 4720564112778.817383
206 4834913462129.924805
207 4951710813565.732422
208 5070999932978.903320
209 5192825150198.144531
210 5317231360906.825195
211 5444264028421.608398
212 5573969185326.969727
213 5706393434961.661133
214 5841583952752.809570
215 5979588487393.624023
216 6120455361860.508789
217 6264233474265.313477
218 6410972298538.565430
219 6560721884939.369141
220 6713532860387.790039
221 6869456428615.315430
222 7028544370129.166016
223 7190849041986.140625
224 7356423377371.574219
225 7525320884979.170898
226 7697595648187.311523
227 7873302324027.430664
228 8052496141940.161133
229 8235232902314.875000
230 8421568974808.218750
231 8611561296437.237305
232 8805267369442.882812
233 9002745258919.369141
234 9204053590205.126953
235 9409251546031.013672
236 9618398863421.441406
237 9831555830344.138672
238 10048783282104.242188
239 10270142597478.490234
240 10495695694585.230469
241 10725505026486.097656
242 10959633576515.126953
243 11198144853331.250000
244 11441102885689.867188
245 11688572216929.724609
246 11940617899170.798828
247 12197305487219.375000
248 12458701032176.294922
249 12724871074744.576172
250 12995882638232.490234
251 13271803221248.421875
252 13552700790083.732422
253 13838643770780.021484
254 14129701040877.169922
255 14425941920838.771484
256 14727436165151.412109
257 15034253953094.435547
258 15346465879177.048828
259 15664142943239.482422
260 15987356540215.150391
261 16316178449550.734375
262 16650680824281.412109
263 16990936179758.279297
264 17337017382025.412109
265 17688997635843.730469
266 18046950472359.453125
267 18410949736414.527344
268 18781069573496.921875
269 19157384416328.507812
270 19539968971088.609375
271 19928898203271.281250
272 20324247323174.535156
273 20726091771019.968750
274 21134507201701.058594
275 21549569469159.148438
276 21971354610385.554688
277 22399938829048.984375
278 22835398478747.140625
279 23277810045881.949219
280 23727250132157.710938
281 24183795436701.785156
282 24647522737807.410156
283 25118508874298.789062
284 25596830726518.246094
285 26082565196935.925781
286 26575789190382.355469
287 27076579593904.332031
288 27585013256245.261719
289 28101166966950.546875
290 28625117435099.574219
291 29156941267665.183594
292 29696714947502.722656
293 30244514810969.906250
294 30800417025179.945312
295 31364497564889.644531
296 31936832189025.148438
297 32517496416847.804688
298 33106565503762.925781
299 33704114416774.519531
300 34310217809589.121094
301 34924949997372.187500
302 35548384931160.851562
303 36180596171936.812500
304 36821656864363.273438
305 37471639710190.820312
306 38130616941336.195312
307 38798660292639.312500
308 39475840974302.921875
309 40162229644020.968750
310 40857896378800.437500
311 41562910646482.960938
312 42277341276971.750000
313 43001256433170.304688
314 43734723581639.523438
315 44477809462979.398438
316 45230580061942.781250
317 45993100577288.093750
318 46765435391378.359375
319 47547648039534.671875
320 48339801179151.289062
321 49141956558581.296875
322 49954174985800.445312
323 50776516296858.570312
324 51609039324126.835938
325 52451801864350.281250
326 53304860646514.906250
327 54168271299539.007812
328 55042088319798.273438
329 55926365038495.226562
330 56821153588882.789062
331 57726504873352.929688
332 58642468530400.882812
333 59569092901476.054688
334 60506424997730.953125
335 61454510466679.210938
336 62413393558774.953125
337 63383117093924.914062
338 64363722427945.609375
339 65355249418977.843750
340 66357736393871.398438
341 67371220114551.921875
342 68395735744383.914062
343 69431316814542.031250
344 70477995190404.953125
345 71535801037984.484375
346 72604762790404.500000
347 73684907114442.734375
348 74776258877150.343750
349 75878841112563.109375
350 76992674988518.546875
351 78117779773594.093750
352 79254172804180.468750
353 80401869451705.937500
354 81560883090025.468750
355 82731225062991.375000
356 83912904652219.328125
357 85105929045066.625000
358 86310303302837.109375
359 87526030329229.468750
360 88753110839044.078125
361 89991543327164.671875
362 91241324037830.765625
363 92502446934217.218750
364 93774903668336.734375
365 95058683551282.000000
366 96353773523823.703125
367 97660158127380.718750
368 98977819475379.406250
369 100306737225017.875000
370 101646888549452.625000
371 102998248110423.359375
372 104360788031333.187500
373 105734477870800.828125
374 107119284596700.859375
375 108515172560709.687500
376 109922103473372.937500
377 111340036379711.406250
378 112768927635382.062500
379 114208730883410.531250
380 115659397031511.781250
381 117120874230015.328125
382 118593107850411.265625
383 120076040464533.578125
384 121569611824396.968750
385 123073758842703.171875
386 124588415574032.968750
387 126113513196739.578125
388 127648979995559.546875
389 129194741344956.281250
390 130750719693212.500000
391 132316834547286.015625
392 133893002458444.843750
393 135479137008696.296875
394 137075148798024.796875
395 138680945432453.250000
396 140296431512942.562500
397 141921508625143.062500
398 143556075330012.187500
399 145200027155312.312500
400 146853256588001.562500
401 148515653067531.968750
402 150187102980067.125000
403 151867489653632.000000
404 153556693354208.406250
405 155254591282787.156250
406 156961057573389.187500
407 158675963292067.312500
408 160399176436900.031250
409 162130561938987.437500
410 163869981664460.937500
411 165617294417516.093750
412 167372355944478.937500
413 169135018938915.031250
414 170905133047790.500000
415 172682544878693.625000
416 174467098008125.593750
417 176258632990868.062500
418 178056987370435.156250
419 179861995690617.062500
420 181673489508122.156250
421 183491297406322.937500
422 185315245010113.156250
423 187145155001879.687500
424 188980847138595.906250
425 190822138270039.156250
426 192668842358137.968750
427 194520770497451.062500
428 196377730936782.468750
429 198239529101934.156250
430 200105967619598.656250
431 201976846342393.562500
432 203851962375038.437500
433 205731110101674.312500
434 207614081214327.031250
435 209500664742512.000000
436 211390647083981.437500
437 213283812036610.562500
438 215179940831422.031250
439 217078812166744.718750
440 218980202243504.812500
441 220883884801644.906250
442 222789631157666.250000
443 224697210243290.062500
444 226606388645232.843750
445 228516930646087.906250
446 230428598266308.781250
447 232341151307286.000000
448 234254347395509.968750
449 236167942027812.125000
450 238081688617674.750000
451 239995338542600.781250
452 241908641192533.812500
453 243821344019317.125000
454 245733192587181.531250
455 247643930624249.531250
456 249553300075045.312500
457 251461041153995.312500
458 253366892399908.875000
459 255270590731423.187500
460 257171871503399.218750
461 259070468564253.656250
462 260966114314210.437500
463 262858539764458.062500
464 264747474597193.468750
465 266632647226537.906250
466 268513784860305.562500
467 270390613562608.062500
468 272262858317275.750000
469 274130243092075.906250
470 275992490903710.531250
471 277849323883570.906250
472 279700463344230.875000
473 281545629846656.000000
474 283384543268108.062500
475 285216922870722.500000
476 287042487370737.500000
477 288860955008349.250000
478 290672043618173.812500
479 292475470700288.500000
480 294270953491830.875000
481 296058209039129.437500
482 297836954270342.437500
483 299606906068577.812500
484 301367781345470.250000
485 303119297115188.500000
486 304861170568846.125000
487 306593119149290.000000
488 308314860626238.812500
489 310026113171744.062500
490 311726595435946.437500
491 313416026623099.000000
492 315094126567829.875000
493 316760615811614.000000
494 318415215679427.750000
495 320057648356555.500000
496 321687636965519.312500
497 323304905643102.625000
498 324909179617438.687500
499 326500185285132.375000
500 328077650288387.562500
501 329641303592107.812500
502 331190875560941.562500
503 332726098036241.125000
504 334246704412904.062500
505 335752429716067.750000
506 337243010677625.625000
507 338718185812534.187500
508 340177695494880.875000
509 341621282033681.187500
510 343048689748374.375000
511 344459665043987.687500
512 345853956485936.500000
513 347231314874432.437500
514 348591493318465.875000
515 349934247309333.812500
516 351259334793682.687500
517 352566516246034.562500
518 353855554740767.375000
519 355126216023518.562500
520 356378268581982.437500
521 357611483716070.312500
522 358825635607405.562500
523 360020501388122.250000
524 361195861208939.062500
525 362351498306479.375000
526 363487199069808.312500
527 364602753106158.312500
528 365697953305815.875000
529 366772595906139.375000
530 367826480554682.500000
531 368859410371395.250000
532 369871192009874.187500
533 370861635717637.437500
534 371830555395396.875000
535 372777768655301.000000
536 373703096878125.125000
537 374606365269381.562500
538 375487402914326.125000
539 376346042831837.187500
540 377182122027142.250000
541 377995481543370.000000
542 378785966511904.312500
543 379553426201518.437500
544 380297714066266.062500
545 381018687792110.562500
546 381716209342269.062500
547 382390145001252.750000
548 383040365417582.875000
549 383666745645164.062500
550 384269165183295.750000
551 384847508015304.000000
552 385401662645777.062500
553 385931522136386.500000
554 386436984140279.250000
555 386917950935024.000000
556 387374329454098.187500
557 387806031316899.937500
558 388212972857273.062500
559 388595075150530.562500
560 388952264038965.875000
561 389284470155839.375000
562 389591628947829.562500
563 389873680695939.062500
564 390130570534845.125000
565 390362248470686.937500
566 390568669397281.062500
567 390749793110757.187500
568 390905584322608.812500
569 391036012671151.562500
570 391141052731384.875000
571 391220684023252.312500
572 391274891018296.375000
573 391303663144705.187500
574 391306994790749.125000
575 391284885306604.312500
576 391237339004564.562500
577 391164365157639.187500
578 391065977996538.875000
579 390942196705050.812500
580 390793045413804.125000
581 390618553192430.375000
582 390418754040120.625000
583 390193686874584.750000
584 389943395519417.312500
585 389667928689876.500000
586 389367339977081.187500
587 389041687830635.437500
588 388691035539685.625000
589 388315451212421.750000
590 387915007754029.437500
591 387489782843104.875000
592 387039858906541.562500
593 386565323092901.937500
594 386066267244284.125000
595 385542787866698.437500
596 384994986098965.250000
597 384422967680149.312500
598 383826842915545.187500
599 383206726641228.437500
600 382562738187189.250000
601 381895001339064.375000
602 381203644298485.687500
603 380488799642061.375000
604 379750604279010.062500
605 378989199407465.375000
606 378204730469471.437500
607 377397347104688.000000
608 376567203102828.312500
609 375714456354847.812500
610 374839268802908.000000
611 373941806389135.500000
612 373022239003201.437500
613 372080740428741.437500
614 371117488288642.375000
615 370132663989218.375000
616 369126452663302.000000
617 368099043112273.812500
618 367050627747057.687500
619 365981402528105.812500
620 364891566904401.187500
621 363781323751503.187500
622 362650879308663.062500
623 361500443115037.750000
624 360330227945027.875000
625 359140449742769.125000
626 357931327555805.375000
627 356703083467970.312500
628 355455942531508.687500
629 354190132698464.187500
630 352905884751364.437500
631 351603432233231.750000
632 350283011376950.062500
633 348944861034017.000000
634 347589222602711.937500
635 346216339955709.625000
636 344826459367169.875000
637 343419829439333.812500
638 341996701028657.375000
639 340557327171511.937500
640 339101963009483.562500
641 337630865714301.250000
642 336144294412425.250000
643 334642510109325.687500
644 333125775613482.625000
645 331594355460139.125000
646 330048515834836.000000
647 328488524496762.000000
648 326914650701947.000000
649 325327165126331.562500
650 323726339788740.750000
651 322112447973795.812500
652 320485764154790.062500
653 318846563916563.375000
654 317195123878401.500000
655 315531721616993.312500
656 313856635589472.875000
657 312170145056578.125000
658 310472530005953.875000
659 308764071075629.062500
660 307045049477696.500000
661 305315746922224.500000
662 303576445541427.687500
663 301827427814126.125000
664 300068976490519.375000
665 298301374517304.187500
666 296524904963161.687500
667 294739850944642.187500
668 292946495552472.875000
669 291145121778315.437500
670 289336012441999.250000
671 287519450119254.375000
672 285695717069972.000000
673 283865095167013.375000
674 282027865825595.250000
675 280184309933272.468750
676 278334707780542.906250
677 276479338992097.500000
678 274618482458737.000000
679 272752416269978.500000
680 270881417647373.218750
681 269005762878555.812500
682 267125727252046.781250
683 265241584992828.156250
684 263353609198711.343750
685 261462071777517.312500
686 259567243385087.031250
687 257669393364140.531250
688 255768789684003.000000
689 253865698881213.843750
690 251960386001036.125000
691 250053114539882.375000
692 248144146388672.062500
693 246233741777135.968750
694 244322159219082.156250
695 242409655458636.812500
696 240496485417473.812500
697 238582902143046.125000
698 236669156757830.343750
699 234755498409597.250000
700 232842174222718.625000
701 230929429250521.593750
702 229017506428699.937500
703 227106646529792.250000
704 225197088118736.250000
705 223289067509506.062500
706 221382818722842.656250
707 219478573445082.125000
708 217576560988090.625000
709 215677008250310.781250
710 213780139678925.562500
711 211886177233144.625000
712 209995340348617.687500
713 208107845902978.625000
714 206223908182523.656250
715 204343738850026.875000
716 202467546913694.531250
717 200595538697260.875000
718 198727917811226.062500
719 196864885125236.593750
720 195006638741609.437500
721 193153373969998.562500
722 191305283303203.125000
723 189462556394116.437500
724 187625380033813.406250
725 185793938130773.906250
726 183968411691239.875000
727 182148978800701.812500
728 180335814606511.937500
729 178529091301618.562500
730 176728978109417.875000
731 174935641269717.437500
732 173149244025805.218750
733 171369946612619.531250
734 169597906246011.218750
735 167833277113093.125000
736 166076210363668.062500
737 164326854102727.718750
738 162585353384015.125000
739 160851850204640.468750
740 159126483500743.000000
741 157409389144188.062500
742 155700699940290.781250
743 154000545626555.406250
744 152309052872420.031250
745 150626345279996.343750
746 148952543385792.562500
747 147287764663408.500000
748 145632123527191.218750
749 143985731336838.281250
750 142348696402937.187500
751 140721123993427.859375
752 139103116340975.500000
753 137494772651239.875000
754 135896189112028.750000
755 134307458903320.562500
756 132728672208143.703125
757 131159916224296.468750
758 129601275176895.343750
759 128052830331735.250000
760 126514660009448.203125
761 124986839600444.609375
762 123469441580622.562500
763 121962535527829.609375
764 120466188139061.406250
765 118980463248382.093750
766 117505421845550.015625
767 116041122095333.281250
768 114587619357499.296875
769 113144966207461.890625
770 111713212457569.671875
771 110292405179020.218750
772 108882588724382.218750
773 107483804750710.921875
774 106096092243238.734375
775 104719487539625.796875
776 103354024354752.890625
777 101999733806040.609375
778 100656644439278.375000
779 99324782254945.828125
780 98004170735010.781250
781 96694830870186.656250
782 95396781187632.703125
783 94110037779080.765625
784 92834614329371.406250
785 91570522145383.593750
786 90317770185340.671875
787 89076365088476.546875
788 87846311205045.968750
789 86627610626661.796875
790 85420263216943.906250
791 84224266642462.718750
792 83039616403962.062500
793 81866305867844.609375
794 80704326297904.781250
795 79553666887292.671875
796 78414314790693.796875
797 77286255156709.015625
798 76169471160419.093750
799 75063944036118.859375
800 73969653110205.625000
801 72886575834207.250000
802 71814687817934.515625
803 70753962862743.703125
804 69704372994894.421875
805 68665888498988.796875
806 67638477951477.382812
807 66622108254218.398438
808 65616744668075.945312
809 64622350846544.015625
810 63638888869382.789062
811 62666319276253.742188
812 61704601100341.125000
813 60753691901946.367188
814 59813547802043.289062
815 58884123515781.531250
816 57965372385926.070312
817 57057246416220.757812
818 56159696304664.492188
819 55272671476687.945312
820 54396120118220.273438
821 53529989208633.929688
822 52674224553557.625000
823 51828770817545.984375
824 50993571556596.210938
825 50168569250501.320312
826 49353705335029.976562
827 48548920233923.429688
828 47754153390700.109375
829 46969343300258.656250
830 46194427540270.507812
831 45429342802353.085938
832 44674024923015.734375
833 43928408914369.296875
834 43192428994592.335938
835 42466018618145.312500
836 41749110505726.289062
837 41041636673959.656250
838 40343528464812.093750
839 39654716574728.234375
840 38975131083479.703125
841 38304701482721.382812
842 37643356704248.648438
843 36991025147949.992188
844 36347634709449.289062
845 35713112807432.429688
846 35087386410653.250000
847 34470382064613.878906
848 33862025917914.828125
849 33262243748270.546875
850 32670960988186.062500
851 32088102750290.921875
852 31513593852326.726562
853 30947358841784.625000
854 30389322020189.566406
855 29839407467028.210938
856 29297539063317.765625
857 28763640514812.964844
858 28237635374848.796875
859 27719447066816.832031
860 27208998906273.140625
861 26706214122675.890625
862 26211015880751.171875
863 25723327301485.390625
864 25243071482743.367188
865 24770171519510.792969
866 24304550523760.468750
867 23846131643941.339844
868 23394838084090.273438
869 22950593122565.984375
870 22513320130405.152344
871 22082942589300.589844
872 21659384109202.007812
873 21242568445539.472656
874 20832419516070.335938
875 20428861417350.078125
876 20031818440828.289062
877 19641215088570.539062
878 19256976088607.394531
879 18879026409911.921875
880 18507291277007.144531
881 18141696184204.949219
882 17782166909478.304688
883 17428629527968.638672
884 17081010425130.193359
885 16739236309513.763672
886 16403234225191.736328
887 16072931563827.156250
888 15748256076388.814453
889 15429135884515.375000
890 15115499491531.021484
891 14807275793115.322266
892 14504394087630.449219
893 14206784086108.464844
894 13914375921901.921875
895 13627100160000.910156
896 13344887806019.720703
897 13067670314856.558594
898 12795379599029.636719
899 12527948036693.164062
900 12265308479336.812500
901 12007394259172.181641
902 11754139196210.121094
903 11505477605032.492188
904 11261344301262.275391
905 11021674607735.861328
906 10786404360381.455078
907 10555469913807.537109
908 10328808146605.427734
909 10106356466369.982422
910 9888052814442.529297
911 9673835670380.177734
912 9463644056155.667969
913 9257417540091.982422
914 9055096240535.884766
915 8856620829274.738281
916 8661932534700.762695
917 8470973144727.154297
918 8283685009460.260742
919 8100011043632.248047
920 7919894728798.511719
921 7743280115304.273438
922 7570111824024.626953
923 7400335047882.487305
924 7233895553148.750000
925 7070739680529.063477
926 6910814346041.570312
927 6754067041689.947266
928 6600445835936.191406
929 6449899373977.386719
930 6302376877830.866211
931 6157828146232.069336
932 6016203554349.414062
933 5877454053320.463867
934 5741531169613.692383
935 5608387004220.055664
936 5477974231678.686523
937 5350246098940.838867
938 5225156424076.310547
939 5102659594826.535156
940 4982710567008.409180
941 4865264862773.010742
942 4750278568723.284180
943 4637708333894.646484
944 4527511367602.698242
945 4419645437161.819336
946 4314068865478.684570
947 4210740528524.639160
948 4109619852690.663574
949 4010666812028.915039
950 3913841925384.461914
951 3819106253421.068848
952 3726421395544.718262
953 3635749486728.451660
954 3547053194242.182129
955 3460295714291.122070
956 3375440768566.181641
957 3292452600709.971191
958 3211295972701.749512
959 3131936161164.687012
960 3054338953598.859863
961 2978470644543.162598
962 2904298031669.428711
963 2831788411811.938477
964 2760909576935.416016
965 2691629810044.653809
966 2623917881038.746582
967 2557743042512.938477
968 2493075025511.041016
969 2429884035231.234863
970 2368140746688.174805
971 2307816300334.074707
972 2248882297641.583984
973 2191310796651.082275
974 2135074307485.002686
975 2080145787831.813477
976 2026498638402.097168
977 1974106698359.236084
978 1922944240727.133545
979 1872985967777.273438
980 1824207006397.478271
981 1776582903444.622314
982 1730089621083.457764
983 1684703532113.767334
984 1640401415287.920898
985 1597160450620.872070
986 1554958214694.644531
987 1513772675959.209717
988 1473582190031.699219
989 1434365494995.788330
990 1396101706703.036865
991 1358770314077.998535
992 1322351174428.736572
993 1286824508764.458496
994 1252170897121.862549
995 1218371273901.749756
996 1185406923217.447998
997 1153259474256.490723
998 1121910896656.993164
999 1091343495900.115967
1000 1061539908719.923462
1001 1032483098531.962646
1002 1004156350881.788818
1003 976543268914.655762
1004 949627768867.533081
1005 923394075584.562988
1006 897826718057.048218
1007 872910524989.010010
1008 848630620389.302612
1009 824972419191.267944
1010 801921622900.821533
1011 779464215273.878418
1012 757586458023.953735
1013 736274886560.738281
1014 715516305760.434204
1015 695297785768.580566
1016 675606657836.059814
1017 656430510188.969116
1018 637757183932.973999
1019 619574768992.739990
1020 601871600087.029541
1021 584636252739.964233
1022 567857539328.990234
1023 551524505169.988770
1024 535626424639.986084
1025 520152797337.880981
1026 505093344283.557922
1027 490438004155.744751
1028 476176929568.953735
1029 462300483389.786499
1030 448799235092.895081
1031 435663957156.831970
1032 422885621500.017822
1033 410455395957.032776
1034 398364640795.390625
1035 386604905272.956970
1036 375167924236.140808
1037 364045614758.957153
1038 353230072823.057922
1039 342713570038.781860
1040 332488550407.276794
1041 322547627123.718262
1042 312883579421.620239
1043 303489349458.236511
1044 294358039241.011841
1045 285482907595.035645
1046 276857367171.440552
1047 268474981496.648163
1048 260329462062.376312
1049 252414665456.292145
1050 244724590533.174988
1051 237253375626.458954
1052 229995295799.986542
1053 222944760139.812531
1054 216096309085.872559
1055 209444611803.319244
1056 202984463593.325165
1057 196710783343.130066
1058 190618611015.103668
1059 184703105174.589508
1060 178959540556.275726
1061 173383305668.835785
1062 167969900437.572296
1063 162714933884.786407
1064 157614121847.588470
1065 152663284732.856537
1066 147858345309.042633
1067 143195326534.521881
1068 138670349422.165344
1069 134279630939.822189
1070 130019481946.380676
1071 125886305163.076202
1072 121876593179.713318
1073 117986926495.452789
1074 114213971593.822342
1075 110554479051.598434
1076 107005281681.202103
1077 103563292706.253098
1078 100225503969.918137
1079 96988984175.687546
1080 93850877160.216064
1081 90808400197.851898
1082 87858842336.485962
1083 84999562764.343719
1084 82227989207.345047
1085 79541616356.652542
1086 76938004326.030975
1087 74414777138.636520
1088 71969621242.854324
1089 69600284056.805969
1090 67304572541.140869
1091 65080351799.733330
1092 62925543707.901093
1093 60838125567.765030
1094 58816128790.369286
1095 56857637604.179237
1096 54960787789.579994
1097 53123765438.996254
1098 51344805742.253967
1099 49622191796.810722
1100 47954253442.477180
1101 46339366120.258545
1102 44775949754.942406
1103 43262467661.065063
1104 41797425471.887543
1105 40379370091.016762
1106 39006888666.306801
1107 37678607585.680649
1108 36393191494.513924
1109 35149342334.222298
1110 33945798401.702892
1111 32781333429.274662
1112 31654755684.773518
1113 30564907091.454594
1114 29510662367.360558
1115 28490928183.817654
1116 27504642342.721931
1117 26550772972.283966
1118 25628317740.902588
1119 24736303088.840519
1120 23873783477.380383
1121 23039840655.139996
1122 22233582941.232227
1123 21454144524.956062
1124 20700684781.709991
1125 19972387604.822163
1126 19268460752.995827
1127 18588135213.070950
1128 17930664577.807804
1129 17295324438.401634
1130 16681411791.440502
1131 16088244460.023533
1132 15515160528.758688
1133 14961517792.364460
1134 14426693217.602879
1135 13910082418.274981
1136 13411099143.014055
1137 12929174775.614878
1138 12463757847.642019
1139 12014313563.063038
1140 11580323334.656748
