0 9195510.499518
1 9612535.646160
2 10047638.008357
3 10501561.862051
4 10975080.340213
5 11468996.473661
6 11984144.266152
7 12521389.804737
8 13081632.406408
9 13665805.802075
10 14274879.358949
11 14909859.342425
12 15571790.218580
13 16261755.998437
14 16980881.625172
15 17730334.405452
16 18511325.486140
17 19325111.377614
18 20172995.524982
19 21056329.928510
20 21976516.814587
21 22935010.358600
22 23933318.461120
23 24973004.578807
24 26055689.611510
25 27183053.847021
26 28356838.965020
27 29578850.101744
28 30850957.976952
29 32175101.084805
30 33553287.950287
31 34987599.452842
32 36480191.218935
33 38033296.085247
34 39649226.634305
35 41330377.804307
36 43079229.575004
37 44898349.731483
38 46790396.707748
39 48758122.512041
40 50804375.735849
41 52932104.648600
42 55144360.380074
43 57444300.192588
44 59835190.845054
45 62320412.051032
46 64903460.032936
47 67587951.174595
48 70377625.774381
49 73276351.901181
50 76288129.355479
51 79417093.737895
52 82667520.627519
53 86043829.872433
54 89550589.994840
55 93192522.713246
56 96974507.584175
57 100901586.765926
58 104978969.906917
59 109212039.161172
60 113606354.333568
61 118167658.157440
62 122901881.707229
63 127815149.948824
64 132913787.430318
65 138204324.115910
66 143693501.365695
67 149388278.064139
68 155295836.900022
69 161423590.800682
70 167779189.523400
71 174370526.406785
72 181205745.285048
73 188293247.568047
74 195641699.490035
75 203260039.530016
76 211157486.006673
77 219343544.850793
78 227828017.558173
79 236621009.325960
80 245732937.375409
81 255174539.464035
82 264956882.590141
83 275091371.892710
84 285589759.749641
85 296464155.077305
86 307727032.834402
87 319391243.733084
88 331470024.160291
89 343977006.312267
90 356926228.545154
91 370332145.944614
92 384209641.117337
93 398574035.207334
94 413441099.139838
95 428827065.095648
96 444748638.218695
97 461223008.559572
98 478267863.257762
99 495901398.965226
100 514142334.513975
101 533009923.830231
102 552523969.097684
103 572704834.172339
104 593573458.251368
105 615151369.798320
106 637460700.726996
107 660524200.846196
108 684365252.567486
109 709007885.878081
110 734476793.580801
111 760797346.803021
112 787995610.776434
113 816098360.889320
114 845133099.012961
115 875128070.103711
116 906112279.082106
117 938115507.990335
118 971168333.429216
119 1005302144.275731
120 1040549159.682054
121 1076942447.356820
122 1114515942.129320
123 1153304464.797094
124 1193343741.257269
125 1234670421.921858
126 1277322101.417021
127 1321337338.566184
128 1366755676.656684
129 1413617663.989454
130 1461964874.711098
131 1511839929.927477
132 1563286519.097739
133 1616349421.707569
134 1671074529.220153
135 1727508867.303191
136 1785700618.330074
137 1845699144.153041
138 1907555009.146030
139 1971320003.514559
140 2037047166.869810
141 2104790812.063831
142 2174606549.282484
143 2246551310.392519
144 2320683373.538889
145 2397062387.988129
146 2475749399.213339
147 2556806874.216069
148 2640298727.079986
149 2726290344.751072
150 2814848613.038638
151 2906041942.831212
152 2999940296.521008
153 3096615214.630366
154 3196139842.633193
155 3298588957.964158
156 3404038997.207934
157 3512568083.460572
158 3624256053.854616
159 3739184487.239247
160 3857436732.006427
161 3979097934.053492
162 4104255064.872448
163 4232996949.755732
164 4365414296.107724
165 4501599721.851170
166 4641647783.916943
167 4785655006.805419
168 4933719911.207170
169 5085943042.670430
170 5242427000.302093
171 5403276465.488944
172 5568598230.625051
173 5738501227.831036
174 5913096557.650428
175 6092497517.707842
176 6276819631.313334
177 6466180675.996794
178 6660700711.955828
179 6860502110.400110
180 7065709581.774685
181 7276450203.844397
182 7492853449.620946
183 7715051215.113787
184 7943177846.885614
185 8177370169.392605
186 8417767512.089184
187 8664511736.276735
188 8917747261.675041
189 9177621092.694881
190 9444282844.389685
191 9717884768.063862
192 9998581776.514677
193 10286531468.884375
194 10581894155.098660
195 10884832879.867170
196 11195513446.221283
197 11514104438.564009
198 11840777245.206266
199 12175706080.363705
200 12519068005.587288
201 12871042950.601116
202 13231813733.519741
203 13601566080.417603
204 13980488644.222391
205 14368773022.903723
206 14766613776.928339
207 15174208445.952482
208 15591757564.721992
209 16019464678.150059
210 16457536355.542042
211 16906182203.937319
212 17365614880.536507
213 17836050104.183334
214 18317706665.869083
215 18810806438.228210
216 19315574383.992714
217 19832238563.372910
218 20361030140.331997
219 20902183387.721703
220 21455935691.245686
221 22022527552.217659
222 22602202589.080635
223 23195207537.654015
224 23801792250.074196
225 24422209692.395687
226 25056715940.818012
227 25705570176.504822
228 26369034678.961086
229 27047374817.934116
230 27740859043.804329
231 28449758876.431740
232 29174348892.423939
233 29914906710.791683
234 30671712976.957920
235 31445051345.086567
236 32235208458.697262
237 33042473929.532616
238 33867140314.644283
239 34709503091.664963
240 35569860632.233398
241 36448514173.539406
242 37345767787.956841
243 38261928350.732269
244 39197305505.697701
245 40152211628.976074
246 41126961790.648529
247 42121873714.352905
248 43137267734.783699
249 44173466753.063835
250 45230796189.959145
251 46309583936.907570
252 47410160304.834877
253 48532857970.730118
254 49678011921.954010
255 50845959398.254646
256 52037039831.465652
257 53251594782.862312
258 54489967878.152092
259 55752504740.077431
260 57039552918.608536
261 58351461818.705826
262 59688582625.631607
263 61051268227.792702
264 62439873137.095779
265 63854753406.798660
266 65296266546.841751
267 66764771436.645226
268 68260628235.358452
269 69784198289.549332
270 71335844038.322296
271 72915928915.855972
272 74524817251.350998
273 76162874166.382126
274 77830465469.647278
275 79527957549.110947
276 81255717261.537582
277 83014111819.414658
278 84803508675.264313
279 86624275403.346329
280 88476779578.755051
281 90361388653.914749
282 92278469832.480469
283 94228389940.652008
284 96211515295.910751
285 98228211573.191452
286 100278843668.501068
287 102363775560.000977
288 104483370166.568253
289 106637989203.855515
290 108827993037.869431
291 111053740536.090073
292 113315588916.156387
293 115613893592.142349
294 117949008018.454147
295 120321283531.376297
296 122731069188.301147
297 125178711604.673538
298 127664554788.688980
299 130188939973.782272
300 132752205448.947464
301 135354686386.931030
302 137996714670.343719
303 140678618715.736115
304 143400723295.688599
305 146163349358.964355
306 148966813848.780396
307 151811429519.250000
308 154697504750.054901
309 157625343359.406128
310 160595244415.354980
311 163607502045.517761
312 166662405245.280365
313 169760237684.549866
314 172901277513.124420
315 176085797164.752106
316 179314063159.954132
317 182586335907.688232
318 185902869505.931152
319 189263911541.259888
320 192669702887.515778
321 196120477503.633820
322 199616462230.727234
323 203157876588.511597
324 206744932571.163635
325 210377834442.704071
326 214056778532.000336
327 217781953027.485352
328 221553537771.691559
329 225371704055.697906
330 229236614413.594910
331 233148422417.068481
332 237107272470.210754
333 241113299604.661591
334 245166629275.193298
335 249267377155.845703
336 253415648936.725281
337 257611540121.580597
338 261855135826.269958
339 266146510578.236115
340 270485728117.107208
341 274872841196.540466
342 279307891387.431335
343 283790908882.606934
344 288321912303.127625
345 292900908506.319092
346 297527892395.660095
347 302202846732.649597
348 306925741950.781738
349 311696535971.752014
350 316515174024.026306
351 321381588463.896667
352 326295698599.155396
353 331257410515.515137
354 336266616905.905518
355 341323196902.774170
356 346427015913.524231
357 351577925459.217163
358 356775763016.672119
359 362020351864.089294
360 367311500930.331543
361 372649004647.990662
362 378032642810.367859
363 383462180432.500305
364 388937367616.359009
365 394457939420.348389
366 400023615733.232666
367 405634101152.619324
368 411289084868.119629
369 416988240549.317139
370 422731226238.663208
371 428517684249.424072
372 434347241068.800964
373 440219507266.341125
374 446134077407.761169
375 452090529974.297424
376 458088427287.698059
377 464127315440.973877
378 470206724235.014404
379 476326167121.183228
380 482485141149.998474
381 488683126926.002930
382 494919588568.929138
383 501193973681.258667
384 507505713322.274475
385 513854221988.703308
386 520238897602.038574
387 526659121502.638184
388 533114258450.681152
389 539603656634.070312
390 546126647683.362183
391 552682546693.801880
392 559270652254.539185
393 565890246485.098755
394 572540595079.170654
395 579220947355.790039
396 585930536317.964355
397 592668578718.808594
398 599434275135.241821
399 606226810049.296021
400 613045351937.083862
401 619889053365.468628
402 626757051096.473389
403 633648466199.467285
404 640562404171.156494
405 647497955063.406982
406 654454193618.922974
407 661430179414.794678
408 668424957013.933228
409 675437556124.398804
410 682466991766.626221
411 689512264448.549194
412 696572360348.616211
413 703646251506.690308
414 710732896022.818726
415 717831238263.849854
416 724940209077.878052
417 732058726016.486328
418 739185693564.749756
419 746320003378.967896
420 753460534532.076416
421 760606153766.694458
422 767755715755.751709
423 774908063370.638672
424 782062027956.816040
425 789216429616.816406
426 796370077500.564209
427 803521770102.936768
428 810670295568.483154
429 817814432003.212769
430 824952947793.363037
431 832084601931.045044
432 839208144346.667847
433 846322316248.032837
434 853425850465.984497
435 860517471806.504150
436 867595897409.121826
437 874659837111.519897
438 881707993820.200562
439 888739063887.076782
440 895751737491.849731
441 902744699030.027832
442 909716627506.434448
443 916666196934.056519
444 923592076738.069336
445 930492932164.882202
446 937367424696.031982
447 944214212466.757812
448 951031950689.083618
449 957819292079.223877
450 964574887289.138550
451 971297385342.044189
452 977985434071.694824
453 984637680565.238525
454 991252771609.454590
455 997829354140.167969
456 1004366075694.640381
457 1010861584866.730469
458 1017314531764.615234
459 1023723568470.857788
460 1030087349504.609253
461 1036404532285.724243
462 1042673777600.573608
463 1048893750069.327881
464 1055063118614.489136
465 1061180556930.444824
466 1067244743953.812256
467 1073254364334.346191
468 1079208108906.174683
469 1085104675159.131592
470 1090942767709.947388
471 1096721098773.067261
472 1102438388630.853027
473 1108093366102.933350
474 1113684769014.464600
475 1119211344663.057617
476 1124671850284.136719
477 1130065053514.483887
478 1135389732853.732178
479 1140644678123.564941
480 1145828690924.381104
481 1150940585089.187012
482 1155979187134.472900
483 1160943336707.838379
484 1165831887032.125000
485 1170643705345.822021
486 1175377673339.505615
487 1180032687588.080078
488 1184607659978.586914
489 1189101518133.346680
490 1193513205828.209717
491 1197841683405.683594
492 1202085928182.709717
493 1206244934852.872314
494 1210317715882.812012
495 1214303301902.627441
496 1218200742090.052002
497 1222009104548.187500
498 1225727476676.589111
499 1229354965535.493652
500 1232890698202.986816
501 1236333822124.910156
502 1239683505457.312500
503 1242938937401.251465
504 1246099328529.759033
505 1249163911106.782959
506 1252131939397.928955
507 1255002689972.820312
508 1257775461998.911865
509 1260449577526.584473
510 1263024381765.361084
511 1265499243351.085693
512 1267873554603.913086
513 1270146731776.961914
514 1272318215295.488281
515 1274387469986.441406
516 1276353985298.274414
517 1278217275510.874756
518 1279976879935.505615
519 1281632363104.631348
520 1283183314951.524902
521 1284629350979.550293
522 1285970112421.024414
523 1287205266385.564453
524 1288334505997.834717
525 1289357550524.615234
526 1290274145491.118164
527 1291084062786.480225
528 1291787100758.378174
529 1292383084296.702881
530 1292871864906.251709
531 1293253320768.390381
532 1293527356791.655762
533 1293693904651.259033
534 1293752922817.480225
535 1293704396572.925781
536 1293548338018.645508
537 1293284786069.103271
538 1292913806436.004883
539 1292435491600.991211
540 1291849960777.217041
541 1291157359859.829102
542 1290357861365.382812
543 1289451664360.224854
544 1288438994377.885742
545 1287320103325.533203
546 1286095269379.535400
547 1284764796870.198242
548 1283329016155.744141
549 1281788283485.601807
550 1280142980853.090088
551 1278393515837.577881
552 1276540321436.213867
553 1274583855885.323975
554 1272524602471.572998
555 1270363069333.011719
556 1268099789250.110596
557 1265735319426.909912
558 1263270241262.409180
559 1260705160112.323975
560 1258040705041.354248
561 1255277528566.096680
562 1252416306388.757324
563 1249457737121.808838
564 1246402542003.756592
565 1243251464606.167480
566 1240005270532.135742
567 1236664747106.352295
568 1233230703056.954346
569 1229703968189.334961
570 1226085393052.098389
571 1222375848595.344971
572 1218576225821.485840
573 1214687435428.771240
574 1210710407447.745605
575 1206646090870.821045
576 1202495453275.183594
577 1198259480439.235107
578 1193939175952.790283
579 1189535560821.239502
580 1185049673063.895508
581 1180482567306.751953
582 1175835314369.864014
583 1171109000849.592285
584 1166304728695.924072
585 1161423614785.112061
586 1156466790487.854492
587 1151435401233.254395
588 1146330606068.791748
589 1141153577216.542725
590 1135905499625.885986
591 1130587570522.931641
592 1125200998956.913574
593 1119747005343.784180
594 1114226821007.251221
595 1108641687717.499023
596 1102992857227.831543
597 1097281590809.482788
598 1091509158784.829346
599 1085676840059.251221
600 1079785921651.876831
601 1073837698225.452637
602 1067833471615.576172
603 1061774550359.530640
604 1055662249224.955688
605 1049497888738.591675
606 1043282794715.330444
607 1037018297787.804688
608 1030705732936.747803
609 1024346439022.352539
610 1017941758316.854126
611 1011493036038.566528
612 1005001619887.589844
613 998468859583.412842
614 991896106404.627686
615 985284712730.969360
616 978636031587.897461
617 971951416193.924927
618 965232219510.905029
619 958479793797.473633
620 951695490165.856934
621 944880658142.230591
622 938036645230.833374
623 931164796482.018677
624 924266454064.434448
625 917342956841.511719
626 910395639952.443604
627 903425834397.824707
628 896434866630.127563
629 889424058149.179810
630 882394725102.803223
631 875348177892.779297
632 868285720786.286255
633 861208651532.966919
634 854118260987.765015
635 847015832739.675049
636 839902642746.540771
637 832779958976.033203
638 825649041052.936279
639 818511139912.860474
640 811367497462.505493
641 804219346246.579468
642 797067909121.487183
643 789914398935.888428
644 782760018218.222046
645 775605958871.295532
646 768453401874.021484
647 761303516990.386230
648 754157462485.732788
649 747016384850.426025
650 739881418530.972412
651 732753685668.655762
652 725634295845.748779
653 718524345839.353271
654 711424919382.917603
655 704337086935.476807
656 697261905458.651001
657 690200418201.439575
658 683153654492.837402
659 676122629542.301392
660 669108344248.079834
661 662111785013.428101
662 655133923570.713989
663 648175716813.420654
664 641238106636.049561
665 634322019781.914795
666 627428367698.826416
667 620558046402.645264
668 613711936348.694458
669 606890902311.005737
670 600095793269.372437
671 593327442304.184082
672 586586666499.001709
673 579874266850.841553
674 573191028188.120483
675 566537719096.219238
676 559915091850.611572
677 553323882357.507202
678 546764810101.948242
679 540238578103.300232
680 533745872878.071289
681 527287364409.991394
682 520863706127.279297
683 514475534887.024109
684 508123470966.599487
685 501808118062.033813
686 495530063293.246765
687 489289877216.069214
688 483088113840.953247
689 476925310658.281250
690 470801988670.177246
691 464718652428.722534
692 458675790080.475525
693 452673873417.192688
694 446713357932.643616
695 440794682885.416870
696 434918271367.601379
697 429084530379.237854
698 423293850908.422729
699 417546608016.951172
700 411843160931.382874
701 406183853139.410767
702 400569012491.415222
703 394998951307.080505
704 389473966486.951721
705 383994339628.809387
706 378560337148.736755
707 373172210406.753174
708 367830195836.889160
709 362534515081.573364
710 357285375130.205933
711 352082968461.788269
712 346927473191.480347
713 341819053220.956482
714 336757858392.429810
715 331744024646.215515
716 326777674181.701843
717 321858915621.600220
718 316987844179.343933
719 312164541829.503662
720 307389077481.092773
721 302661507153.631165
722 297981874155.839294
723 293350209266.832642
724 288766530919.690186
725 284230845387.267700
726 279743146970.130432
727 275303418186.477600
728 270911629963.935059
729 266567741833.090088
730 262271702122.646484
731 258023448156.076172
732 253822906449.647461
733 249669992911.707855
734 245564613043.105164
735 241506662138.626343
736 237496025489.340393
737 233532578585.728241
738 229616187321.487701
739 225746708197.900604
740 221923988528.652130
741 218147866644.992889
742 214418172101.137299
743 210734725879.791901
744 207097340597.710999
745 203505820711.175140
746 199959962721.295624
747 196459555379.042694
748 193004379889.904724
749 189594210118.079803
750 186228812790.110443
751 182907947697.868011
752 179631367900.799225
753 176398819927.347778
754 173210043975.466034
755 170064774112.133698
756 166962738471.803741
757 163903659453.695312
758 160887253917.858856
759 157913233379.937561
760 154981304204.553558
761 152091167797.248047
762 149242520794.907806
763 146435055254.611786
764 143668458840.834198
765 140942415010.941589
766 138256603198.925934
767 135610698997.314362
768 133004374337.202103
769 130437297666.353867
770 127909134125.324005
771 125419545721.545670
772 122968191501.342361
773 120554727719.817612
774 118178808008.579559
775 115840083541.260483
776 113538203196.792221
777 111272813720.401733
778 109043559882.292114
779 106850084633.976379
780 104692029262.234436
781 102569033540.664017
782 100480735878.799881
783 98426773468.775925
784 96406782429.509094
785 94420397948.381973
786 92467254420.408325
787 90546985584.861542
788 88659224659.353226
789 86803604471.346573
790 84979757587.094818
791 83187316437.992722
792 81425913444.334717
793 79695181136.472260
794 77994752273.365143
795 76324259958.524261
796 74683337753.343674
797 73071619787.821548
798 71488740868.671631
799 69934336584.827805
800 68408043410.346001
801 66909498804.709358
802 65438341310.542717
803 63994210648.746040
804 62576747811.055374
805 61185595150.042801
806 59820396466.567268
807 58480797094.689583
808 57166443984.066399
809 55876985779.838425
810 54612072900.029861
811 53371357610.476433
812 52154494097.301483
813 50961138536.959351
814 49790949163.866615
815 48643586335.643684
816 47518712595.988228
817 46415992735.204842
818 45335093848.414001
819 44275685391.466362
820 43237439234.587250
821 42220029713.778519
822 41223133680.003868
823 40246430546.186386
824 39289602332.046036
825 38352333706.806038
826 37434312029.797707
827 36535227388.993706
828 35654772637.500099
829 34792643428.038109
830 33948538245.446720
831 33122158437.238064
832 32313208242.237434
833 31521394817.340427
834 30746428262.419559
835 29988021643.413719
836 29245891013.633228
837 28519755433.314236
838 27809336987.455513
839 27114360801.971916
840 26434555058.197929
841 25769651005.775585
842 25119382973.960396
843 24483488381.379734
844 23861707744.277672
845 23253784683.280342
846 22659465928.715939
847 22078501324.523693
848 21510643830.785320
849 20955649524.913666
850 20413277601.531448
851 19883290371.074783
852 19365453257.154388
853 18859534792.708324
854 18365306614.979240
855 17882543459.349472
856 17411023152.066776
857 16950526601.893213
858 16500837790.709818
859 16061743763.108980
860 15633034615.006718
861 15214503481.306196
862 14805946522.643814
863 14407162911.249105
864 14017954815.948851
865 13638127386.345999
866 13267488736.203173
867 12905849926.060640
868 12553024945.117823
869 12208830692.407598
870 11873086957.291471
871 11545616399.304214
872 11226244527.375433
873 10914799678.455593
874 10611112995.573315
875 10315018405.350481
876 10026352595.001402
877 9744954988.841459
878 9470667724.330683
879 9203335627.676916
880 8942806189.022997
881 8688929537.241871
882 8441558414.362981
883 8200548149.653144
884 7965756633.374220
885 7737044290.239964
886 7514274052.593343
887 7297311333.325886
888 7086023998.559473
889 6880282340.111031
890 6679959047.759787
891 6484929181.336594
892 6295070142.654021
893 6110261647.295816
894 5930385696.283580
895 5755326547.638232
896 5584970687.853314
897 5419206803.296756
898 5257925751.557226
899 5101020532.750864
900 4948386260.803562
901 4799920134.723709
902 4655521409.879792
903 4515091369.296766
904 4378533294.984761
905 4245752439.313271
906 4116655996.443426
907 3991153073.830737
908 3869154663.810022
909 3750573615.274132
910 3635324605.457421
911 3523324111.834621
912 3414490384.145447
913 3308743416.554719
914 3206004919.957575
915 3106198294.438836
916 3009248601.895286
917 2915082538.829275
918 2823628409.321618
919 2734816098.191519
920 2648577044.350778
921 2564844214.359340
922 2483552076.188761
923 2404636573.199973
924 2328035098.341286
925 2253686468.572368
926 2181530899.519544
927 2111509980.367467
928 2043566648.991974
929 1977645167.338582
930 1913691097.050813
931 1851651275.352307
932 1791473791.186304
933 1733107961.615953
934 1676504308.488523
935 1621614535.366385
936 1568391504.727437
937 1516789215.437285
938 1466762780.495409
939 1418268405.057179
940 1371263364.733451
941 1325705984.169227
942 1281555615.902668
943 1238772619.505512
944 1197318341.005801
945 1157155092.593603
946 1118246132.610214
947 1080555645.821195
948 1044048723.973372
949 1008691346.635791
950 974450362.324460
951 941293469.910532
952 909189200.311446
953 878106898.464411
954 848016705.581431
955 818889541.685013
956 790697088.423476
957 763411772.164726
958 737006747.367235
959 711455880.226789
960 686733732.597539
961 662815546.185735
962 639677227.014427
963 617295330.157351
964 595647044.740075
965 574710179.206457
966 554463146.848332
967 534884951.596281
968 515955174.069287
969 497653957.880973
970 479961996.200082
971 462860518.562783
972 446331277.934315
973 430356538.017475
974 414919060.805338
975 400002094.375602
976 385589360.923885
977 371665045.033262
978 358213782.177291
979 345220647.453749
980 332671144.546262
981 320551194.910990
982 308847127.185488
983 297545666.816865
984 286633925.906324
985 276099393.267152
986 265929924.693218
987 256113733.435031
988 246639380.880377
989 237495767.436576
990 228672123.611369
991 220158001.289464
992 211943265.201744
993 204018084.584165
994 196372925.023358
995 188998540.485961
996 181885965.528713
997 175026507.686341
998 168411740.034302
999 162033493.923422
1000 155883851.883521
1001 149955140.693092
1002 144239924.612153
1003 138730998.775381
1004 133421382.742657
1005 128304314.204199
1006 123373242.837429
1007 118621824.312804
1008 114043914.445800
1009 109633563.492313
1010 105385010.584732
1011 101292678.305987
1012 97351167.398874
1013 93555251.608019
1014 89899872.651843
1015 86380135.321929
1016 82991302.707221
1017 79728791.540514
1018 76588167.664719
1019 73565141.616426
1020 70655564.324303
