0 3688923591398.243652
1 3839738690439.560547
2 3996485792012.099609
3 4159388340795.487793
4 4328677793915.707031
5 4504593892281.506836
6 4687384940500.467773
7 4877308095623.599609
8 5074629664973.863281
9 5279625413320.572266
10 5492580879668.483398
11 5713791703936.930664
12 5943563963811.604492
13 6182214522058.837891
14 6430071384599.226562
15 6687474069645.109375
16 6954773988214.093750
17 7232334836338.259766
18 7520532999297.182617
19 7819757968210.240234
20 8130412769332.637695
21 8452914406407.534180
22 8787694316435.592773
23 9135198839231.533203
24 9495889701146.753906
25 9870244513345.937500
26 10258757285034.599609
27 10661938952044.509766
28 11080317921192.980469
29 11514440630842.400391
30 11964872128095.648438
31 12432196663074.314453
32 12917018300735.541016
33 13419961550695.410156
34 13941672015536.123047
35 14482817058086.480469
36 15044086488175.136719
37 15626193269368.226562
38 16229874246213.869141
39 16855890892528.642578
40 17505030081271.955078
41 18178104876567.246094
42 18875955348440.359375
43 19599449410859.714844
44 20349483683672.890625
45 21126984379049.769531
46 21932908213054.105469
47 22768243342979.179688
48 23634010331096.367188
49 24531263135479.945312
50 25461090128584.687500
51 26424615144266.957031
52 27422998553955.652344
53 28457438372691.984375
54 29529171395773.550781
55 30639474366751.902344
56 31789665177549.621094
57 32981104101476.511719
58 34215195059941.269531
59 35493386923670.835938
60 36817174849265.445312
61 38188101651933.492188
62 39607759215267.007812
63 41077789938935.445312
64 42599888225192.218750
65 44175802005104.781250
66 45807334305437.953125
67 47496344857136.125000
68 49244751746367.710938
69 51054533109115.320312
70 52927728870309.867188
71 54866442528527.257812
72 56872842987284.492188
73 58949166433990.312500
74 61097718267624.304688
75 63320875076237.093750
76 65621086665384.375000
77 68000878138626.562500
78 70462852031243.640625
79 73009690498337.859375
80 75644157558512.703125
81 78369101394340.625000
82 81187456710848.046875
83 84102247153270.734375
84 87116587785347.968750
85 90233687629450.515625
86 93456852269851.500000
87 96789486520476.078125
88 100235097158481.890625
89 103797295725046.250000
90 107479801394756.562500
91 111286443915019.343750
92 115221166616928.734375
93 119288029499051.562500
94 123491212385612.796875
95 127835018160580.765625
96 132323876079179.625000
97 136962345158370.515625
98 141755117647872.312500
99 146707022583306.750000
100 151823029423081.281250
101 157108251770636.531250
102 162567951183718.187500
103 168207541072339.468750
104 174032590687137.031250
105 180048829199830.843750
106 186262149877534.625000
107 192678614352666.750000
108 199304456990249.000000
109 206146089354393.125000
110 213210104775794.312500
111 220503283022080.031250
112 228032595072871.093750
113 235805208001445.812500
114 243828489964901.687500
115 252110015304751.187500
116 260657569759880.187500
117 269479155793844.718750
118 278582998038475.843750
119 287977548855807.937500
120 297671494020332.812500
121 307673758523629.562500
122 317993512503418.625000
123 328640177299119.250000
124 339623431635988.250000
125 350953217939958.375000
126 362639748785291.062500
127 374693513477188.687500
128 387125284771505.437500
129 399946125733746.250000
130 413167396739514.625000
131 426800762618615.062500
132 440858199945023.187500
133 455352004474938.062500
134 470294798735142.875000
135 485699539763933.250000
136 501579527006861.187500
137 517948410369548.437500
138 534820198429855.625000
139 552209266811679.500000
140 570130366722675.750000
141 588598633658183.750000
142 607629596273671.500000
143 627239185427994.125000
144 647443743399780.625000
145 668260033279254.125000
146 689705248537797.625000
147 711797022777581.875000
148 734553439663570.375000
149 757993043040199.750000
150 782134847235059.875000
151 806998347551867.000000
152 832603530955024.625000
153 858970886948084.000000
154 886121418648369.250000
155 914076654060054.250000
156 942858657547940.625000
157 972490041514221.875000
158 1002993978280443.375000
159 1034394212176893.000000
160 1066715071841637.125000
161 1099981482731393.750000
162 1134218979846408.250000
163 1169453720671483.500000
164 1205712498335287.000000
165 1243022754990077.250000
166 1281412595413859.000000
167 1320910800837076.000000
168 1361546842995829.000000
169 1403350898413633.250000
170 1446353862913633.000000
171 1490587366363227.500000
172 1536083787652965.000000
173 1582876269911557.750000
174 1630998735958823.500000
175 1680485903998289.500000
176 1731373303551181.750000
177 1783697291633465.500000
178 1837495069177526.750000
179 1892804697700086.750000
180 1949665116217805.250000
181 2008116158412072.500000
182 2068198570044315.500000
183 2129954026623202.500000
184 2193425151324940.750000
185 2258655533167913.000000
186 2325689745442734.500000
187 2394573364398801.500000
188 2465352988188267.500000
189 2538076256068410.500000
190 2612791867863100.500000
191 2689549603684209.500000
192 2768400343913518.000000
193 2849396089445703.500000
194 2932589982192902.000000
195 3018036325851139.500000
196 3105790606928980.500000
197 3195909516038481.000000
198 3288450969448590.000000
199 3383474130900871.500000
200 3481039433687465.000000
201 3581208602990970.500000
202 3684044678485886.000000
203 3789612037201104.500000
204 3897976416642821.000000
205 4009204938177100.000000
206 4123366130671275.500000
207 4240529954393029.000000
208 4360767825166188.000000
209 4484152638781754.500000
210 4610758795662908.000000
211 4740662225782242.000000
212 4873940413829635.000000
213 5010672424628787.000000
214 5150938928800445.000000
215 5294822228670044.000000
216 5442406284417473.000000
217 5593776740466411.000000
218 5749020952110510.000000
219 5908228012373599.000000
220 6071488779100784.000000
221 6238895902277342.000000
222 6410543851571830.000000
223 6586528944099954.000000
224 6766949372405290.000000
225 6951905232652969.000000
226 7141498553032046.000000
227 7335833322362275.000000
228 7535015518900547.000000
229 7739153139342348.000000
230 7948356228013135.000000
231 8162736906244407.000000
232 8382409401929063.000000
233 8607490079250355.000000
234 8838097468578499.000000
235 9074352296528966.000000
236 9316377516175946.000000
237 9564298337414398.000000
238 9818242257464064.000000
239 10078339091508110.000000
240 10344721003459268.000000
241 10617522536845860.000000
242 10896880645809928.000000
243 11182934726209250.000000
244 11475826646815300.000000
245 11775700780598068.000000
246 12082704036089370.000000
247 12396985888815198.000000
248 12718698412788078.000000
249 13047996312049350.000000
250 13385036952251980.000000
251 13729980392273278.000000
252 14082989415847378.000000
253 14444229563206482.000000
254 14813869162720126.000000
255 15192079362520872.000000
256 15579034162105078.000000
257 15974910443896814.000000
258 16379888004762530.000000
259 16794149587464572.000000
260 17217880912040042.000000
261 17651270707092818.000000
262 18094510740984524.000000
263 18547795852911696.000000
264 19011323983854456.000000
265 19485296207383132.000000
266 19969916760307660.000000
267 20465393073155672.000000
268 20971935800463384.000000
269 21489758850864748.000000
270 22019079416962188.000000
271 22560118004963900.000000
272 23113098464070380.000000
273 23678248015594796.000000
274 24255797281798864.000000
275 24845980314428580.000000
276 25449034622930768.000000
277 26065201202334008.000000
278 26694724560774972.000000
279 27337852746652008.000000
280 27994837375387712.000000
281 28665933655780760.000000
282 29351400415928592.000000
283 30051500128700664.000000
284 30766498936743160.000000
285 31496666676994328.000000
286 32242276904690808.000000
287 33003606916843740.000000
288 33780937775164068.000000
289 34574554328415664.000000
290 35384745234175032.000000
291 36211802979975464.000000
292 37056023903814600.000000
293 37917708214001680.000000
294 38797160008323776.000000
295 39694687292506784.000000
296 40610601997949392.000000
297 41545219998705896.000000
298 42498861127695272.000000
299 43471849192112472.000000
300 44464511988017976.000000
301 45477181314082024.000000
302 46510192984458936.000000
303 47563886840767208.000000
304 48638606763150672.000000
305 49734700680396208.000000
306 50852520579082464.000000
307 51992422511735344.000000
308 53154766603963848.000000
309 54339917060552048.000000
310 55548242170480328.000000
311 56780114310851672.000000
312 58035909949695432.000000
313 59316009647624616.000000
314 60620798058318456.000000
315 61950663927806624.000000
316 63306000092526112.000000
317 64687203476127464.000000
318 66094675085001016.000000
319 67528820002499528.000000
320 68990047381828856.000000
321 70478770437580656.000000
322 71995406435881744.000000
323 73540376683131872.000000
324 75114106513305200.000000
325 76717025273787504.000000
326 78349566309724240.000000
327 80012166946851632.000000
328 81705268472785888.000000
329 83429316116743504.000000
330 85184759027666512.000000
331 86972050250727600.000000
332 88791646702187792.000000
333 90644009142582688.000000
334 92529602148210032.000000
335 94448894080894160.000000
336 96402357056002096.000000
337 98390466908685840.000000
338 100413703158326144.000000
339 102472548971153584.000000
340 104567491121022096.000000
341 106699019948310816.000000
342 108867629316931472.000000
343 111073816569416176.000000
344 113318082480063840.000000
345 115600931206121712.000000
346 117922870236979536.000000
347 120284410341354592.000000
348 122686065512444864.000000
349 125128352911030816.000000
350 127611792806502576.000000
351 130136908515793728.000000
352 132704226340201424.000000
353 135314275500072064.000000
354 137967588067335312.000000
355 140664698895866000.000000
356 143406145549658064.000000
357 146192468228790400.000000
358 149024209693170400.000000
359 151901915184036736.000000
360 154826132343207200.000000
361 157797411130055616.000000
362 160816303736203680.000000
363 163883364497914016.000000
364 166999149806171168.000000
365 170164218014439136.000000
366 173379129344081792.000000
367 176644445787437280.000000
368 179960731008535136.000000
369 183328550241447712.000000
370 186748470186265920.000000
371 190221058902692896.000000
372 193746885701248096.000000
373 197326521032075808.000000
374 200960536371353472.000000
375 204649504105294208.000000
376 208393997411741920.000000
377 212194590139355168.000000
378 216051856684379328.000000
379 219966371865006144.000000
380 223938710793320416.000000
381 227969448744837280.000000
382 232059161025630432.000000
383 236208422837056160.000000
384 240417809138077952.000000
385 244687894505195968.000000
386 249019252989989824.000000
387 253412457974282208.000000
388 257868082022931072.000000
389 262386696734261760.000000
390 266968872588151296.000000
391 271615178791774688.000000
392 276326183123029088.000000
393 281102451771649984.000000
394 285944549178035680.000000
395 290853037869796992.000000
396 295828478296050880.000000
397 300871428659477952.000000
398 305982444746165184.000000
399 311162079753254848.000000
400 316410884114425920.000000
401 321729405323229376.000000
402 327118187754306880.000000
403 332577772482518144.000000
404 338108697100007616.000000
405 343711495531238592.000000
406 349386697846028288.000000
407 355134830070616000.000000
408 360956413996798912.000000
409 366851966989169472.000000
410 372822001790494848.000000
411 378867026325272512.000000
412 384987543501506496.000000
413 391184051010740224.000000
414 397457041126393728.000000
415 403807000500444096.000000
416 410234409958499392.000000
417 416739744293307968.000000
418 423323472056755648.000000
419 429986055350396352.000000
420 436727949614571200.000000
421 443549603416163200.000000
422 450451458235046464.000000
423 457433948249282048.000000
424 464497500119115328.000000
425 471642532769838208.000000
426 478869457173568448.000000
427 486178676130012288.000000
428 493570584046268480.000000
429 501045566715739584.000000
430 508604001096212800.000000
431 516246255087177664.000000
432 523972687306448384.000000
433 531783646866156160.000000
434 539679473148185792.000000
435 547660495579123328.000000
436 555727033404790720.000000
437 563879395464437888.000000
438 572117879964669504.000000
439 580442774253180800.000000
440 588854354592380288.000000
441 597352885932978176.000000
442 605938621687619456.000000
443 614611803504642560.000000
444 623372661042043520.000000
445 632221411741733760.000000
446 641158260604168960.000000
447 650183399963438336.000000
448 659297009262898048.000000
449 668499254831438848.000000
450 677790289660471296.000000
451 687170253181721088.000000
452 696639271045923456.000000
453 706197454902507008.000000
454 715844902180358144.000000
455 725581695869759616.000000
456 735407904305595136.000000
457 745323580951913856.000000
458 755328764187953536.000000
459 765423477095708416.000000
460 775607727249148416.000000
461 785881506505179648.000000
462 796244790796444672.000000
463 806697539926060928.000000
464 817239697364396160.000000
465 827871190047976576.000000
466 838591928180630144.000000
467 849401805036964224.000000
468 860300696768273024.000000
469 871288462210980992.000000
470 882364942697718656.000000
471 893529961871131008.000000
472 904783325500523008.000000
473 916124821301438848.000000
474 927554218758276608.000000
475 939071268950043648.000000
476 950675704379344256.000000
477 962367238804712320.000000
478 974145567076378112.000000
479 986010364975579776.000000
480 997961289057510144.000000
481 1009997976498007936.000000
482 1022120044944087296.000000
483 1034327092368405248.000000
484 1046618696927770240.000000
485 1058994416825783936.000000
486 1071453790179720832.000000
487 1083996334891737088.000000
488 1096621548524508288.000000
489 1109328908181392768.000000
490 1122117870391214592.000000
491 1134987870997758848.000000
492 1147938325054078080.000000
493 1160968626721694464.000000
494 1174078149174801152.000000
495 1187266244509540608.000000
496 1200532243658457088.000000
497 1213875456310216448.000000
498 1227295170834664192.000000
499 1240790654213329152.000000
500 1254361151975440640.000000
501 1268005888139551488.000000
502 1281724065160848384.000000
503 1295514863884225280.000000
504 1309377443503206400.000000
505 1323310941524790784.000000
506 1337314473740297728.000000
507 1351387134202285568.000000
508 1365527995207618816.000000
509 1379736107286751744.000000
510 1394010499199302656.000000
511 1408350177935977216.000000
512 1422754128726918656.000000
513 1437221315056535040.000000
514 1451750678684877568.000000
515 1466341139675619072.000000
516 1480991596430695168.000000
517 1495700925731664640.000000
518 1510467982787836416.000000
519 1525291601291218688.000000
520 1540170593478337536.000000
521 1555103750198967808.000000
522 1570089840991825152.000000
523 1585127614167256832.000000
524 1600215796896968960.000000
525 1615353095310831872.000000
526 1630538194600790272.000000
527 1645769759131915008.000000
528 1661046432560619520.000000
529 1676366837960071936.000000
530 1691729577952824064.000000
531 1707133234850672896.000000
532 1722576370801779200.000000
533 1738057527945053696.000000
534 1753575228571823104.000000
535 1769127975294784768.000000
536 1784714251224259072.000000
537 1800332520151734016.000000
538 1815981226740713216.000000
539 1831658796724857600.000000
540 1847363637113413632.000000
541 1863094136403924480.000000
542 1878848664802206464.000000
543 1894625574449580544.000000
544 1910423199657334784.000000
545 1926239857148404480.000000
546 1942073846306233600.000000
547 1957923449430802688.000000
548 1973786932001784064.000000
549 1989662542948790016.000000
550 2005548514928682240.000000
551 2021443064609897216.000000
552 2037344392963745024.000000
553 2053250685562634240.000000
554 2069160112885176320.000000
555 2085070830628106496.000000
556 2100980980024981504.000000
557 2116888688171571200.000000
558 2132792068357904384.000000
559 2148689220406886400.000000
560 2164578231019424256.000000
561 2180457174125989376.000000
562 2196324111244537856.000000
563 2212177091844709632.000000
564 2228014153718228992.000000
565 2243833323355410688.000000
566 2259632616327699456.000000
567 2275410037676133888.000000
568 2291163582305651712.000000
569 2306891235385132032.000000
570 2322590972753080320.000000
571 2338260761328845824.000000
572 2353898559529268224.000000
573 2369502317690641408.000000
574 2385069978495885312.000000
575 2400599477406806528.000000
576 2416088743101330432.000000
577 2431535697915584000.000000
578 2446938258290705408.000000
579 2462294335224250368.000000
580 2477601834726075904.000000
581 2492858658278551040.000000
582 2508062703300978176.000000
583 2523211863618079232.000000
584 2538304029932401664.000000
585 2553337090300518400.000000
586 2568308930612852224.000000
587 2583217435077004288.000000
588 2598060486704420352.000000
589 2612835967800239104.000000
590 2627541760456190976.000000
591 2642175747046366720.000000
592 2656735810725710336.000000
593 2671219835931074560.000000
594 2685625708884679168.000000
595 2699951318099798016.000000
596 2714194554888524288.000000
597 2728353313871431680.000000
598 2742425493488971264.000000
599 2756408996514435072.000000
600 2770301730568300032.000000
601 2784101608633799168.000000
602 2797806549573524480.000000
603 2811414478646904832.000000
604 2824923328028357632.000000
605 2838331037325958656.000000
606 2851635554100438016.000000
607 2864834834384317952.000000
608 2877926843201021440.000000
609 2890909555083759616.000000
610 2903780954594017280.000000
611 2916539036839454720.000000
612 2929181807991041024.000000
613 2941707285799222784.000000
614 2954113500108964352.000000
615 2966398493373446656.000000
616 2978560321166262784.000000
617 2990597052691907584.000000
618 3002506771294379520.000000
619 3014287574963712000.000000
620 3025937576840243712.000000
621 3037454905716436992.000000
622 3048837706536072192.000000
623 3060084140890616320.000000
624 3071192387512589312.000000
625 3082160642765746688.000000
626 3092987121131881984.000000
627 3103670055694079488.000000
628 3114207698616223744.000000
629 3124598321618591232.000000
630 3134840216449342976.000000
631 3144931695351726592.000000
632 3154871091526834688.000000
633 3164656759591709696.000000
634 3174287076032650752.000000
635 3183760439653520896.000000
636 3193075272018904064.000000
637 3202230017891925504.000000
638 3211223145666567168.000000
639 3220053147794320896.000000
640 3228718541205003776.000000
641 3237217867721566720.000000
642 3245549694468750848.000000
643 3253712614275410944.000000
644 3261705246070367744.000000
645 3269526235271618048.000000
646 3277174254168755200.000000
647 3284648002298448384.000000
648 3291946206812836864.000000
649 3299067622840682496.000000
650 3306011033841146880.000000
651 3312775251950047232.000000
652 3319359118318453760.000000
653 3325761503443500032.000000
654 3331981307491258368.000000
655 3338017460611569152.000000
656 3343868923244688896.000000
657 3349534686419630592.000000
658 3355013772044086272.000000
659 3360305233185805824.000000
660 3365408154345325056.000000
661 3370321651719928832.000000
662 3375044873458749440.000000
663 3379576999908882944.000000
664 3383917243852443648.000000
665 3388064850734444544.000000
666 3392019098881417216.000000
667 3395779299710687232.000000
668 3399344797930208256.000000
669 3402714971728887808.000000
670 3405889232957315072.000000
671 3408867027298824704.000000
672 3411647834430826496.000000
673 3414231168176330752.000000
674 3416616576645609472.000000
675 3418803642367939584.000000
676 3420791982413370880.000000
677 3422581248504462848.000000
678 3424171127117961728.000000
679 3425561339576358912.000000
680 3426751642129298432.000000
681 3427741826024808448.000000
682 3428531717570315776.000000
683 3429121178183424512.000000
684 3429510104432438272.000000
685 3429698428066608640.000000
686 3429686116036097024.000000
687 3429473170501637632.000000
688 3429059628833910784.000000
689 3428445563602607616.000000
690 3427631082555209216.000000
691 3426616328585476096.000000
692 3425401479691666432.000000
693 3423986748924498944.000000
694 3422372384324882432.000000
695 3420558668851437568.000000
696 3418545920297837568.000000
697 3416334491200005632.000000
698 3413924768733206016.000000
699 3411317174599069184.000000
700 3408512164902597120.000000
701 3405510230019201536.000000
702 3402311894451827712.000000
703 3398917716678223360.000000
704 3395328288988408832.000000
705 3391544237312427520.000000
706 3387566221038430208.000000
707 3383394932821183488.000000
708 3379031098381070848.000000
709 3374475476293662720.000000
710 3369728857769959936.000000
711 3364792066427378176.000000
712 3359665958051581440.000000
713 3354351420349250560.000000
714 3348849372691898880.000000
715 3343160765850821632.000000
716 3337286581723302912.000000
717 3331227833050183680.000000
718 3324985563124895232.000000
719 3318560845494097920.000000
720 3311954783650017792.000000
721 3305168510714628096.000000
722 3298203189115785216.000000
723 3291060010255464448.000000
724 3283740194170209280.000000
725 3276244989183946752.000000
726 3268575671553299456.000000
727 3260733545105531392.000000
728 3252719940869281280.000000
729 3244536216698223104.000000
730 3236183756887800832.000000
731 3227663971785196544.000000
732 3218978297392676352.000000
733 3210128194964478976.000000
734 3201115150597401088.000000
735 3191940674815234560.000000
736 3182606302147230208.000000
737 3173113590700743680.000000
738 3163464121728229888.000000
739 3153659499188761088.000000
740 3143701349304228352.000000
741 3133591320110411264.000000
742 3123331081003073536.000000
743 3112922322279274496.000000
744 3102366754674061312.000000
745 3091666108892725760.000000
746 3080822135138801152.000000
747 3069836602637978112.000000
748 3058711299158129664.000000
749 3047448030525609984.000000
750 3036048620138024960.000000
751 3024514908473656832.000000
752 3012848752597710336.000000
753 3001052025665593856.000000
754 2989126616423390720.000000
755 2977074428705727488.000000
756 2964897380931219968.000000
757 2952597405595676672.000000
758 2940176448763252736.000000
759 2927636469555745280.000000
760 2914979439640199680.000000
761 2902207342715036672.000000
762 2889322173994866176.000000
763 2876325939694185984.000000
764 2863220656510147584.000000
765 2850008351104571904.000000
766 2836691059585403904.000000
767 2823270826987788288.000000
768 2809749706754948608.000000
769 2796129760219055616.000000
770 2782413056082260480.000000
771 2768601669898084864.000000
772 2754697683553333760.000000
773 2740703184750723072.000000
774 2726620266492387328.000000
775 2712451026564456960.000000
776 2698197567022865920.000000
777 2683861993680579072.000000
778 2669446415596393984.000000
779 2654952944565506560.000000
780 2640383694611988992.000000
781 2625740781483368960.000000
782 2611026322147456512.000000
783 2596242434291597824.000000
784 2581391235824504320.000000
785 2566474844380824576.000000
786 2551495376828623360.000000
787 2536454948779901440.000000
788 2521355674104339968.000000
789 2506199664446393344.000000
790 2490989028745896448.000000
791 2475725872762327552.000000
792 2460412298602875904.000000
793 2445050404254441472.000000
794 2429642283119732224.000000
795 2414190023557565952.000000
796 2398695708427538432.000000
797 2383161414639170048.000000
798 2367589212705669632.000000
799 2351981166302443008.000000
800 2336339331830459904.000000
801 2320665757984613888.000000
802 2304962485327186944.000000
803 2289231545866524928.000000
804 2273474962641059584.000000
805 2257694749308756224.000000
806 2241892909742122496.000000
807 2226071437628861952.000000
808 2210232316078280960.000000
809 2194377517233543680.000000
810 2178509001889875456.000000
811 2162628719118793472.000000
812 2146738605898468352.000000
813 2130840586750288896.000000
814 2114936573381715968.000000
815 2099028464335510784.000000
816 2083118144645400320.000000
817 2067207485498263296.000000
818 2051298343902900224.000000
819 2035392562365455616.000000
820 2019491968571553536.000000
821 2003598375075205376.000000
822 1987713578994551552.000000
823 1971839361714480384.000000
824 1955977488596185344.000000
825 1940129708693697280.000000
826 1924297754477438464.000000
827 1908483341564844544.000000
828 1892688168458081536.000000
829 1876913916288896000.000000
830 1861162248570633984.000000
831 1845434810957444608.000000
832 1829733231010703360.000000
833 1814059117972672768.000000
834 1798414062547413760.000000
835 1782799636688970240.000000
836 1767217393396832000.000000
837 1751668866518690048.000000
838 1736155570560485120.000000
839 1720679000503755520.000000
840 1705240631630283776.000000
841 1689841919354034176.000000
842 1674484299060382464.000000
843 1659169185952621056.000000
844 1643897974905734400.000000
845 1628672040327421440.000000
846 1613492736026358528.000000
847 1598361395087668736.000000
848 1583279329755586560.000000
849 1568247831323284992.000000
850 1553268170029838592.000000
851 1538341594964288256.000000
852 1523469333976780544.000000
853 1508652593596737024.000000
854 1493892558958018560.000000
855 1479190393731047168.000000
856 1464547240061830144.000000
857 1449964218517853184.000000
858 1435442428040784640.000000
859 1420982945905945088.000000
860 1406586827688484864.000000
861 1392255107236218880.000000
862 1377988796649057280.000000
863 1363788886264974080.000000
864 1349656344652451072.000000
865 1335592118609335552.000000
866 1321597133168043520.000000
867 1307672291607042304.000000
868 1293818475468539648.000000
869 1280036544582318336.000000
870 1266327337095628032.000000
871 1252691669509071872.000000
872 1239130336718407680.000000
873 1225644112062184448.000000
874 1212233747375133440.000000
875 1198899973047240704.000000
876 1185643498088407296.000000
877 1172465010198622464.000000
878 1159365175843561728.000000
879 1146344640335521152.000000
880 1133404027919603584.000000
881 1120543941865066368.000000
882 1107764964561742464.000000
883 1095067657621440000.000000
884 1082452561984234240.000000
885 1069920198029554432.000000
886 1057471065691971840.000000
887 1045105644581599872.000000
888 1032824394109002752.000000
889 1020627753614523392.000000
890 1008516142501929472.000000
891 996489960376284928.000000
892 984549587185941248.000000
893 972695383368560256.000000
894 960927690001058816.000000
895 949246828953385472.000000
896 937653103046022400.000000
897 926146796211115904.000000
898 914728173657135744.000000
899 903397482036959360.000000
900 892154949619285504.000000
901 881000786463269888.000000
902 869935184596289024.000000
903 858958318194725120.000000
904 848070343767675904.000000
905 837271400343485824.000000
906 826561609658999040.000000
907 815941076351433216.000000
908 805409888152774016.000000
909 794968116086590848.000000
910 784615814667173632.000000
911 774353022100889728.000000
912 764179760489665792.000000
913 754096036036491136.000000
914 744101839252848896.000000
915 734197145167974912.000000
916 724381913539846016.000000
917 714656089067806464.000000
918 705019601606729984.000000
919 695472366382626304.000000
920 686014284209597184.000000
921 676645241708047104.000000
922 667365111524056832.000000
923 658173752549824512.000000
924 649071010145088384.000000
925 640056716359434624.000000
926 631130690155404288.000000
927 622292737632309760.000000
928 613542652250671616.000000
929 604880215057191680.000000
930 596305194910171904.000000
931 587817348705300352.000000
932 579416421601714048.000000
933 571102147248261312.000000
934 562874248009878208.000000
935 554732435194000320.000000
936 546676409276930112.000000
937 538705860130081984.000000
938 530820467246026944.000000
939 523019899964262400.000000
940 515303817696630912.000000
941 507671870152316416.000000
942 500123697562343552.000000
943 492658930903510592.000000
944 485277192121686464.000000
945 477978094354403008.000000
946 470761242152675008.000000
947 463626231701983680.000000
948 456572651042357440.000000
949 449600080287488384.000000
950 442708091842823808.000000
951 435896250622566464.000000
952 429164114265534144.000000
953 422511233349812736.000000
954 415937151606150080.000000
955 409441406130036288.000000
956 403023527592414144.000000
957 396683040448971520.000000
958 390419463147961344.000000
959 384232308336502144.000000
960 378121083065310400.000000
961 372085288991818176.000000
962 366124422581630912.000000
963 360237975308282496.000000
964 354425433851242944.000000
965 348686280292141376.000000
966 343019992309160064.000000
967 337426043369566272.000000
968 331903902920341120.000000
969 326453036576871808.000000
970 321072906309673408.000000
971 315762970629106432.000000
972 310522684768059008.000000
973 305351500862564224.000000
974 300248868130323648.000000
975 295214233047109376.000000
976 290247039521018432.000000
977 285346729064555424.000000
978 280512740964519840.000000
979 275744512449674368.000000
980 271041478856176160.000000
981 266403073790748384.000000
982 261828729291575584.000000
983 257317875986905536.000000
984 252869943251340096.000000
985 248484359359803104.000000
986 244160551639168448.000000
987 239897946617539424.000000
988 235695970171165152.000000
989 231554047668985888.000000
990 227471604114797728.000000
991 223448064287029568.000000
992 219482852876124256.000000
993 215575394619519840.000000
994 211725114434225280.000000
995 207931437546988544.000000
996 204193789622053056.000000
997 200511596886502400.000000
998 196884286253192160.000000
999 193311285441269792.000000
1000 189792023094284256.000000
1001 186325928895887808.000000
1002 182912433683132736.000000
1003 179550969557368864.000000
1004 176240969992745760.000000
1005 172981869942326112.000000
1006 169773105941818272.000000
1007 166614116210933600.000000
1008 163504340752380416.000000
1009 160443221448500224.000000
1010 157430202155559968.000000
1011 154464728795709056.000000
1012 151546249446613856.000000
1013 148674214428781792.000000
1014 145848076390588096.000000
1015 143067290391019472.000000
1016 140331313980148992.000000
1017 137639607277357120.000000
1018 134991633047314624.000000
1019 132386856773744784.000000
1020 129824746730980240.000000
1021 127304774053333040.000000
1022 124826412802296192.000000
1023 122389140031594272.000000
1024 119992435850103360.000000
1025 117635783482659216.000000
1026 115318669328773904.000000
1027 113040583019281840.000000
1028 110801017470935440.000000
1029 108599468938972864.000000
1030 106435437067678176.000000
1031 104308424938958032.000000
1032 102217939118955408.000000
1033 100163489702725008.000000
1034 98144590356992144.000000
1035 96160758361020144.000000
1036 94211514645608192.000000
1037 92296383830245776.000000
1038 90414894258446672.000000
1039 88566578031287472.000000
1040 86750971039175840.000000
1041 84967612991873232.000000
1042 83216047446796976.000000
1043 81495821835628256.000000
1044 79806487489250272.000000
1045 78147599661043248.000000
1046 76518717548561840.000000
1047 74919404313620848.000000
1048 73349227100815680.000000
1049 71807757054503096.000000
1050 70294569334269656.000000
1051 68809243128912752.000000
1052 67351361668961976.000000
1053 65920512237766072.000000
1054 64516286181173232.000000
1055 63138278915829376.000000
1056 61786089936123248.000000
1057 60459322819802048.000000
1058 59157585232286880.000000
1059 57880488929711368.000000
1060 56627649760713072.000000
1061 55398687667000424.000000
1062 54193226682724968.000000
1063 53010894932681608.000000
1064 51851324629365888.000000
1065 50714152068911896.000000
1066 49599017625938192.000000
1067 48505565747326528.000000
1068 47433444944959096.000000
1069 46382307787440328.000000
1070 45351810890827392.000000
1071 44341614908395816.000000
1072 43351384519463696.000000
1073 42380788417301144.000000
1074 41429499296147240.000000
1075 40497193837361456.000000
1076 39583552694731248.000000
1077 38688260478962184.000000
1078 37811005741372216.000000
1079 36951480956815688.000000
1080 36109382505858720.000000
1081 35284410656230572.000000
1082 34476269543572584.000000
1083 33684667151508584.000000
1084 32909315291058096.000000
1085 32149929579415536.000000
1086 31406229418116260.000000
1087 30677937970612408.000000
1088 29964782139278588.000000
1089 29266492541869704.000000
1090 28582803487451072.000000
1091 27913452951821836.000000
1092 27258182552451800.000000
1093 26616737522951772.000000
1094 25988866687097448.000000
1095 25374322432425800.000000
1096 24772860683423848.000000
1097 24184240874328040.000000
1098 23608225921553576.000000
1099 23044582195771348.000000
1100 22493079493651048.000000
1101 21953491009287976.000000
1102 21425593305331080.000000
1103 20909166283829140.000000
1104 20403993156812508.000000
1105 19909860416626400.000000
1106 19426557806032324.000000
1107 18953878288093468.000000
1108 18491618015859960.000000
1109 18039576301869020.000000
1110 17597555587475342.000000
1111 17165361412026362.000000
1112 16742802381896976.000000
1113 16329690139397826.000000
1114 15925839331570978.000000
1115 15531067578886726.000000
1116 15145195443854708.000000
1117 14768046399562404.000000
1118 14399446798153536.000000
1119 14039225839259140.000000
1120 13687215538393060.000000
1121 13343250695323960.000000
1122 13007168862435192.000000
1123 12678810313084102.000000
1124 12358018009971340.000000
1125 12044637573531294.000000
1126 11738517250353710.000000
1127 11439507881646976.000000
1128 11147462871752654.000000
1129 10862238156721068.000000
1130 10583692172957198.000000
1131 10311685825945958.000000
1132 10046082459065690.000000
1133 9786747822498292.000000
1134 9533550042244566.000000
1135 9286359589252378.000000
1136 9045049248665858.000000
1137 8809494089202783.000000
1138 8579571432667751.000000
1139 8355160823607871.000000
1140 8136143999118063.000000
1141 7922404858802250.000000
1142 7713829434897039.000000
1143 7510305862563668.000000
1144 7311724350354468.000000
1145 7117977150859078.000000
1146 6928958531536146.000000
1147 6744564745735522.000000
1148 6564694003916093.000000
1149 6389246445063805.000000
1150 6218124108314726.000000
1151 6051230904787239.000000
1152 5888472589627748.000000
1153 5729756734273698.000000
1154 5574992698937752.000000
1155 5424091605316747.000000
1156 5276966309528697.000000
1157 5133531375281196.000000
1158 4993703047274097.000000
1159 4857399224839503.000000
1160 4724539435821525.000000
1161 4595044810698559.000000
1162 4468838056950168.000000
1163 4345843433671023.500000
1164 4225986726433640.000000
1165 4109195222402028.000000
1166 3995397685697779.500000
1167 3884524333020280.000000
1168 3776506809522363.500000
1169 3671278164942784.500000
1170 3568772829996537.000000
1171 3468926593024115.500000
1172 3371676576900517.500000
1173 3276961216204772.500000
1174 3184720234650559.000000
1175 3094894622778457.000000
1176 3007426615910166.500000
1177 2922259672364945.500000
1178 2839338451938464.500000
1179 2758608794643997.000000
1180 2680017699716009.000000
1181 2603513304875848.500000
1182 2529044865859336.000000
1183 2456562736205821.000000
1184 2386018347308293.000000
1185 2317364188723900.000000
1186 2250553788744327.750000
1187 2185541695225186.000000
1188 2122283456673676.250000
1189 2060735603593573.250000
1190 2000855630086576.750000
1191 1942601975708946.000000
1192 1885934007582338.750000
1193 1830812002757578.000000
1194 1777197130830167.750000
1195 1725051436806168.750000
1196 1674337824217052.000000
1197 1625020038482109.000000
1198 1577062650516858.750000
1199 1530431040585941.250000
1200 1485091382398832.250000
1201 1441010627446740.250000
1202 1398156489578980.500000
1203 1356497429817019.750000
1204 1316002641404438.000000
1205 1276642035090927.000000
1206 1238386224648461.500000
1207 1201206512617700.250000
1208 1165074876282676.000000
1209 1129963953871765.750000
1210 1095847030982941.375000
1211 1062698027231215.500000
1212 1030491483116236.250000
1213 999202547107891.750000
1214 968806962947816.125000
1215 939281057164643.500000
1216 910601726800808.875000
1217 882746427348734.875000
1218 855693160894173.125000
1219 829420464464484.875000
1220 803907398579602.125000
1221 779133536003436.125000
1222 755078950693444.000000
1223 731724206946096.250000
1224 709050348735948.000000
1225 687038889246019.500000
1226 665671800587188.750000
1227 644931503704307.750000
1228 624800858466697.125000
1229 605263153940747.500000
1230 586302098842286.875000
1231 567901812166414.375000
1232 550046813992495.062500
1233 532722016461978.375000
1234 515912714926763.750000
1235 499604579265797.625000
1236 483783645367589.875000
1237 468436306776379.562500
1238 453549306499643.562500
1239 439109728974676.437500
1240 425104992191977.687500
1241 411522839973167.625000
1242 398351334401185.750000
1243 385578848400538.937500
1244 373194058465353.750000
1245 361185937533019.437500
1246 349543748001218.312500
1247 338257034886138.562500
1248 327315619119706.750000
1249 316709590983653.125000
1250 306429303678274.250000
1251 296465367023748.250000
1252 286808641291890.625000
1253 277450231166233.281250
1254 268381479828352.687500
1255 259593963168368.406250
1256 251079484117566.125000
1257 242830067101099.968750
1258 234837952608766.687500
1259 227095591881851.218750
1260 219595641714058.062500
1261 212330959364579.812500
1262 205294597581349.062500
1263 198479799732561.437500
1264 191879995044566.281250
1265 185488793944240.875000
1266 179299983503991.812500
1267 173307522987540.406250
1268 167505539494670.656250
1269 161888323703147.156250
1270 156450325706018.718750
1271 151186150942553.187500
1272 146090556221067.843750
1273 141158445831943.250000
1274 136384867749120.187500
1275 131765009918419.281250
1276 127294196631019.328125
1277 122967884980480.046875
1278 118781661401690.218750
1279 114731238290160.828125
1280 110812450700099.640625
1281 107021253119720.453125
1282 103353716322270.859375
1283 99806024291274.406250
1284 96374471218511.218750
1285 93055458573276.828125
1286 89845492241490.281250
1287 86741179733227.796875
1288 83739227457295.312500
1289 80836438061464.984375
1290 78029707837024.859375
1291 75316024186309.781250
1292 72692463151906.640625
1293 70156187006239.835938
1294 67704441900274.773438
1295 65334555570085.242188
1296 63043935100059.453125
1297 60830064741535.968750
1298 58690503785682.835938
1299 56622884489449.437500
1300 54624910053443.296875
1301 52694352650604.281250
1302 50829051504564.203125
1303 49026911016601.921875
1304 47285898940123.109375
1305 45604044601610.359375
1306 43979437167009.968750
1307 42410223952540.507812
1308 40894608778923.617188
1309 39430850368058.718750
1310 38017260781179.718750
1311 36652203897549.640625
1312 35334093932766.195312
1313 34061393995769.628906
1314 32832614683659.503906
1315 31646312713446.667969
1316 30501089589879.617188
1317 29395590308504.757812
1318 28328502093132.945312
1319 27298553166903.972656
1320 26304511556152.957031
