0 304677.274446
1 317098.543836
2 329998.863220
3 343395.540005
4 357306.459059
5 371750.100107
6 386745.555579
7 402312.548920
8 418471.453379
9 435243.311272
10 452649.853740
11 470713.521012
12 489457.483176
13 508905.661471
14 529082.750112
15 550014.238658
16 571726.434927
17 594246.488476
18 617602.414655
19 641823.119240
20 666938.423662
21 692979.090836
22 719976.851610
23 747964.431832
24 776975.580060
25 807045.095908
26 838208.859064
27 870503.858959
28 903968.225127
29 938641.258250
30 974563.461900
31 1011776.575000
32 1050323.604998
33 1090248.861783
34 1131597.992333
35 1174418.016129
36 1218757.361329
37 1264665.901712
38 1312194.994421
39 1361397.518492
40 1412327.914192
41 1465042.223183
42 1519598.129505
43 1576055.001400
44 1634473.933986
45 1694917.792789
46 1757451.258144
47 1822140.870470
48 1889055.076440
49 1958264.276039
50 2029840.870537
51 2103859.311371
52 2180396.149953
53 2259530.088409
54 2341342.031265
55 2425915.138071
56 2513334.876992
57 2603689.079358
58 2697067.995186
59 2793564.349680
60 2893273.400717
61 2996292.997325
62 3102723.639156
63 3212668.536962
64 3326233.674076
65 3443527.868913
66 3564662.838480
67 3689753.262909
68 3818916.851011
69 3952274.406865
70 4089949.897423
71 4232070.521157
72 4378766.777730
73 4530172.538706
74 4686425.119287
75 4847665.351087
76 5014037.655933
77 5185690.120698
78 5362774.573162
79 5545446.658891
80 5733865.919144
81 5928195.869792
82 6128604.081241
83 6335262.259373
84 6548346.327467
85 6768036.509127
86 6994517.412175
87 7227978.113526
88 7468612.245022
89 7716618.080213
90 7972198.622076
91 8235561.691664
92 8506920.017659
93 8786491.326824
94 9074498.435335
95 9371169.340970
96 9676737.316150
97 9991441.001799
98 10315524.502008
99 10649237.479482
100 10992835.251751
101 11346578.888113
102 11710735.307283
103 12085577.375737
104 12471384.006703
105 12868440.259784
106 13277037.441179
107 13697473.204466
108 14130051.651921
109 14575083.436336
110 15032885.863299
111 15503782.993897
112 15988105.747814
113 16486192.006768
114 16998386.718263
115 17525041.999595
116 18066517.242086
117 18623179.215488
118 19195402.172511
119 19783567.953429
120 20388066.090717
121 21009293.913661
122 21647656.652880
123 22303567.544730
124 22977447.935508
125 23669727.385404
126 24380843.772151
127 25111243.394302
128 25861381.074070
129 26631720.259674
130 27422733.127113
131 28234900.681316
132 29068712.856573
133 29924668.616210
134 30803276.051399
135 31705052.479052
136 32630524.538715
137 33580228.288384
138 34554709.299157
139 35554522.748656
140 36580233.513118
141 37632416.258082
142 38711655.527581
143 39818545.831752
144 40953691.732775
145 42117707.929045
146 43311219.337491
147 44534861.173947
148 45789279.031471
149 47075128.956521
150 48393077.522894
151 49743801.903313
152 51127989.938576
153 52546340.204150
154 53999562.074119
155 55488375.782366
156 57013512.480892
157 58575714.295159
158 60175734.376345
159 61814336.950407
160 63492297.363834
161 65210402.125974
162 66969448.947826
163 68770246.777187
164 70613615.830018
165 72500387.617931
166 74431404.971674
167 76407522.060482
168 78429604.407197
169 80498528.899011
170 82615183.793736
171 84780468.721456
172 86995294.681455
173 89260584.034289
174 91577270.488886
175 93946299.084543
176 96368626.167703
177 98845219.363381
178 101377057.541121
179 103965130.775365
180 106610440.300091
181 109313998.457614
182 112076828.641431
183 114899965.232959
184 117784453.532078
185 120731349.681333
186 123741720.583682
187 126816643.813671
188 129957207.521914
189 133164510.332756
190 136439661.235011
191 139783779.465640
192 143197994.386283
193 146683445.352494
194 150241281.575601
195 153872661.977057
196 157578755.035182
197 161360738.624187
198 165219799.845378
199 169157134.850425
200 173173948.656611
201 177271454.953952
202 181450875.904084
203 185713441.930848
204 190060391.502451
205 194492970.905134
206 199012434.008260
207 203620042.020727
208 208317063.238642
209 213104772.784168
210 217984452.335477
211 222957389.847736
212 228024879.265063
213 233188220.223396
214 238448717.744198
215 243807681.918972
216 249266427.584512
217 254826273.988856
218 260488544.447900
219 266254565.992631
220 272125669.006957
221 278103186.856090
222 284188455.505481
223 290382813.130273
224 296687599.715271
225 303104156.645411
226 309633826.286743
227 316277951.557918
228 323037875.492195
229 329914940.789981
230 336910489.361939
231 344025861.862663
232 351262397.214989
233 358621432.124955
234 366104300.587466
235 373712333.382725
236 381446857.563470
237 389309195.933106
238 397300666.514787
239 405422582.011528
240 413676249.257456
241 422062968.660256
242 430584033.634949
243 439240730.029083
244 448034335.539471
245 456966119.120580
246 466037340.384716
247 475249248.994137
248 484603084.045230
249 494100073.444916
250 503741433.279435
251 513528367.175683
252 523462065.655266
253 533543705.481466
254 543774448.999305
255 554155443.468889
256 564687820.392271
257 575372694.834008
258 586211164.735664
259 597204310.224466
260 608353192.916367
261 619658855.213744
262 631122319.597995
263 642744587.917288
264 654526640.669739
265 666469436.282271
266 678573910.385470
267 690840975.084699
268 703271518.227783
269 715866402.669566
270 728626465.533651
271 741552517.471645
272 754645341.920233
273 767905694.356425
274 781334301.551295
275 794931860.822586
276 808699039.286519
277 822636473.109170
278 836744766.757789
279 851024492.252429
280 865476188.418263
281 880100360.138996
282 894897477.611728
283 909867975.603706
284 925012252.711342
285 940330670.621918
286 955823553.378393
287 971491186.647725
288 987333816.993147
289 1003351651.150809
290 1019544855.311234
291 1035913554.406022
292 1052457831.400240
293 1069177726.590959
294 1086073236.912366
295 1103144315.247923
296 1120390869.750023
297 1137812763.167602
298 1155409812.182168
299 1173181786.752711
300 1191128409.469968
301 1209249354.920500
302 1227544249.061056
303 1246012668.603698
304 1264654140.412148
305 1283468140.909847
306 1302454095.500174
307 1321611377.999329
308 1340939310.082314
309 1360437160.742525
310 1380104145.765385
311 1399939427.216527
312 1419942112.944952
313 1440111256.101673
314 1460445854.674266
315 1480944851.037820
316 1501607131.522727
317 1522431525.999773
318 1543416807.482973
319 1564561691.750605
320 1585864836.984890
321 1607324843.430728
322 1628940253.073959
323 1650709549.339552
324 1672631156.810141
325 1694703440.965345
326 1716924707.942253
327 1739293204.317488
328 1761807116.911254
329 1784464572.613729
330 1807263638.234200
331 1830202320.373306
332 1853278565.318738
333 1876490258.964776
334 1899835226.755974
335 1923311233.655338
336 1946915984.137336
337 1970647122.206022
338 1994502231.438599
339 2018478835.054703
340 2042574396.011683
341 2066786317.126155
342 2091111941.222073
343 2115548551.305563
344 2140093370.766758
345 2164743563.608842
346 2189496234.704503
347 2214348430.079999
348 2239297137.227003
349 2264339285.442380
350 2289471746.196070
351 2314691333.527181
352 2339994804.468422
353 2365378859.498987
354 2390840143.025957
355 2416375243.894310
356 2441980695.925579
357 2467652978.485215
358 2493388517.078654
359 2519183683.976120
360 2545034798.866134
361 2570938129.537711
362 2596889892.591202
363 2622886254.177712
364 2648923330.767026
365 2674997189.943934
366 2701103851.232856
367 2727239286.950622
368 2753399423.087274
369 2779580140.214699
370 2805777274.422941
371 2831986618.283956
372 2858203921.842619
373 2884424893.634724
374 2910645201.731725
375 2936860474.811957
376 2963066303.258029
377 2989258240.280080
378 3015431803.064588
379 3041582473.948352
380 3067705701.617330
381 3093796902.329899
382 3119851461.164193
383 3145864733.289046
384 3171832045.258160
385 3197748696.327010
386 3223609959.792032
387 3249411084.351609
388 3275147295.488360
389 3300813796.872191
390 3326405771.783609
391 3351918384.556714
392 3377346782.041330
393 3402686095.083678
394 3427931440.025001
395 3453077920.217517
396 3478120627.557109
397 3503054644.032053
398 3527875043.287188
399 3552576892.202821
400 3577155252.487701
401 3601605182.285361
402 3625921737.793125
403 3650099974.893052
404 3674134950.794099
405 3698021725.684745
406 3721755364.395324
407 3745330938.069308
408 3768743525.842769
409 3791988216.531214
410 3815060110.323021
411 3837954320.478657
412 3860665975.034880
413 3883190218.513091
414 3905522213.631022
415 3927657143.016913
416 3949590210.925356
417 3971316644.953936
418 3992831697.759842
419 4014130648.775575
420 4035208805.922902
421 4056061507.324183
422 4076684123.010215
423 4097072056.623718
424 4117220747.117584
425 4137125670.447035
426 4156782341.254792
427 4176186314.548401
428 4195333187.368833
429 4214218600.449482
430 4232838239.864703
431 4251187838.666996
432 4269263178.512000
433 4287060091.270410
434 4304574460.625965
435 4321802223.658652
436 4338739372.412280
437 4355381955.445562
438 4371726079.365896
439 4387767910.344981
440 4403503675.615465
441 4418929664.947802
442 4434042232.106507
443 4448837796.285013
444 4463312843.518338
445 4477463928.072788
446 4491287673.811920
447 4504780775.538013
448 4517940000.308296
449 4530762188.725208
450 4543244256.199963
451 4555383194.188708
452 4567176071.400599
453 4578620034.977093
454 4589712311.641812
455 4600450208.820318
456 4610831115.729169
457 4620852504.433641
458 4630511930.873519
459 4639807035.856364
460 4648735546.017710
461 4657295274.747618
462 4665484123.083081
463 4673300080.565763
464 4680741226.064568
465 4687805728.562597
466 4694491847.908012
467 4700797935.528392
468 4706722435.108167
469 4712263883.228739
470 4717420909.970927
471 4722192239.479380
472 4726576690.488637
473 4730573176.810531
474 4734180707.782660
475 4737398388.677647
476 4740225421.072981
477 4742661103.181203
478 4744704830.140248
479 4746356094.263791
480 4747614485.251424
481 4748479690.358579
482 4748951494.526054
483 4749029780.469121
484 4748714528.726099
485 4748005817.666432
486 4746903823.458211
487 4745408819.995193
488 4743521178.783348
489 4741241368.787000
490 4738569956.234644
491 4735507604.384574
492 4732055073.250429
493 4728213219.286837
494 4723982995.035328
495 4719365448.730734
496 4714361723.868278
497 4708973058.731639
498 4703200785.882225
499 4697046331.609990
500 4690511215.346074
501 4683597049.037627
502 4676305536.485187
503 4668638472.642945
504 4660597742.882373
505 4652185322.219563
506 4643403274.506779
507 4634253751.588644
508 4624738992.423474
509 4614861322.170246
510 4604623151.241715
511 4594026974.324247
512 4583075369.364897
513 4571770996.526311
514 4560116597.110074
515 4548114992.449077
516 4535769082.769544
517 4523081846.023376
518 4510056336.691440
519 4496695684.558508
520 4483003093.460504
521 4468981840.004783
522 4454635272.264152
523 4439966808.445340
524 4424979935.532705
525 4409678207.907873
526 4394065245.946119
527 4378144734.590245
528 4361920421.902740
529 4345396117.597024
530 4328575691.548579
531 4311463072.286778
532 4294062245.468235
533 4276377252.332502
534 4258412188.140958
535 4240171200.599722
536 4221658488.267444
537 4202878298.948825
538 4183834928.074725
539 4164532717.069727
540 4144976051.708008
541 4125169360.458398
542 4105117112.819499
543 4084823817.645725
544 4064294021.465147
545 4043532306.790013
546 4022543290.420815
547 4001331621.744785
548 3979901981.029678
549 3958259077.713730
550 3936407648.692642
551 3914352456.604465
552 3892098288.113255
553 3869649952.192327
554 3847012278.408008
555 3824190115.204684
556 3801188328.192026
557 3778011798.435211
558 3754665420.748970
559 3731154101.996291
560 3707482759.392585
561 3683656318.816128
562 3659679713.125569
563 3635557880.485307
564 3611295762.699498
565 3586898303.555482
566 3562370447.177363
567 3537717136.390517
568 3512943311.097751
569 3488053906.667829
570 3463053852.337106
571 3437948069.624934
572 3412741470.763556
573 3387438957.143148
574 3362045417.772676
575 3336565727.757209
576 3311004746.792321
577 3285367317.676208
578 3259658264.840107
579 3233882392.897623
580 3208044485.213517
581 3182149302.492531
582 3156201581.388772
583 3130206033.136194
584 3104167342.200680
585 3078090164.954205
586 3051979128.371577
587 3025838828.750202
588 2999673830.453292
589 2973488664.676991
590 2947287828.241765
591 2921075782.408488
592 2894856951.719581
593 2868635722.865541
594 2842416443.577225
595 2816203421.544181
596 2790000923.359339
597 2763813173.490336
598 2737644353.277743
599 2711498599.960440
600 2685380005.728362
601 2659292616.802828
602 2633240432.544649
603 2607227404.590176
604 2581257436.015461
605 2555334380.528660
606 2529462041.690787
607 2503644172.164955
608 2477884472.994145
609 2452186592.907620
610 2426554127.655985
611 2400990619.374971
612 2375499555.977930
613 2350084370.577054
614 2324748440.933304
615 2299495088.935005
616 2274327580.105069
617 2249249123.136780
618 2224262869.458050
619 2199371912.824060
620 2174579288.938176
621 2149887975.101003
622 2125300889.887444
623 2100820892.851609
624 2076450784.259392
625 2052193304.848545
626 2028051135.616051
627 2004026897.632568
628 1980123151.883738
629 1956342399.138117
630 1932687079.841472
631 1909159574.037186
632 1885762201.312498
633 1862497220.770290
634 1839366831.026128
635 1816373170.230237
636 1793518316.114114
637 1770804286.061422
638 1748233037.202852
639 1725806466.534585
640 1703526411.060015
641 1681394647.954342
642 1659412894.751688
643 1637582809.554338
644 1615905991.263705
645 1594383979.832649
646 1573018256.538715
647 1551810244.277903
648 1530761307.878525
649 1509872754.434760
650 1489145833.659435
651 1468581738.255633
652 1448181604.306668
653 1427946511.683987
654 1407877484.472553
655 1387975491.413250
656 1368241446.361861
657 1348676208.764152
658 1329280584.146608
659 1310055324.622349
660 1291001129.411762
661 1272118645.377383
662 1253408467.572553
663 1234871139.803386
664 1216507155.203560
665 1198316956.821485
666 1180300938.219350
667 1162459444.083587
668 1144792770.846286
669 1127301167.317081
670 1109984835.325034
671 1092843930.370066
672 1075878562.283442
673 1059088795.896873
674 1042474651.719746
675 1026036106.624038
676 1009773094.536455
677 993685507.137332
678 977773194.565854
679 962035966.131142
680 946473591.028759
681 931085799.062208
682 915872281.368970
683 900832691.150660
684 885966644.406873
685 871273720.672294
686 856753463.756657
687 842405382.487150
688 828228951.452837
689 814223611.750723
690 800388771.733045
691 786723807.755419
692 773228064.925440
693 759900857.851370
694 746741471.390548
695 733749161.397149
696 720923155.468927
697 708262653.692617
698 695766829.387629
699 683434829.847702
700 671265777.080196
701 659258768.542699
702 647412877.876614
703 635727155.637454
704 624200630.021505
705 612832307.588597
706 601621173.980674
707 590566194.635898
708 579666315.498013
709 568920463.720708
710 558327548.366714
711 547886461.101404
712 537596076.880648
713 527455254.632685
714 517462837.933797
715 507617655.677574
716 497918522.737536
717 488364240.622950
718 478953598.127607
719 469685371.971409
720 460558327.434567
721 451571218.984248
722 442722790.893506
723 434011777.852347
724 425436905.570770
725 416996891.373659
726 408690444.787382
727 400516268.117975
728 392473057.020797
729 384559501.061544
730 376774284.268508
731 369116085.676009
732 361583579.858886
733 354175437.457975
734 346890325.696506
735 339726908.887335
736 332683848.930958
737 325759805.804257
738 318953438.039916
739 312263403.196472
740 305688358.318964
741 299226960.390154
742 292877866.772281
743 286639735.639352
744 280511226.399938
745 274491000.110474
746 268577719.879076
747 262770051.259854
748 257066662.637749
749 251466225.603910
750 245967415.321612
751 240568910.882767
752 235269395.655039
753 230067557.619595
754 224962089.699553
755 219951690.079148
756 215035062.513672
757 210210916.630249
758 205477968.219483
759 200834939.518062
760 196280559.482359
761 191813564.053120
762 187432696.411286
763 183136707.225056
764 178924354.888234
765 174794405.749968
766 170745634.335954
767 166776823.561196
768 162886764.934409
769 159074258.754161
770 155338114.296849
771 151677149.996608
772 148090193.617252
773 144576082.416346
774 141133663.301528
775 137761792.979164
776 134459338.095470
777 131225175.370191
778 128058191.722964
779 124957284.392467
780 121921361.048477
781 118949339.896943
782 116040149.778212
783 113192730.258498
784 110406031.714735
785 107679015.412932
786 105010653.580132
787 102399929.470129
788 99845837.423036
789 97347382.918841
790 94903582.625073
791 92513464.438698
792 90176067.522375
793 87890442.335188
794 85655650.657983
795 83470765.613433
796 81334871.680953
797 79247064.706592
798 77206451.908025
799 75212151.874759
800 73263294.563692
801 71359021.290132
802 69498484.714405
803 67680848.824171
804 65905288.912572
805 64170991.552323
806 62477154.565871
807 60822986.991742
808 59207709.047186
809 57630552.087242
810 56090758.560328
811 54587581.960493
812 53120286.776410
813 51688148.437248
814 50290453.255532
815 48926498.367078
816 47595591.668135
817 46297051.749837
818 45030207.830050
819 43794399.682749
820 42588977.564996
821 41413302.141650
822 40266744.407882
823 39148685.609611
824 38058517.161953
825 36995640.565767
826 35959467.322415
827 34949418.846800
828 33964926.378799
829 33005430.893156
830 32070383.007939
831 31159242.891642
832 30271480.169006
833 29406573.825663
834 28564012.111657
835 27743292.443940
836 26943921.307917
837 26165414.158107
838 25407295.318004
839 24669097.879203
840 23950363.599868
841 23250642.802606
842 22569494.271812
843 21906485.150562
844 21261190.837103
845 20633194.881012
846 20022088.879088
847 19427472.371017
848 18848952.734897
849 18286145.082646
850 17738672.155380
851 17206164.218782
852 16688258.958540
853 16184601.375886
854 15694843.683290
855 15218645.200358
856 14755672.249973
857 14305598.054727
858 13868102.633687
859 13442872.699524
860 13029601.556067
861 12627988.996290
862 12237741.200797
863 11858570.636816
864 11490195.957754
865 11132341.903332
866 10784739.200337
867 10447124.464021
868 10119240.100168
869 9800834.207870
870 9491660.483019
871 9191478.122557
872 8900051.729496
873 8617151.218735
874 8342551.723689
875 8076033.503764
876 7817381.852679
877 7566387.007661
878 7322844.059533
879 7086552.863703
880 6857317.952077
881 6634948.445900
882 6419257.969542
883 6210064.565246
884 6007190.608837
885 5810462.726414
886 5619711.712024
887 5434772.446331
888 5255483.816289
889 5081688.635821
890 4913233.567509
891 4749969.045306
892 4591749.198269
893 4438431.775318
894 4289878.071023
895 4145952.852421
896 4006524.286866
897 3871463.870914
898 3740646.360233
899 3613949.700554
900 3491254.959647
