0 0
1 0
2 0
3 0
4 0
5 0
6 0
7 0
8 0
9 0
10 0
11 0
12 0
13 0
14 0
15 0
16 0
17 0
18 0
19 0
20 0
21 0
22 0
23 0
24 0
25 0
26 0
27 0
28 0
29 0
30 0
31 0
32 0
33 0
34 0
35 0
36 0
37 0
38 0
39 0
40 0
41 0
42 0
43 0
44 0
45 0
46 0
47 0
48 0
49 0
50 0
51 0
52 0
53 0
54 0
55 0
56 0
57 0
58 0
59 0
60 0
61 0
62 0
63 0
64 0
65 0
66 0
67 0
68 0
69 0
70 0
71 0
72 0
73 0
74 0
75 0
76 0
77 0
78 0
79 0
80 0
81 0
82 0
83 0
84 0
85 0
86 0
87 0
88 0
89 0
90 0
91 0
92 0
93 0
94 0
95 0
96 0
97 0
98 0
99 0
100 0
101 0
102 0
103 0
104 0
105 0
106 0
107 0
108 0
109 0
110 0
111 0
112 0
113 0
114 0
115 0
116 0
117 0
118 0
119 0
120 0
121 0
122 0
123 0
124 0
125 0
126 0
127 0
128 0
129 0
130 0
131 0
132 0
133 0
134 0
135 0
136 0
137 0
138 0
139 0
140 0
141 0
142 0
143 0
144 0
145 0
146 0
147 0
148 0
149 0
150 0
151 0
152 0
153 0
154 0
155 0
156 0
157 0
158 0
159 0
160 0
161 0
162 0
163 0
164 0
165 0
166 0
167 0
168 0
169 0
170 0
171 0
172 0
173 0
174 0
175 0
176 0
177 0
178 0
179 0
180 0
181 0
182 0
183 0
184 0
185 0
186 0
187 0
188 0
189 0
190 0
191 0
192 0
193 0
194 0
195 0
196 0
197 0
198 0
199 0
200 0
201 0
202 0
203 0
204 0
205 0
206 0
207 0
208 0
209 0
210 0
211 0
212 0
213 0
214 0
215 0
216 0
217 0
218 0
219 0
220 0
221 0
222 0
223 2
224 2
225 4
226 4
227 4
228 10
229 9
230 17
231 21
232 31
233 44
234 41
235 61
236 59
237 87
238 120
239 138
240 176
241 192
242 232
243 258
244 371
245 431
246 502
247 607
248 748
249 873
250 958
251 1181
252 1255
253 1518
254 1915
255 2195
256 2612
257 2871
258 3272
259 3806
260 4366
261 5003
262 5668
263 6614
264 7595
265 8468
266 9554
267 10815
268 12254
269 13927
270 15424
271 17302
272 19524
273 22076
274 24509
275 27788
276 30279
277 34118
278 38146
279 42504
280 47046
281 52268
282 57604
283 64231
284 71342
285 78206
286 85565
287 93813
288 103004
289 113425
290 124444
291 136500
292 149450
293 162237
294 176979
295 192874
296 210211
297 228907
298 247747
299 269992
300 293162
301 318401
302 342991
303 368797
304 398029
305 430471
306 463892
307 499764
308 536956
309 574667
310 615090
311 657891
312 704339
313 753920
314 804442
315 858621
316 914435
317 973857
318 1035199
319 1096237
320 1165292
321 1233601
322 1307976
323 1384994
324 1465144
325 1545491
326 1628332
327 1715597
328 1803975
329 1896101
330 1991764
331 2089181
332 2192446
333 2291286
334 2394747
335 2502574
336 2607806
337 2718687
338 2830702
339 2947797
340 3064848
341 3182173
342 3298425
343 3419631
344 3540067
345 3657736
346 3779580
347 3897615
348 4022346
349 4146444
350 4264366
351 4380957
352 4493655
353 4609013
354 4721718
355 4838404
356 4943094
357 5048116
358 5153222
359 5247655
360 5341290
361 5440102
362 5526075
363 5605826
364 5688827
365 5761864
366 5831327
367 5890465
368 5947942
369 6001924
370 6046335
371 6089305
372 6122376
373 6149728
374 6167515
375 6186216
376 6192648
377 6193011
378 6187167
379 6181193
380 6163354
381 6140011
382 6111972
383 6068206
384 6034110
385 5982596
386 5930879
387 5872589
388 5802800
389 5735423
390 5659597
391 5579104
392 5495371
393 5405822
394 5312888
395 5213837
396 5112828
397 5003766
398 4897323
399 4789177
400 4678394
401 4560560
402 4443406
403 4323022
404 4202083
405 4080908
406 3959987
407 3835139
408 3713167
409 3587280
410 3466015
411 3346514
412 3221428
413 3103852
414 2983647
415 2868307
416 2752394
417 2637926
418 2523587
419 2414091
420 2308826
421 2201818
422 2098035
423 1998157
424 1900202
425 1804569
426 1713219
427 1622301
428 1534501
429 1451586
430 1371969
431 1294277
432 1220500
433 1148299
434 1079655
435 1012847
436 948892
437 888699
438 832308
439 778614
440 725806
441 678013
442 630353
443 585347
444 544275
445 504210
446 467003
447 432757
448 400620
449 370570
450 340179
451 313348
452 287468
453 264285
454 243117
455 222897
456 203545
457 185836
458 170008
459 154408
460 140503
461 128019
462 116747
463 105662
464 96148
465 86125
466 77624
467 70063
468 63296
469 56966
470 51244
471 45496
472 40917
473 36517
474 32831
475 29348
476 25989
477 23077
478 20338
479 18125
480 16032
481 14074
482 12700
483 11092
484 9657
485 8394
486 7273
487 6414
488 5636
489 4976
490 4400
491 3711
492 3228
493 2805
494 2372
495 2065
496 1820
497 1557
498 1310
499 1093
500 919
501 796
502 695
503 633
504 510
505 425
506 329
507 280
508 223
509 235
510 186
511 150
512 117
513 83
514 74
515 70
516 57
517 46
518 41
519 35
520 21
521 14
522 12
523 14
524 16
525 9
526 2
527 4
528 6
529 4
530 3
531 1
532 1
533 0
534 2
535 3
536 0
537 0
538 0
539 0
540 0
541 0
542 0
543 0
544 0
545 0
546 0
547 0
548 0
549 0
550 0
551 0
552 0
553 0
554 0
555 0
556 0
557 0
558 0
559 0
560 0
561 0
562 0
563 0
564 0
565 0
566 0
567 0
568 0
569 0
570 0
571 0
572 0
573 0
574 0
575 0
576 0
577 0
578 0
579 0
580 0
581 0
582 0
583 0
584 0
585 0
586 0
587 0
588 0
589 0
590 0
591 0
592 0
593 0
594 0
595 0
596 0
597 0
598 0
599 0
600 0
601 0
602 0
603 0
604 0
605 0
606 0
607 0
608 0
609 0
610 0
611 0
612 0
613 0
614 0
615 0
616 0
617 0
618 0
619 0
620 0
621 0
622 0
623 0
624 0
625 0
626 0
627 0
628 0
629 0
630 0
631 0
632 0
633 0
634 0
635 0
636 0
637 0
638 0
639 0
640 0
641 0
642 0
643 0
644 0
645 0
646 0
647 0
648 0
649 0
650 0
651 0
652 0
653 0
654 0
655 0
656 0
657 0
658 0
659 0
660 0
661 0
662 0
663 0
664 0
665 0
666 0
667 0
668 0
669 0
670 0
671 0
672 0
673 0
674 0
675 0
676 0
677 0
678 0
679 0
680 0
681 0
682 0
683 0
684 0
685 0
686 0
687 0
688 0
689 0
690 0
691 0
692 0
693 0
694 0
695 0
696 0
697 0
698 0
699 0
700 0
701 0
702 0
703 0
704 0
705 0
706 0
707 0
708 0
709 0
710 0
711 0
712 0
713 0
714 0
715 0
716 0
717 0
718 0
719 0
720 0
