0 0
1 0
2 0
3 0
4 0
5 0
6 0
7 0
8 0
9 0
10 0
11 0
12 0
13 0
14 0
15 0
16 0
17 0
18 0
19 0
20 0
21 0
22 0
23 0
24 0
25 0
26 0
27 0
28 0
29 0
30 0
31 0
32 0
33 0
34 0
35 0
36 0
37 0
38 0
39 0
40 0
41 0
42 0
43 0
44 0
45 0
46 0
47 0
48 0
49 0
50 0
51 0
52 0
53 0
54 0
55 0
56 0
57 0
58 0
59 0
60 0
61 0
62 0
63 0
64 0
65 0
66 0
67 0
68 0
69 0
70 0
71 0
72 0
73 0
74 0
75 0
76 0
77 0
78 0
79 0
80 0
81 0
82 0
83 0
84 0
85 0
86 0
87 0
88 0
89 0
90 0
91 0
92 0
93 0
94 0
95 0
96 0
97 0
98 0
99 0
100 0
101 0
102 0
103 0
104 0
105 0
106 0
107 0
108 0
109 0
110 0
111 0
112 0
113 0
114 0
115 1
116 0
117 0
118 1
119 1
120 0
121 0
122 2
123 1
124 1
125 1
126 5
127 1
128 1
129 3
130 3
131 3
132 2
133 6
134 4
135 4
136 3
137 4
138 2
139 3
140 9
141 5
142 8
143 6
144 4
145 6
146 11
147 5
148 7
149 11
150 10
151 15
152 8
153 10
154 8
155 17
156 16
157 12
158 11
159 11
160 11
161 10
162 11
163 10
164 12
165 21
166 11
167 10
168 11
169 10
170 14
171 11
172 12
173 7
174 19
175 11
176 20
177 14
178 10
179 12
180 16
181 10
182 10
183 8
184 9
185 9
186 9
187 7
188 9
189 10
190 8
191 6
192 10
193 5
194 6
195 6
196 1
197 3
198 2
199 9
200 8
201 8
202 7
203 2
204 6
205 4
206 2
207 1
208 1
209 6
210 1
211 2
212 3
213 5
214 2
215 2
216 2
217 1
218 1
219 1
220 2
221 0
222 1
223 1
224 1
225 1
226 2
227 2
228 0
229 0
230 0
231 0
232 0
233 0
234 0
235 0
236 1
237 0
238 1
239 1
240 0
241 0
242 0
243 0
244 0
245 0
246 0
247 0
248 0
249 0
250 0
251 0
252 0
253 0
254 0
255 0
256 0
257 0
258 0
259 0
260 0
261 0
262 0
263 0
264 0
265 0
266 0
267 0
268 0
269 0
270 0
271 0
272 0
273 0
274 0
275 0
276 0
277 0
278 0
279 0
280 0
281 0
282 0
283 0
284 0
285 0
286 0
287 0
288 0
289 0
290 0
291 0
292 0
293 0
294 0
295 0
296 0
297 0
298 0
299 0
300 0
301 0
302 0
303 0
304 0
305 0
306 0
307 0
308 0
309 0
310 0
311 0
312 0
313 0
314 0
315 0
316 0
317 0
318 0
319 0
320 0
321 0
322 0
323 0
324 0
325 0
326 0
327 0
328 0
329 0
330 0
331 0
332 0
333 0
334 0
335 0
336 0
337 0
338 0
339 0
340 0
341 0
342 0
343 0
344 0
345 0
346 0
347 0
348 0
349 0
350 0
351 0
352 0
353 0
354 0
355 0
356 0
357 0
358 0
359 0
360 0
