0 0
1 0
2 0
3 0
4 0
5 0
6 0
7 0
8 0
9 0
10 0
11 0
12 0
13 0
14 0
15 0
16 0
17 0
18 0
19 0
20 0
21 0
22 0
23 0
24 0
25 0
26 0
27 0
28 0
29 0
30 0
31 0
32 0
33 0
34 0
35 0
36 0
37 0
38 0
39 0
40 0
41 0
42 0
43 0
44 0
45 0
46 0
47 0
48 0
49 0
50 0
51 0
52 0
53 0
54 0
55 0
56 0
57 0
58 0
59 0
60 0
61 0
62 0
63 0
64 0
65 0
66 0
67 0
68 0
69 0
70 0
71 0
72 0
73 0
74 0
75 0
76 0
77 0
78 0
79 0
80 0
81 0
82 0
83 0
84 0
85 0
86 0
87 0
88 0
89 0
90 0
91 0
92 0
93 0
94 0
95 0
96 0
97 0
98 0
99 0
100 0
101 0
102 0
103 0
104 0
105 0
106 0
107 0
108 0
109 0
110 0
111 0
112 0
113 0
114 0
115 0
116 0
117 0
118 0
119 0
120 0
121 0
122 0
123 0
124 0
125 0
126 0
127 0
128 0
129 0
130 0
131 0
132 0
133 0
134 0
135 0
136 0
137 0
138 0
139 0
140 0
141 0
142 0
143 0
144 0
145 0
146 0
147 0
148 0
149 0
150 0
151 0
152 0
153 0
154 0
155 0
156 0
157 0
158 0
159 0
160 0
161 0
162 0
163 0
164 0
165 0
166 0
167 0
168 0
169 0
170 0
171 0
172 0
173 0
174 0
175 0
176 0
177 0
178 0
179 0
180 0
181 0
182 0
183 0
184 0
185 0
186 0
187 0
188 0
189 0
190 0
191 0
192 0
193 0
194 0
195 0
196 0
197 0
198 0
199 0
200 0
201 0
202 0
203 0
204 0
205 0
206 0
207 0
208 0
209 0
210 0
211 0
212 0
213 0
214 0
215 0
216 0
217 0
218 0
219 0
220 0
221 1
222 0
223 0
224 0
225 2
226 1
227 1
228 3
229 3
230 7
231 4
232 7
233 6
234 11
235 15
236 17
237 27
238 42
239 51
240 47
241 63
242 88
243 98
244 115
245 163
246 190
247 214
248 279
249 348
250 419
251 491
252 630
253 788
254 905
255 1057
256 1252
257 1513
258 1867
259 2228
260 2559
261 2998
262 3648
263 4200
264 4699
265 5656
266 6781
267 7963
268 9181
269 10809
270 12460
271 14367
272 16727
273 19348
274 22176
275 25376
276 29273
277 33871
278 38436
279 43836
280 50076
281 57078
282 65087
283 73900
284 83447
285 94584
286 106717
287 120465
288 135566
289 152285
290 171131
291 191489
292 214487
293 239160
294 267041
295 297822
296 331553
297 367979
298 408934
299 452518
300 499758
301 552804
302 609553
303 670707
304 738926
305 811296
306 890544
307 978163
308 1070283
309 1169809
310 1277000
311 1393221
312 1518973
313 1652139
314 1795259
315 1950773
316 2114436
317 2291329
318 2476696
319 2677170
320 2890320
321 3119990
322 3362806
323 3617838
324 3891250
325 4179454
326 4484740
327 4806187
328 5147945
329 5500223
330 5882272
331 6279849
332 6700276
333 7134056
334 7596885
335 8081135
336 8588174
337 9116234
338 9665251
339 10243399
340 10844296
341 11473508
342 12124488
343 12796108
344 13497761
345 14221888
346 14983122
347 15757194
348 16567103
349 17389536
350 18254099
351 19127467
352 20045098
353 20972601
354 21931276
355 22911996
356 23924249
357 24942007
358 25982841
359 27062346
360 28156151
361 29281913
362 30393377
363 31545062
364 32704510
365 33885856
366 35060803
367 36279903
368 37490753
369 38701039
370 39926398
371 41161139
372 42392393
373 43626964
374 44889569
375 46111433
376 47334929
377 48550180
378 49767384
379 50958510
380 52163984
381 53326981
382 54479569
383 55604227
384 56710446
385 57789681
386 58865133
387 59882360
388 60878273
389 61847415
390 62775317
391 63648788
392 64512156
393 65310808
394 66079966
395 66807816
396 67486602
397 68079172
398 68667173
399 69205805
400 69668303
401 70089820
402 70435071
403 70738614
404 70999262
405 71206552
406 71312065
407 71395493
408 71417629
409 71377739
410 71279545
411 71132539
412 70916928
413 70647941
414 70329826
415 69928474
416 69508587
417 69009038
418 68469230
419 67862717
420 67227666
421 66538393
422 65795371
423 65003363
424 64197238
425 63324690
426 62406772
427 61443392
428 60465104
429 59452197
430 58401434
431 57320221
432 56213521
433 55086234
434 53941435
435 52752913
436 51573876
437 50350641
438 49154009
439 47928479
440 46678614
441 45436154
442 44184481
443 42936509
444 41686455
445 40419433
446 39178331
447 37946755
448 36699288
449 35484650
450 34283367
451 33066242
452 31878052
453 30702732
454 29558690
455 28423907
456 27313073
457 26211532
458 25138363
459 24101580
460 23057384
461 22063463
462 21077504
463 20129129
464 19202925
465 18305339
466 17422960
467 16572825
468 15750335
469 14959431
470 14186919
471 13445417
472 12738699
473 12046020
474 11392978
475 10750559
476 10136214
477 9561208
478 8991914
479 8462832
480 7955937
481 7471985
482 7006549
483 6561692
484 6142534
485 5743364
486 5361151
487 5005689
488 4667291
489 4348525
490 4050783
491 3757016
492 3490552
493 3236716
494 3000661
495 2778227
496 2567095
497 2373103
498 2191029
499 2020033
500 1857174
501 1707193
502 1568058
503 1440040
504 1320076
505 1206849
506 1106398
507 1010939
508 921601
509 839335
510 765777
511 694785
512 631239
513 573342
514 519943
515 470818
516 424054
517 382838
518 345614
519 310653
520 280064
521 251851
522 225967
523 202978
524 180867
525 161521
526 144267
527 128515
528 114898
529 101792
530 89914
531 79619
532 71009
533 62417
534 55086
535 48715
536 42873
537 37538
538 32982
539 28833
540 24962
541 21974
542 19126
543 16580
544 14515
545 12494
546 10745
547 9490
548 7996
549 6881
550 5943
551 5064
552 4274
553 3733
554 3207
555 2617
556 2276
557 1938
558 1613
559 1352
560 1074
561 951
562 786
563 665
564 550
565 455
566 384
567 305
568 240
569 193
570 168
571 125
572 115
573 83
574 66
575 61
576 41
577 30
578 29
579 18
580 13
581 11
582 8
583 7
584 4
585 4
586 3
587 1
588 0
589 0
590 0
591 0
592 0
593 0
594 0
595 0
596 0
597 0
598 0
599 0
600 0
601 0
602 0
603 0
604 0
605 0
606 0
607 0
608 0
609 0
610 0
611 0
612 0
613 0
614 0
615 0
616 0
617 0
618 0
619 0
620 0
621 0
622 0
623 0
624 0
625 0
626 0
627 0
628 0
629 0
630 0
631 0
632 0
633 0
634 0
635 0
636 0
637 0
638 0
639 0
640 0
641 0
642 0
643 0
644 0
645 0
646 0
647 0
648 0
649 0
650 0
651 0
652 0
653 0
654 0
655 0
656 0
657 0
658 0
659 0
660 0
661 0
662 0
663 0
664 0
665 0
666 0
667 0
668 0
669 0
670 0
671 0
672 0
673 0
674 0
675 0
676 0
677 0
678 0
679 0
680 0
681 0
682 0
683 0
684 0
685 0
686 0
687 0
688 0
689 0
690 0
691 0
692 0
693 0
694 0
695 0
696 0
697 0
698 0
699 0
700 0
701 0
702 0
703 0
704 0
705 0
706 0
707 0
708 0
709 0
710 0
711 0
712 0
713 0
714 0
715 0
716 0
717 0
718 0
719 0
720 0
721 0
722 0
723 0
724 0
725 0
726 0
727 0
728 0
729 0
730 0
731 0
732 0
733 0
734 0
735 0
736 0
737 0
738 0
739 0
740 0
741 0
742 0
743 0
744 0
745 0
746 0
747 0
748 0
749 0
750 0
751 0
752 0
753 0
754 0
755 0
756 0
757 0
758 0
759 0
760 0
761 0
762 0
763 0
764 0
765 0
766 0
767 0
768 0
769 0
770 0
771 0
772 0
773 0
774 0
775 0
776 0
777 0
778 0
779 0
780 0
