0 0
1 0
2 0
3 0
4 0
5 0
6 0
7 0
8 0
9 0
10 0
11 0
12 0
13 0
14 0
15 0
16 0
17 0
18 0
19 0
20 0
21 0
22 0
23 0
24 0
25 0
26 0
27 0
28 0
29 0
30 0
31 0
32 0
33 0
34 0
35 0
36 0
37 0
38 0
39 0
40 0
41 0
42 0
43 0
44 0
45 0
46 0
47 0
48 0
49 0
50 0
51 0
52 0
53 0
54 0
55 0
56 0
57 0
58 0
59 0
60 0
61 0
62 0
63 0
64 0
65 0
66 0
67 0
68 0
69 0
70 0
71 0
72 0
73 0
74 0
75 0
76 0
77 0
78 0
79 0
80 0
81 0
82 0
83 0
84 0
85 0
86 0
87 0
88 0
89 0
90 0
91 0
92 0
93 0
94 0
95 0
96 0
97 0
98 0
99 0
100 0
101 0
102 0
103 0
104 0
105 0
106 0
107 0
108 0
109 0
110 0
111 0
112 0
113 0
114 0
115 0
116 0
117 0
118 0
119 0
120 0
121 0
122 0
123 0
124 0
125 0
126 0
127 0
128 0
129 0
130 0
131 0
132 0
133 0
134 0
135 0
136 0
137 0
138 0
139 0
140 0
141 0
142 0
143 0
144 0
145 0
146 0
147 0
148 0
149 0
150 0
151 0
152 0
153 0
154 0
155 0
156 0
157 0
158 0
159 0
160 0
161 0
162 0
163 0
164 0
165 0
166 0
167 0
168 0
169 0
170 0
171 0
172 0
173 0
174 0
175 0
176 0
177 0
178 0
179 0
180 0
181 0
182 0
183 0
184 0
185 0
186 3
187 0
188 5
189 5
190 0
191 4
192 9
193 6
194 3
195 20
196 9
197 14
198 14
199 7
200 15
201 22
202 12
203 23
204 33
205 36
206 31
207 52
208 46
209 54
210 58
211 50
212 74
213 89
214 94
215 112
216 134
217 171
218 149
219 206
220 186
221 257
222 258
223 263
224 332
225 371
226 414
227 458
228 480
229 589
230 600
231 674
232 748
233 816
234 947
235 963
236 1102
237 1274
238 1329
239 1437
240 1509
241 1728
242 1869
243 2024
244 2276
245 2460
246 2675
247 2849
248 3143
249 3292
250 3655
251 3886
252 4156
253 4690
254 4801
255 5282
256 5618
257 6058
258 6448
259 6823
260 7496
261 7759
262 8507
263 8958
264 9479
265 10038
266 10682
267 11405
268 12130
269 12449
270 13549
271 14006
272 14810
273 15732
274 16452
275 17140
276 18258
277 19031
278 19812
279 20650
280 21687
281 22415
282 23525
283 24341
284 25503
285 26337
286 27535
287 28384
288 29342
289 30328
290 31340
291 32199
292 33361
293 34226
294 35341
295 36220
296 37016
297 38025
298 38692
299 39247
300 40417
301 41383
302 42232
303 42862
304 43524
305 44543
306 44814
307 45148
308 46181
309 46166
310 46996
311 47767
312 47517
313 48187
314 48220
315 48580
316 48472
317 49011
318 48689
319 48605
320 49100
321 48804
322 48413
323 48024
324 48053
325 47428
326 46980
327 47209
328 46058
329 46104
330 45424
331 44709
332 44116
333 43603
334 42588
335 41674
336 41092
337 40145
338 39109
339 38953
340 37758
341 36427
342 35732
343 34906
344 33674
345 32647
346 31958
347 30712
348 29726
349 28633
350 27585
351 26621
352 25814
353 24612
354 23778
355 22588
356 21635
357 20630
358 19898
359 18958
360 17789
361 16763
362 16205
363 15352
364 14563
365 13927
366 12804
367 12495
368 11392
369 10895
370 10297
371 9519
372 8997
373 8310
374 7835
375 7198
376 6798
377 6238
378 5902
379 5416
380 5062
381 4610
382 4202
383 4004
384 3599
385 3384
386 3020
387 2702
388 2536
389 2353
390 2044
391 1906
392 1797
393 1560
394 1402
395 1250
396 1177
397 997
398 913
399 825
400 758
401 634
402 565
403 538
404 456
405 395
406 325
407 312
408 277
409 229
410 200
411 173
412 167
413 125
414 121
415 96
416 88
417 64
418 66
419 44
420 47
421 34
422 33
423 25
424 20
425 21
426 12
427 11
428 5
429 8
430 3
431 7
432 1
433 2
434 0
435 0
436 1
437 0
438 0
439 0
440 0
441 0
442 0
443 0
444 0
445 0
446 0
447 0
448 0
449 0
450 0
451 0
452 0
453 0
454 0
455 0
456 0
457 0
458 0
459 0
460 0
461 0
462 0
463 0
464 0
465 0
466 0
467 0
468 0
469 0
470 0
471 0
472 0
473 0
474 0
475 0
476 0
477 0
478 0
479 0
480 0
481 0
482 0
483 0
484 0
485 0
486 0
487 0
488 0
489 0
490 0
491 0
492 0
493 0
494 0
495 0
496 0
497 0
498 0
499 0
500 0
501 0
502 0
503 0
504 0
505 0
506 0
507 0
508 0
509 0
510 0
511 0
512 0
513 0
514 0
515 0
516 0
517 0
518 0
519 0
520 0
521 0
522 0
523 0
524 0
525 0
526 0
527 0
528 0
529 0
530 0
531 0
532 0
533 0
534 0
535 0
536 0
537 0
538 0
539 0
540 0
541 0
542 0
543 0
544 0
545 0
546 0
547 0
548 0
549 0
550 0
551 0
552 0
553 0
554 0
555 0
556 0
557 0
558 0
559 0
560 0
561 0
562 0
563 0
564 0
565 0
566 0
567 0
568 0
569 0
570 0
571 0
572 0
573 0
574 0
575 0
576 0
577 0
578 0
579 0
580 0
581 0
582 0
583 0
584 0
585 0
586 0
587 0
588 0
589 0
590 0
591 0
592 0
593 0
594 0
595 0
596 0
597 0
598 0
599 0
600 0
