0 0
1 0
2 0
3 0
4 0
5 0
6 0
7 0
8 0
9 0
10 0
11 0
12 0
13 0
14 0
15 0
16 0
17 0
18 0
19 0
20 0
21 0
22 0
23 0
24 0
25 0
26 0
27 0
28 0
29 0
30 0
31 0
32 0
33 0
34 0
35 0
36 0
37 0
38 0
39 0
40 0
41 0
42 0
43 0
44 0
45 0
46 0
47 0
48 0
49 0
50 0
51 0
52 0
53 0
54 0
55 0
56 0
57 0
58 0
59 0
60 0
61 0
62 0
63 0
64 0
65 0
66 0
67 0
68 0
69 0
70 0
71 0
72 0
73 0
74 0
75 0
76 0
77 0
78 0
79 0
80 0
81 0
82 0
83 0
84 0
85 0
86 0
87 0
88 0
89 0
90 0
91 0
92 0
93 0
94 0
95 0
96 0
97 0
98 0
99 0
100 0
101 0
102 0
103 0
104 0
105 0
106 0
107 0
108 0
109 0
110 0
111 0
112 0
113 0
114 0
115 0
116 0
117 0
118 0
119 0
120 0
121 0
122 0
123 0
124 0
125 0
126 0
127 0
128 0
129 0
130 0
131 0
132 0
133 0
134 0
135 0
136 0
137 0
138 0
139 0
140 0
141 0
142 0
143 0
144 0
145 0
146 0
147 0
148 0
149 0
150 0
151 0
152 0
153 0
154 0
155 0
156 0
157 0
158 0
159 0
160 0
161 0
162 0
163 0
164 0
165 0
166 0
167 0
168 0
169 0
170 0
171 0
172 0
173 0
174 0
175 0
176 0
177 0
178 0
179 0
180 0
181 0
182 0
183 0
184 0
185 0
186 0
187 0
188 0
189 0
190 0
191 0
192 0
193 0
194 0
195 0
196 0
197 0
198 0
199 0
200 0
201 0
202 0
203 0
204 0
205 0
206 0
207 0
208 0
209 0
210 0
211 0
212 0
213 0
214 0
215 0
216 0
217 0
218 0
219 0
220 0
221 0
222 0
223 0
224 0
225 0
226 1
227 1
228 0
229 1
230 4
231 3
232 3
233 4
234 6
235 2
236 10
237 26
238 26
239 21
240 40
241 45
242 60
243 92
244 117
245 134
246 170
247 192
248 308
249 333
250 445
251 605
252 758
253 854
254 1110
255 1289
256 1588
257 1981
258 2482
259 2935
260 3491
261 4146
262 5155
263 6157
264 7201
265 8539
266 10210
267 12029
268 14156
269 16688
270 19424
271 22973
272 26763
273 31201
274 36430
275 42104
276 48177
277 56310
278 65084
279 74279
280 85424
281 98183
282 112729
283 129077
284 147373
285 167952
286 190702
287 216628
288 246066
289 279697
290 314643
291 355869
292 400507
293 451333
294 507158
295 570055
296 638899
297 715993
298 800827
299 894134
300 997016
301 1110097
302 1237402
303 1376577
304 1527296
305 1693480
306 1871689
307 2072117
308 2291785
309 2528971
310 2785519
311 3071227
312 3377039
313 3711330
314 4073906
315 4466375
316 4896218
317 5354677
318 5854484
319 6394091
320 6979241
321 7605904
322 8283405
323 9010579
324 9792908
325 10637552
326 11535213
327 12503217
328 13534156
329 14646688
330 15829845
331 17094993
332 18444258
333 19888394
334 21417396
335 23055308
336 24781178
337 26619252
338 28578006
339 30639649
340 32834577
341 35160195
342 37606831
343 40207842
344 42949989
345 45824135
346 48865748
347 52062133
348 55432483
349 58978000
350 62675266
351 66563424
352 70653348
353 74926871
354 79412830
355 84084720
356 88971044
357 94065990
358 99384405
359 104913190
360 110675069
361 116677727
362 122897323
363 129378114
364 136075969
365 143029921
366 150214557
367 157677987
368 165387463
369 173300239
370 181524641
371 189984778
372 198708317
373 207659779
374 216899219
375 226360941
376 236126705
377 246070977
378 256283156
379 266748465
380 277457205
381 288418127
382 299544147
383 310933204
384 322516997
385 334371256
386 346335456
387 358581037
388 370925353
389 383487795
390 396215928
391 409110636
392 422121871
393 435220458
394 448489102
395 461837210
396 475264905
397 488798655
398 502354087
399 515949347
400 529605586
401 543255316
402 556881986
403 570534758
404 584065881
405 597551158
406 610969384
407 624306062
408 637520181
409 650609048
410 663543336
411 676261384
412 688835903
413 701098891
414 713260791
415 725074807
416 736602158
417 747888097
418 758854024
419 769560522
420 779793180
421 789752860
422 799282024
423 808449764
424 817146800
425 825525307
426 833337567
427 840708159
428 847681944
429 854156998
430 860119146
431 865517590
432 870449062
433 874802654
434 878673191
435 881971392
436 884779033
437 886973966
438 888518557
439 889624726
440 890116447
441 890090470
442 889437116
443 888220921
444 886441658
445 884125512
446 881220312
447 877776673
448 873830057
449 869209288
450 864170215
451 858546697
452 852442550
453 845760032
454 838658272
455 831004330
456 822898764
457 814384535
458 805421697
459 796061469
460 786187070
461 776034525
462 765425560
463 754508628
464 743201809
465 731643870
466 719747644
467 707545242
468 695137373
469 682434725
470 669519590
471 656439870
472 643141731
473 629738278
474 616109731
475 602432580
476 588637294
477 574688802
478 560778216
479 546842031
480 532841340
481 518824960
482 504837318
483 490806498
484 476939146
485 463089053
486 449357559
487 435682379
488 422098314
489 408674685
490 395418611
491 382320754
492 369363285
493 356577779
494 343982479
495 331624054
496 319443432
497 307465098
498 295793817
499 284275444
500 273014790
501 262056316
502 251287356
503 240820300
504 230603020
505 220637521
506 210961911
507 201523709
508 192376738
509 183518036
510 174884372
511 166569490
512 158520043
513 150756396
514 143227877
515 135967620
516 129000882
517 122278336
518 115808188
519 109574678
520 103637590
521 97896574
522 92443563
523 87195967
524 82175258
525 77378592
526 72807562
527 68445405
528 64307052
529 60344208
530 56585964
531 53035319
532 49631777
533 46423920
534 43402247
535 40527907
536 37804791
537 35228646
538 32820441
539 30532448
540 28386066
541 26367641
542 24477337
543 22685324
544 21011282
545 19458157
546 17977862
547 16621619
548 15336834
549 14143252
550 13035025
551 11994959
552 11034404
553 10137372
554 9305524
555 8529010
556 7813896
557 7155077
558 6539346
559 5977876
560 5453417
561 4972681
562 4528162
563 4122204
564 3748156
565 3404859
566 3091750
567 2799067
568 2533185
569 2292884
570 2074444
571 1871881
572 1687360
573 1519220
574 1369189
575 1230520
576 1106950
577 993431
578 890338
579 795631
580 712683
581 636867
582 569142
583 505741
584 451000
585 400927
586 355994
587 316015
588 281763
589 248812
590 219647
591 193983
592 171124
593 150103
594 133005
595 116766
596 101895
597 89668
598 77907
599 68436
600 59422
601 52027
602 45078
603 39138
604 33924
605 29072
606 25266
607 21534
608 18687
609 16209
610 13841
611 11534
612 10078
613 8444
614 7209
615 6215
616 5113
617 4581
618 3487
619 3012
620 2468
621 2152
622 1775
623 1413
624 1289
625 901
626 847
627 652
628 579
629 448
630 302
631 307
632 165
633 180
634 110
635 138
636 84
637 55
638 70
639 19
640 43
641 14
642 19
643 11
644 7
645 11
646 1
647 4
648 1
649 5
650 0
651 0
652 2
653 0
654 0
655 0
656 1
657 0
658 0
659 0
660 0
661 0
662 0
663 0
664 0
665 0
666 0
667 0
668 0
669 0
670 0
671 0
672 0
673 0
674 0
675 0
676 0
677 0
678 0
679 0
680 0
681 0
682 0
683 0
684 0
685 0
686 0
687 0
688 0
689 0
690 0
691 0
692 0
693 0
694 0
695 0
696 0
697 0
698 0
699 0
700 0
701 0
702 0
703 0
704 0
705 0
706 0
707 0
708 0
709 0
710 0
711 0
712 0
713 0
714 0
715 0
716 0
717 0
718 0
719 0
720 0
721 0
722 0
723 0
724 0
725 0
726 0
727 0
728 0
729 0
730 0
731 0
732 0
733 0
734 0
735 0
736 0
737 0
738 0
739 0
740 0
741 0
742 0
743 0
744 0
745 0
746 0
747 0
748 0
749 0
750 0
751 0
752 0
753 0
754 0
755 0
756 0
757 0
758 0
759 0
760 0
761 0
762 0
763 0
764 0
765 0
766 0
767 0
768 0
769 0
770 0
771 0
772 0
773 0
774 0
775 0
776 0
777 0
778 0
779 0
780 0
781 0
782 0
783 0
784 0
785 0
786 0
787 0
788 0
789 0
790 0
791 0
792 0
793 0
794 0
795 0
796 0
797 0
798 0
799 0
800 0
801 0
802 0
803 0
804 0
805 0
806 0
807 0
808 0
809 0
810 0
811 0
812 0
813 0
814 0
815 0
816 0
817 0
818 0
819 0
820 0
821 0
822 0
823 0
824 0
825 0
826 0
827 0
828 0
829 0
830 0
831 0
832 0
833 0
834 0
835 0
836 0
837 0
838 0
839 0
840 0
