0 0
1 0
2 0
3 0
4 0
5 0
6 0
7 0
8 0
9 0
10 0
11 0
12 0
13 0
14 0
15 0
16 0
17 0
18 0
19 0
20 0
21 0
22 0
23 0
24 0
25 0
26 0
27 0
28 0
29 0
30 0
31 0
32 0
33 0
34 0
35 0
36 0
37 0
38 0
39 0
40 0
41 0
42 0
43 0
44 0
45 0
46 0
47 0
48 0
49 0
50 0
51 0
52 0
53 0
54 0
55 0
56 0
57 0
58 0
59 0
60 0
61 0
62 0
63 0
64 0
65 0
66 0
67 0
68 0
69 0
70 0
71 0
72 0
73 0
74 0
75 0
76 0
77 0
78 0
79 0
80 0
81 0
82 0
83 0
84 0
85 0
86 0
87 0
88 0
89 0
90 0
91 0
92 0
93 0
94 0
95 0
96 0
97 0
98 0
99 0
100 0
101 0
102 0
103 0
104 0
105 0
106 0
107 0
108 0
109 0
110 0
111 0
112 0
113 0
114 0
115 0
116 0
117 0
118 0
119 0
120 0
121 0
122 0
123 0
124 0
125 0
126 0
127 0
128 0
129 0
130 0
131 0
132 0
133 0
134 0
135 0
136 0
137 0
138 0
139 0
140 0
141 0
142 0
143 0
144 0
145 0
146 0
147 0
148 0
149 0
150 0
151 0
152 0
153 0
154 0
155 0
156 0
157 0
158 0
159 0
160 0
161 0
162 0
163 0
164 0
165 0
166 0
167 0
168 0
169 0
170 0
171 0
172 0
173 0
174 0
175 0
176 0
177 0
178 0
179 0
180 0
181 0
182 0
183 0
184 0
185 0
186 0
187 0
188 0
189 1
190 2
191 0
192 4
193 1
194 2
195 3
196 4
197 7
198 9
199 7
200 8
201 17
202 17
203 20
204 19
205 25
206 30
207 39
208 35
209 57
210 70
211 84
212 66
213 66
214 88
215 116
216 129
217 138
218 164
219 199
220 213
221 209
222 253
223 272
224 343
225 377
226 397
227 433
228 432
229 497
230 570
231 595
232 698
233 727
234 835
235 862
236 953
237 967
238 1159
239 1239
240 1214
241 1331
242 1450
243 1562
244 1610
245 1753
246 1912
247 2058
248 2127
249 2313
250 2320
251 2451
252 2585
253 2794
254 2879
255 3131
256 3204
257 3366
258 3405
259 3709
260 3727
261 4005
262 4063
263 4327
264 4207
265 4520
266 4441
267 4801
268 4790
269 5111
270 5024
271 5236
272 5393
273 5388
274 5499
275 5707
276 5765
277 5754
278 5803
279 5798
280 5967
281 5967
282 6190
283 6047
284 6011
285 6046
286 5969
287 6006
288 5974
289 5781
290 5786
291 5704
292 5701
293 5526
294 5559
295 5408
296 5338
297 5249
298 5203
299 4913
300 4872
301 4674
302 4550
303 4404
304 4200
305 4146
306 3899
307 3732
308 3585
309 3344
310 3319
311 3137
312 3031
313 2832
314 2720
315 2531
316 2393
317 2133
318 2147
319 1997
320 1863
321 1778
322 1550
323 1509
324 1387
325 1249
326 1156
327 1058
328 974
329 867
330 794
331 749
332 651
333 652
334 529
335 523
336 457
337 379
338 355
339 317
340 290
341 251
342 223
343 204
344 156
345 133
346 141
347 103
348 104
349 81
350 80
351 59
352 54
353 43
354 25
355 26
356 19
357 20
358 12
359 13
360 15
361 12
362 5
363 12
364 7
365 5
366 4
367 3
368 1
369 0
370 0
371 0
372 0
373 0
374 0
375 0
376 0
377 0
378 0
379 0
380 0
381 0
382 0
383 0
384 0
385 0
386 0
387 0
388 0
389 0
390 0
391 0
392 0
393 0
394 0
395 0
396 0
397 0
398 0
399 0
400 0
401 0
402 0
403 0
404 0
405 0
406 0
407 0
408 0
409 0
410 0
411 0
412 0
413 0
414 0
415 0
416 0
417 0
418 0
419 0
420 0
421 0
422 0
423 0
424 0
425 0
426 0
427 0
428 0
429 0
430 0
431 0
432 0
433 0
434 0
435 0
436 0
437 0
438 0
439 0
440 0
441 0
442 0
443 0
444 0
445 0
446 0
447 0
448 0
449 0
450 0
451 0
452 0
453 0
454 0
455 0
456 0
457 0
458 0
459 0
460 0
461 0
462 0
463 0
464 0
465 0
466 0
467 0
468 0
469 0
470 0
471 0
472 0
473 0
474 0
475 0
476 0
477 0
478 0
479 0
480 0
481 0
482 0
483 0
484 0
485 0
486 0
487 0
488 0
489 0
490 0
491 0
492 0
493 0
494 0
495 0
496 0
497 0
498 0
499 0
500 0
501 0
502 0
503 0
504 0
505 0
506 0
507 0
508 0
509 0
510 0
511 0
512 0
513 0
514 0
515 0
516 0
517 0
518 0
519 0
520 0
521 0
522 0
523 0
524 0
525 0
526 0
527 0
528 0
529 0
530 0
531 0
532 0
533 0
534 0
535 0
536 0
537 0
538 0
539 0
540 0
