0 0
1 0
2 0
3 0
4 0
5 0
6 0
7 0
8 0
9 0
10 0
11 0
12 0
13 0
14 0
15 0
16 0
17 0
18 0
19 0
20 0
21 0
22 0
23 0
24 0
25 0
26 0
27 0
28 0
29 0
30 0
31 0
32 0
33 0
34 0
35 0
36 0
37 0
38 0
39 0
40 0
41 0
42 0
43 0
44 0
45 0
46 0
47 0
48 0
49 0
50 0
51 0
52 0
53 0
54 0
55 0
56 0
57 0
58 0
59 0
60 0
61 0
62 0
63 0
64 0
65 0
66 0
67 0
68 0
69 0
70 0
71 0
72 0
73 0
74 0
75 0
76 0
77 0
78 0
79 0
80 0
81 0
82 0
83 0
84 0
85 0
86 0
87 0
88 0
89 0
90 0
91 0
92 0
93 0
94 0
95 0
96 0
97 0
98 0
99 0
100 0
101 0
102 0
103 0
104 0
105 0
106 0
107 0
108 0
109 0
110 0
111 0
112 0
113 0
114 0
115 0
116 0
117 0
118 0
119 0
120 0
121 0
122 0
123 0
124 0
125 0
126 0
127 0
128 0
129 0
130 0
131 0
132 0
133 0
134 0
135 0
136 0
137 0
138 0
139 0
140 0
141 0
142 0
143 1
144 0
145 0
146 0
147 0
148 0
149 0
150 0
151 1
152 2
153 2
154 0
155 2
156 2
157 1
158 2
159 3
160 1
161 2
162 7
163 2
164 4
165 4
166 5
167 4
168 4
169 10
170 3
171 14
172 10
173 5
174 11
175 8
176 14
177 16
178 15
179 10
180 12
181 14
182 19
183 12
184 18
185 17
186 18
187 20
188 21
189 22
190 23
191 19
192 31
193 29
194 40
195 33
196 39
197 41
198 24
199 55
200 45
201 55
202 51
203 42
204 36
205 48
206 63
207 53
208 53
209 58
210 51
211 61
212 61
213 71
214 75
215 64
216 60
217 72
218 71
219 78
220 67
221 62
222 67
223 72
224 81
225 79
226 70
227 68
228 75
229 74
230 82
231 68
232 76
233 78
234 75
235 85
236 64
237 72
238 69
239 66
240 81
241 88
242 68
243 54
244 61
245 67
246 58
247 75
248 62
249 57
250 54
251 48
252 61
253 43
254 54
255 53
256 51
257 40
258 48
259 37
260 45
261 35
262 32
263 33
264 24
265 23
266 23
267 30
268 21
269 28
270 24
271 24
272 13
273 11
274 15
275 14
276 16
277 14
278 9
279 11
280 17
281 14
282 10
283 8
284 7
285 11
286 6
287 13
288 6
289 9
290 9
291 4
292 6
293 4
294 5
295 1
296 4
297 3
298 3
299 1
300 1
301 1
302 1
303 1
304 0
305 0
306 0
307 0
308 0
309 0
310 0
311 0
312 0
313 0
314 0
315 0
316 0
317 0
318 0
319 0
320 0
321 0
322 0
323 0
324 0
325 0
326 0
327 0
328 0
329 0
330 0
331 0
332 0
333 0
334 0
335 0
336 0
337 0
338 0
339 0
340 0
341 0
342 0
343 0
344 0
345 0
346 0
347 0
348 0
349 0
350 0
351 0
352 0
353 0
354 0
355 0
356 0
357 0
358 0
359 0
360 0
361 0
362 0
363 0
364 0
365 0
366 0
367 0
368 0
369 0
370 0
371 0
372 0
373 0
374 0
375 0
376 0
377 0
378 0
379 0
380 0
381 0
382 0
383 0
384 0
385 0
386 0
387 0
388 0
389 0
390 0
391 0
392 0
393 0
394 0
395 0
396 0
397 0
398 0
399 0
400 0
401 0
402 0
403 0
404 0
405 0
406 0
407 0
408 0
409 0
410 0
411 0
412 0
413 0
414 0
415 0
416 0
417 0
418 0
419 0
420 0
