0 0
1 0
2 0
3 0
4 0
5 0
6 0
7 0
8 0
9 0
10 0
11 0
12 0
13 0
14 0
15 0
16 0
17 0
18 0
19 0
20 0
21 0
22 0
23 0
24 0
25 0
26 0
27 0
28 0
29 0
30 0
31 0
32 0
33 0
34 0
35 0
36 0
37 0
38 0
39 0
40 0
41 0
42 0
43 0
44 0
45 0
46 0
47 0
48 0
49 0
50 0
51 0
52 0
53 0
54 0
55 0
56 0
57 0
58 0
59 0
60 0
61 0
62 0
63 0
64 0
65 0
66 0
67 0
68 0
69 0
70 0
71 0
72 0
73 0
74 0
75 0
76 0
77 0
78 0
79 0
80 0
81 0
82 0
83 0
84 0
85 0
86 0
87 0
88 0
89 0
90 0
91 0
92 0
93 0
94 0
95 0
96 0
97 0
98 0
99 0
100 0
101 0
102 0
103 0
104 0
105 0
106 0
107 0
108 0
109 0
110 0
111 0
112 0
113 0
114 0
115 0
116 0
117 0
118 0
119 0
120 0
121 0
122 0
123 0
124 0
125 0
126 0
127 0
128 0
129 0
130 0
131 0
132 0
133 0
134 0
135 0
136 0
137 0
138 0
139 0
140 0
141 0
142 0
143 0
144 0
145 0
146 0
147 0
148 0
149 0
150 0
151 0
152 0
153 0
154 0
155 0
156 0
157 0
158 0
159 0
160 0
161 0
162 0
163 0
164 0
165 0
166 0
167 0
168 0
169 0
170 0
171 0
172 0
173 0
174 0
175 0
176 0
177 0
178 0
179 0
180 0
181 0
182 0
183 0
184 0
185 0
186 0
187 0
188 0
189 0
190 0
191 0
192 0
193 0
194 0
195 0
196 0
197 0
198 0
199 0
200 1
201 0
202 1
203 1
204 2
205 3
206 3
207 2
208 7
209 7
210 6
211 7
212 14
213 13
214 14
215 30
216 24
217 28
218 35
219 38
220 54
221 56
222 75
223 86
224 71
225 129
226 121
227 130
228 167
229 176
230 215
231 261
232 316
233 337
234 355
235 420
236 452
237 537
238 654
239 704
240 806
241 889
242 1034
243 1127
244 1283
245 1499
246 1583
247 1729
248 2016
249 2250
250 2545
251 2752
252 3078
253 3335
254 3755
255 4168
256 4576
257 5133
258 5605
259 6112
260 6673
261 7168
262 7967
263 8503
264 9160
265 10268
266 11199
267 12042
268 13287
269 14373
270 15338
271 16689
272 17882
273 19540
274 20985
275 22772
276 24328
277 25890
278 27906
279 30264
280 32333
281 34481
282 36823
283 39330
284 42223
285 45236
286 48051
287 50956
288 54310
289 57595
290 61261
291 64593
292 68672
293 72612
294 76783
295 81377
296 85578
297 90421
298 95678
299 100925
300 106248
301 111267
302 117018
303 122535
304 128107
305 134554
306 140511
307 147191
308 153861
309 160432
310 167804
311 174251
312 181650
313 188779
314 197066
315 204461
316 212158
317 220050
318 227676
319 234851
320 242964
321 251010
322 259466
323 268034
324 276404
325 284572
326 293044
327 300896
328 309374
329 316838
330 325520
331 333275
332 340976
333 349188
334 356865
335 363595
336 371520
337 378582
338 387005
339 391853
340 399670
341 405974
342 411891
343 417825
344 423752
345 428945
346 434763
347 439201
348 443655
349 448008
350 452331
351 454504
352 458005
353 460180
354 462586
355 463496
356 466789
357 468143
358 469639
359 470190
360 469844
361 468790
362 468314
363 466770
364 465484
365 462942
366 461321
367 457203
368 455015
369 450855
370 448512
371 445180
372 439526
373 435000
374 428398
375 422976
376 417547
377 411416
378 404725
379 398215
380 391215
381 384167
382 377303
383 369719
384 362736
385 354330
386 346368
387 338386
388 329348
389 321393
390 312573
391 304284
392 295823
393 286705
394 278580
395 270523
396 262059
397 253989
398 244550
399 236481
400 228180
401 220692
402 211483
403 203985
404 195944
405 187876
406 179751
407 172909
408 165346
409 158861
410 150887
411 144814
412 137408
413 131148
414 124533
415 118461
416 112403
417 107061
418 100901
419 96037
420 90759
421 85767
422 81422
423 76069
424 71751
425 67642
426 63045
427 59668
428 55333
429 52738
430 48965
431 45875
432 42691
433 39650
434 37165
435 34415
436 31910
437 29746
438 27326
439 25603
440 23622
441 21853
442 20104
443 18591
444 17161
445 15584
446 14257
447 13154
448 12063
449 11122
450 10095
451 9246
452 8412
453 7565
454 6990
455 6341
456 5645
457 5236
458 4598
459 4093
460 3711
461 3286
462 3055
463 2715
464 2512
465 2139
466 1893
467 1730
468 1489
469 1346
470 1178
471 1013
472 902
473 790
474 733
475 621
476 530
477 454
478 395
479 376
480 330
481 282
482 223
483 178
484 177
485 153
486 127
487 120
488 102
489 68
490 70
491 64
492 52
493 33
494 35
495 19
496 18
497 18
498 14
499 9
500 8
501 5
502 5
503 2
504 2
505 0
506 1
507 3
508 0
509 0
510 0
511 0
512 0
513 0
514 0
515 0
516 0
517 0
518 0
519 0
520 0
521 0
522 0
523 0
524 0
525 0
526 0
527 0
528 0
529 0
530 0
531 0
532 0
533 0
534 0
535 0
536 0
537 0
538 0
539 0
540 0
541 0
542 0
543 0
544 0
545 0
546 0
547 0
548 0
549 0
550 0
551 0
552 0
553 0
554 0
555 0
556 0
557 0
558 0
559 0
560 0
561 0
562 0
563 0
564 0
565 0
566 0
567 0
568 0
569 0
570 0
571 0
572 0
573 0
574 0
575 0
576 0
577 0
578 0
579 0
580 0
581 0
582 0
583 0
584 0
585 0
586 0
587 0
588 0
589 0
590 0
591 0
592 0
593 0
594 0
595 0
596 0
597 0
598 0
599 0
600 0
601 0
602 0
603 0
604 0
605 0
606 0
607 0
608 0
609 0
610 0
611 0
612 0
613 0
614 0
615 0
616 0
617 0
618 0
619 0
620 0
621 0
622 0
623 0
624 0
625 0
626 0
627 0
628 0
629 0
630 0
631 0
632 0
633 0
634 0
635 0
636 0
637 0
638 0
639 0
640 0
641 0
642 0
643 0
644 0
645 0
646 0
647 0
648 0
649 0
650 0
651 0
652 0
653 0
654 0
655 0
656 0
657 0
658 0
659 0
660 0
