0 0
1 0
2 0
3 0
4 0
5 0
6 0
7 0
8 0
9 0
10 0
11 0
12 0
13 0
14 0
15 0
16 0
17 0
18 0
19 0
20 0
21 0
22 0
23 0
24 0
25 0
26 0
27 0
28 0
29 0
30 0
31 0
32 0
33 0
34 0
35 0
36 0
37 0
38 0
39 0
40 0
41 0
42 0
43 0
44 0
45 0
46 0
47 0
48 0
49 0
50 0
51 0
52 0
53 0
54 0
55 0
56 0
57 0
58 0
59 0
60 0
61 0
62 0
63 0
64 0
65 0
66 0
67 0
68 0
69 0
70 0
71 0
72 0
73 0
74 0
75 0
76 0
77 0
78 0
79 0
80 0
81 0
82 0
83 0
84 0
85 0
86 0
87 0
88 0
89 0
90 0
91 0
92 0
93 0
94 0
95 0
96 0
97 0
98 0
99 0
100 0
101 0
102 0
103 0
104 0
105 0
106 0
107 0
108 0
109 0
110 0
111 0
112 0
113 0
114 0
115 0
116 0
117 0
118 0
119 0
120 0
121 0
122 0
123 0
124 0
125 0
126 0
127 0
128 0
129 0
130 0
131 0
132 0
133 0
134 0
135 0
136 0
137 0
138 0
139 0
140 0
141 0
142 0
143 0
144 0
145 0
146 0
147 1
148 0
149 0
150 0
151 0
152 0
153 0
154 1
155 0
156 2
157 1
158 2
159 0
160 3
161 3
162 1
163 4
164 1
165 4
166 1
167 6
168 4
169 6
170 4
171 10
172 2
173 11
174 10
175 13
176 13
177 3
178 15
179 11
180 18
181 19
182 32
183 20
184 29
185 29
186 37
187 31
188 44
189 51
190 35
191 58
192 47
193 67
194 53
195 82
196 66
197 90
198 94
199 87
200 88
201 128
202 108
203 111
204 142
205 134
206 152
207 158
208 184
209 150
210 208
211 230
212 209
213 266
214 269
215 260
216 290
217 237
218 323
219 299
220 270
221 344
222 307
223 370
224 383
225 359
226 413
227 386
228 441
229 437
230 409
231 436
232 449
233 428
234 527
235 486
236 501
237 526
238 522
239 564
240 534
241 551
242 602
243 521
244 552
245 583
246 497
247 602
248 576
249 586
250 605
251 559
252 573
253 617
254 566
255 581
256 578
257 580
258 560
259 512
260 530
261 566
262 511
263 545
264 528
265 484
266 536
267 463
268 493
269 517
270 407
271 464
272 441
273 374
274 418
275 388
276 395
277 373
278 309
279 361
280 315
281 293
282 330
283 237
284 319
285 276
286 215
287 266
288 217
289 247
290 210
291 190
292 222
293 145
294 168
295 190
296 142
297 172
298 142
299 131
300 129
301 98
302 111
303 107
304 83
305 92
306 82
307 87
308 70
309 62
310 66
311 70
312 59
313 49
314 58
315 45
316 49
317 38
318 38
319 44
320 22
321 37
322 36
323 14
324 39
325 16
326 21
327 19
328 12
329 25
330 10
331 10
332 17
333 5
334 12
335 8
336 4
337 12
338 3
339 9
340 6
341 4
342 9
343 2
344 7
345 4
346 0
347 3
348 5
349 3
350 0
351 1
352 3
353 1
354 1
355 1
356 4
357 0
358 1
359 1
360 1
361 1
362 1
363 1
364 1
365 0
366 0
367 1
368 0
369 0
370 0
371 0
372 0
373 0
374 0
375 0
376 0
377 0
378 0
379 0
380 0
381 0
382 0
383 0
384 0
385 0
386 0
387 0
388 0
389 0
390 0
391 0
392 0
393 0
394 0
395 0
396 0
397 0
398 0
399 0
400 0
401 0
402 0
403 0
404 0
405 0
406 0
407 0
408 0
409 0
410 0
411 0
412 0
413 0
414 0
415 0
416 0
417 0
418 0
419 0
420 0
421 0
422 0
423 0
424 0
425 0
426 0
427 0
428 0
429 0
430 0
431 0
432 0
433 0
434 0
435 0
436 0
437 0
438 0
439 0
440 0
441 0
442 0
443 0
444 0
445 0
446 0
447 0
448 0
449 0
450 0
451 0
452 0
453 0
454 0
455 0
456 0
457 0
458 0
459 0
460 0
461 0
462 0
463 0
464 0
465 0
466 0
467 0
468 0
469 0
470 0
471 0
472 0
473 0
474 0
475 0
476 0
477 0
478 0
479 0
480 0
