0 0
1 0
2 0
3 0
4 0
5 0
6 0
7 0
8 0
9 0
10 0
11 0
12 0
13 0
14 0
15 0
16 0
17 0
18 0
19 0
20 0
21 0
22 0
23 0
24 0
25 0
26 0
27 0
28 0
29 0
30 0
31 0
32 0
33 0
34 0
35 0
36 0
37 0
38 0
39 0
40 0
41 0
42 0
43 0
44 0
45 0
46 0
47 0
48 0
49 0
50 0
51 0
52 0
53 0
54 0
55 0
56 0
57 0
58 0
59 0
60 0
61 0
62 0
63 0
64 0
65 0
66 0
67 0
68 0
69 0
70 0
71 0
72 0
73 0
74 0
75 0
76 0
77 0
78 0
79 0
80 0
81 0
82 0
83 0
84 0
85 0
86 0
87 0
88 0
89 0
90 0
91 0
92 0
93 0
94 0
95 0
96 0
97 0
98 0
99 0
100 0
101 0
102 0
103 0
104 0
105 0
106 0
107 0
108 0
109 0
110 0
111 0
112 0
113 0
114 0
115 0
116 0
117 0
118 0
119 0
120 0
121 0
122 0
123 0
124 0
125 0
126 0
127 0
128 0
129 0
130 0
131 0
132 0
133 0
134 0
135 0
136 0
137 0
138 0
139 0
140 0
141 0
142 0
143 0
144 0
145 0
146 0
147 0
148 0
149 0
150 0
151 0
152 0
153 0
154 0
155 0
156 0
157 0
158 0
159 0
160 0
161 0
162 0
163 0
164 0
165 0
166 0
167 0
168 0
169 0
170 0
171 0
172 0
173 0
174 0
175 0
176 0
177 0
178 0
179 0
180 0
181 0
182 0
183 0
184 0
185 0
186 0
187 0
188 0
189 0
190 0
191 0
192 0
193 0
194 0
195 0
196 0
197 0
198 0
199 0
200 0
201 0
202 0
203 0
204 0
205 0
206 0
207 0
208 0
209 0
210 0
211 0
212 0
213 0
214 0
215 0
216 0
217 0
218 0
219 0
220 0
221 0
222 0
223 0
224 0
225 0
226 0
227 0
228 0
229 0
230 0
231 0
232 0
233 0
234 0
235 0
236 0
237 0
238 0
239 0
240 0
241 0
242 0
243 0
244 0
245 0
246 0
247 0
248 0
249 0
250 0
251 0
252 0
253 0
254 0
255 0
256 0
257 0
258 0
259 0
260 0
261 0
262 0
263 0
264 0
265 0
266 0
267 0
268 0
269 0
270 0
271 0
272 0
273 0
274 0
275 0
276 0
277 0
278 0
279 0
280 0
281 0
282 0
283 0
284 0
285 0
286 0
287 0
288 0
289 0
290 0
291 0
292 0
293 0
294 0
295 0
296 0
297 0
298 0
299 0
300 0
301 0
302 0
303 0
304 0
305 0
306 0
307 0
308 0
309 0
310 0
311 0
312 1
313 2
314 0
315 0
316 0
317 1
318 1
319 0
320 0
321 2
322 1
323 0
324 0
325 0
326 0
327 3
328 0
329 1
330 4
331 1
332 1
333 6
334 2
335 4
336 3
337 3
338 3
339 2
340 6
341 4
342 6
343 4
344 8
345 2
346 15
347 11
348 13
349 12
350 12
351 7
352 18
353 28
354 17
355 19
356 26
357 27
358 28
359 30
360 36
361 31
362 47
363 46
364 55
365 47
366 58
367 75
368 67
369 72
370 68
371 105
372 89
373 79
374 101
375 131
376 104
377 105
378 157
379 167
380 152
381 156
382 214
383 217
384 230
385 252
386 267
387 305
388 308
389 335
390 340
391 340
392 428
393 410
394 408
395 451
396 535
397 505
398 614
399 613
400 644
401 695
402 707
403 808
404 867
405 871
406 878
407 933
408 983
409 1078
410 1113
411 1121
412 1270
413 1329
414 1335
415 1409
416 1481
417 1590
418 1689
419 1773
420 1810
421 1910
422 2075
423 2104
424 2154
425 2242
426 2416
427 2541
428 2539
429 2629
430 2790
431 2948
432 3067
433 3180
434 3350
435 3328
436 3547
437 3655
438 3664
439 4051
440 4056
441 4077
442 4323
443 4537
444 4596
445 4774
446 4941
447 5020
448 5174
449 5230
450 5516
451 5588
452 5659
453 5827
454 6205
455 6197
456 6345
457 6371
458 6669
459 6686
460 7090
461 7043
462 7434
463 7572
464 7423
465 7549
466 7600
467 7732
468 7988
469 8197
470 8061
471 8425
472 8578
473 8689
474 8669
475 8865
476 8743
477 9117
478 9180
479 9177
480 9347
481 9325
482 9497
483 9249
484 9534
485 9626
486 9570
487 9656
488 9657
489 9746
490 9798
491 9691
492 10103
493 9718
494 9869
495 9900
496 9753
497 9871
498 9756
499 9535
500 9592
501 9693
502 9699
503 9565
504 9555
505 9421
506 9363
507 9308
508 9144
509 9331
510 9160
511 8849
512 8885
513 8857
514 8742
515 8728
516 8325
517 8484
518 8332
519 7856
520 7943
521 7899
522 7804
523 7654
524 7600
525 7194
526 7198
527 7061
528 6993
529 6670
530 6731
531 6547
532 6293
533 6232
534 6035
535 5923
536 5857
537 5907
538 5439
539 5205
540 5094
541 5079
542 4916
543 4699
544 4547
545 4548
546 4464
547 4261
548 4134
549 3988
550 3753
551 3642
552 3604
553 3445
554 3249
555 3189
556 3107
557 2948
558 2924
559 2809
560 2605
561 2618
562 2373
563 2333
564 2280
565 2196
566 2034
567 2075
568 1966
569 1857
570 1724
571 1713
572 1570
573 1530
574 1432
575 1380
576 1306
577 1270
578 1209
579 1171
580 1097
581 1038
582 968
583 865
584 851
585 830
586 780
587 720
588 700
589 639
590 628
591 621
592 556
593 494
594 458
595 479
596 467
597 425
598 413
599 351
600 334
601 292
602 298
603 276
604 258
605 235
606 254
607 202
608 208
609 184
610 169
611 156
612 135
613 138
614 123
615 129
616 103
617 92
618 96
619 82
620 81
621 72
622 80
623 69
624 60
625 68
626 65
627 49
628 33
629 36
630 46
631 28
632 31
633 27
634 27
635 25
636 11
637 21
638 13
639 15
640 8
641 10
642 15
643 12
644 1
645 12
646 10
647 6
648 5
649 8
650 12
651 5
652 6
653 3
654 2
655 1
656 1
657 1
658 3
659 0
660 1
661 1
662 2
663 0
664 2
665 2
666 0
667 0
668 0
669 1
670 0
671 0
672 0
673 0
674 0
675 0
676 1
677 0
678 0
679 0
680 1
681 0
682 0
683 0
684 0
685 0
686 0
687 0
688 0
689 0
690 0
691 0
692 0
693 0
694 0
695 0
696 0
697 0
698 0
699 0
700 0
701 0
702 0
703 0
704 0
705 0
706 0
707 0
708 0
709 0
710 0
711 0
712 0
713 0
714 0
715 0
716 0
717 0
718 0
719 0
720 0
721 0
722 0
723 0
724 0
725 0
726 0
727 0
728 0
729 0
730 0
731 0
732 0
733 0
734 0
735 0
736 0
737 0
738 0
739 0
740 0
741 0
742 0
743 0
744 0
745 0
746 0
747 0
748 0
749 0
750 0
751 0
752 0
753 0
754 0
755 0
756 0
757 0
758 0
759 0
760 0
761 0
762 0
763 0
764 0
765 0
766 0
767 0
768 0
769 0
770 0
771 0
772 0
773 0
774 0
775 0
776 0
777 0
778 0
779 0
780 0
781 0
782 0
783 0
784 0
785 0
786 0
787 0
788 0
789 0
790 0
791 0
792 0
793 0
794 0
795 0
796 0
797 0
798 0
799 0
800 0
801 0
802 0
803 0
804 0
805 0
806 0
807 0
808 0
809 0
810 0
811 0
812 0
813 0
814 0
815 0
816 0
817 0
818 0
819 0
820 0
821 0
822 0
823 0
824 0
825 0
826 0
827 0
828 0
829 0
830 0
831 0
832 0
833 0
834 0
835 0
836 0
837 0
838 0
839 0
840 0
841 0
842 0
843 0
844 0
845 0
846 0
847 0
848 0
849 0
850 0
851 0
852 0
853 0
854 0
855 0
856 0
857 0
858 0
859 0
860 0
861 0
862 0
863 0
864 0
865 0
866 0
867 0
868 0
869 0
870 0
871 0
872 0
873 0
874 0
875 0
876 0
877 0
878 0
879 0
880 0
881 0
882 0
883 0
884 0
885 0
886 0
887 0
888 0
889 0
890 0
891 0
892 0
893 0
894 0
895 0
896 0
897 0
898 0
899 0
900 0
901 0
902 0
903 0
904 0
905 0
906 0
907 0
908 0
909 0
910 0
911 0
912 0
913 0
914 0
915 0
916 0
917 0
918 0
919 0
920 0
921 0
922 0
923 0
924 0
925 0
926 0
927 0
928 0
929 0
930 0
931 0
932 0
933 0
934 0
935 0
936 0
937 0
938 0
939 0
940 0
941 0
942 0
943 0
944 0
945 0
946 0
947 0
948 0
949 0
950 0
951 0
952 0
953 0
954 0
955 0
956 0
957 0
958 0
959 0
960 0
