0 0
1 0
2 0
3 0
4 0
5 0
6 0
7 0
8 0
9 0
10 0
11 0
12 0
13 0
14 0
15 0
16 0
17 0
18 0
19 0
20 0
21 0
22 0
23 0
24 0
25 0
26 0
27 0
28 0
29 0
30 0
31 0
32 0
33 0
34 0
35 0
36 0
37 0
38 0
39 0
40 0
41 0
42 0
43 0
44 0
45 0
46 0
47 0
48 0
49 0
50 0
51 0
52 0
53 0
54 0
55 0
56 0
57 0
58 0
59 0
60 0
61 0
62 0
63 0
64 0
65 0
66 0
67 0
68 0
69 0
70 0
71 0
72 0
73 0
74 0
75 0
76 0
77 0
78 0
79 0
80 0
81 0
82 0
83 0
84 0
85 0
86 0
87 0
88 0
89 0
90 0
91 0
92 0
93 0
94 0
95 0
96 0
97 0
98 0
99 0
100 0
101 0
102 0
103 0
104 0
105 0
106 0
107 0
108 0
109 0
110 0
111 0
112 0
113 0
114 0
115 0
116 0
117 0
118 0
119 0
120 0
121 0
122 0
123 0
124 0
125 0
126 0
127 0
128 0
129 0
130 0
131 0
132 0
133 0
134 0
135 0
136 0
137 0
138 0
139 0
140 0
141 0
142 0
143 0
144 0
145 0
146 0
147 0
148 0
149 0
150 0
151 0
152 0
153 0
154 0
155 0
156 0
157 0
158 0
159 0
160 0
161 0
162 0
163 0
164 0
165 0
166 0
167 0
168 0
169 0
170 0
171 0
172 0
173 0
174 0
175 0
176 0
177 0
178 0
179 0
180 0
181 0
182 0
183 0
184 0
185 0
186 0
187 0
188 0
189 0
190 0
191 0
192 0
193 0
194 0
195 0
196 0
197 0
198 0
199 0
200 0
201 0
202 0
203 0
204 0
205 0
206 0
207 0
208 0
209 0
210 0
211 0
212 0
213 0
214 0
215 0
216 0
217 0
218 0
219 0
220 0
221 0
222 0
223 0
224 0
225 0
226 0
227 0
228 0
229 0
230 0
231 0
232 0
233 0
234 0
235 0
236 0
237 0
238 0
239 0
240 0
241 0
242 0
243 0
244 0
245 0
246 0
247 0
248 0
249 0
250 0
251 0
252 0
253 0
254 0
255 0
256 0
257 0
258 0
259 0
260 0
261 0
262 0
263 0
264 0
265 0
266 0
267 0
268 0
269 0
270 0
271 0
272 0
273 0
274 0
275 0
276 0
277 0
278 0
279 0
280 0
281 0
282 0
283 0
284 0
285 0
286 0
287 0
288 0
289 0
290 0
291 0
292 0
293 0
294 0
295 0
296 0
297 0
298 0
299 0
300 0
301 0
302 0
303 0
304 0
305 0
306 0
307 0
308 0
309 0
310 0
311 0
312 0
313 0
314 0
315 0
316 0
317 0
318 0
319 0
320 0
321 0
322 0
323 0
324 0
325 0
326 0
327 0
328 0
329 0
330 0
331 0
332 0
333 0
334 0
335 0
336 0
337 0
338 0
339 0
340 0
341 0
342 0
343 0
344 0
345 0
346 0
347 0
348 0
349 0
350 0
351 0
352 1
353 0
354 1
355 0
356 0
357 0
358 1
359 0
360 0
361 0
362 0
363 0
364 2
365 0
366 0
367 2
368 0
369 0
370 0
371 0
372 0
373 1
374 3
375 2
376 3
377 3
378 3
379 2
380 3
381 1
382 1
383 0
384 6
385 7
386 5
387 8
388 9
389 8
390 15
391 12
392 13
393 13
394 20
395 16
396 18
397 20
398 27
399 22
400 28
401 39
402 33
403 44
404 42
405 51
406 40
407 47
408 48
409 57
410 66
411 80
412 74
413 81
414 84
415 107
416 120
417 126
418 126
419 123
420 156
421 175
422 176
423 224
424 199
425 233
426 226
427 254
428 290
429 333
430 321
431 340
432 383
433 402
434 411
435 424
436 487
437 544
438 537
439 548
440 647
441 643
442 705
443 726
444 792
445 821
446 810
447 893
448 938
449 1058
450 1120
451 1167
452 1220
453 1260
454 1355
455 1386
456 1460
457 1593
458 1692
459 1787
460 1852
461 1919
462 2030
463 2087
464 2237
465 2282
466 2423
467 2556
468 2689
469 2752
470 2832
471 2921
472 3140
473 3206
474 3375
475 3487
476 3537
477 3693
478 3779
479 3899
480 4195
481 4233
482 4346
483 4478
484 4690
485 4809
486 4888
487 5054
488 5262
489 5547
490 5646
491 5812
492 6015
493 5952
494 6130
495 6459
496 6541
497 6703
498 6723
499 6978
500 7115
501 7209
502 7362
503 7532
504 7719
505 7908
506 7972
507 7933
508 8076
509 8397
510 8422
511 8576
512 8733
513 8809
514 8948
515 9019
516 9274
517 9428
518 9254
519 9411
520 9516
521 9567
522 9696
523 9564
524 9642
525 9876
526 9931
527 9922
528 9962
529 10026
530 9890
531 9964
532 10079
533 10117
534 9949
535 9966
536 10013
537 9846
538 9873
539 9952
540 9888
541 9876
542 9832
543 9490
544 9607
545 9512
546 9482
547 9491
548 9375
549 9285
550 9354
551 8998
552 8975
553 8805
554 8736
555 8554
556 8528
557 8363
558 8433
559 8104
560 8106
561 7871
562 7660
563 7532
564 7506
565 7205
566 7124
567 6964
568 6888
569 6732
570 6672
571 6325
572 6334
573 6057
574 5853
575 5758
576 5661
577 5541
578 5406
579 5116
580 4930
581 4973
582 4683
583 4592
584 4545
585 4265
586 4266
587 4031
588 3761
589 3735
590 3597
591 3594
592 3412
593 3300
594 3106
595 2923
596 2821
597 2617
598 2768
599 2566
600 2493
601 2309
602 2316
603 2163
604 2113
605 2061
606 2022
607 1804
608 1747
609 1641
610 1684
611 1503
612 1401
613 1320
614 1330
615 1207
616 1243
617 1095
618 1066
619 1036
620 937
621 871
622 834
623 808
624 770
625 701
626 645
627 571
628 583
629 563
630 551
631 501
632 500
633 409
634 411
635 387
636 372
637 350
638 316
639 274
640 281
641 278
642 247
643 231
644 201
645 189
646 180
647 157
648 156
649 120
650 126
651 125
652 111
653 115
654 95
655 86
656 82
657 77
658 63
659 60
660 60
661 44
662 46
663 41
664 38
665 40
666 33
667 39
668 26
669 26
670 14
671 21
672 19
673 15
674 18
675 14
676 17
677 10
678 9
679 19
680 10
681 8
682 2
683 3
684 7
685 5
686 4
687 3
688 3
689 7
690 0
691 2
692 0
693 1
694 1
695 3
696 2
697 2
698 0
699 2
700 1
701 2
702 0
703 2
704 0
705 1
706 0
707 1
708 0
709 0
710 0
711 1
712 0
713 1
714 0
715 0
716 0
717 0
718 0
719 0
720 1
721 0
722 0
723 0
724 0
725 0
726 0
727 0
728 0
729 0
730 0
731 0
732 0
733 0
734 0
735 0
736 0
737 0
738 0
739 0
740 0
741 0
742 0
743 0
744 0
745 0
746 0
747 0
748 0
749 0
750 0
751 0
752 0
753 0
754 0
755 0
756 0
757 0
758 0
759 0
760 0
761 0
762 0
763 0
764 0
765 0
766 0
767 0
768 0
769 0
770 0
771 0
772 0
773 0
774 0
775 0
776 0
777 0
778 0
779 0
780 0
781 0
782 0
783 0
784 0
785 0
786 0
787 0
788 0
789 0
790 0
791 0
792 0
793 0
794 0
795 0
796 0
797 0
798 0
799 0
800 0
801 0
802 0
803 0
804 0
805 0
806 0
807 0
808 0
809 0
810 0
811 0
812 0
813 0
814 0
815 0
816 0
817 0
818 0
819 0
820 0
821 0
822 0
823 0
824 0
825 0
826 0
827 0
828 0
829 0
830 0
831 0
832 0
833 0
834 0
835 0
836 0
837 0
838 0
839 0
840 0
841 0
842 0
843 0
844 0
845 0
846 0
847 0
848 0
849 0
850 0
851 0
852 0
853 0
854 0
855 0
856 0
857 0
858 0
859 0
860 0
861 0
862 0
863 0
864 0
865 0
866 0
867 0
868 0
869 0
870 0
871 0
872 0
873 0
874 0
875 0
876 0
877 0
878 0
879 0
880 0
881 0
882 0
883 0
884 0
885 0
886 0
887 0
888 0
889 0
890 0
891 0
892 0
893 0
894 0
895 0
896 0
897 0
898 0
899 0
900 0
901 0
902 0
903 0
904 0
905 0
906 0
907 0
908 0
909 0
910 0
911 0
912 0
913 0
914 0
915 0
916 0
917 0
918 0
919 0
920 0
921 0
922 0
923 0
924 0
925 0
926 0
927 0
928 0
929 0
930 0
931 0
932 0
933 0
934 0
935 0
936 0
937 0
938 0
939 0
940 0
941 0
942 0
943 0
944 0
945 0
946 0
947 0
948 0
949 0
950 0
951 0
952 0
953 0
954 0
955 0
956 0
957 0
958 0
959 0
960 0
961 0
962 0
963 0
964 0
965 0
966 0
967 0
968 0
969 0
970 0
971 0
972 0
973 0
974 0
975 0
976 0
977 0
978 0
979 0
980 0
981 0
982 0
983 0
984 0
985 0
986 0
987 0
988 0
989 0
990 0
991 0
992 0
993 0
994 0
995 0
996 0
997 0
998 0
999 0
1000 0
1001 0
1002 0
1003 0
1004 0
1005 0
1006 0
1007 0
1008 0
1009 0
1010 0
1011 0
1012 0
1013 0
1014 0
1015 0
1016 0
1017 0
1018 0
1019 0
1020 0
