0 0
1 0
2 0
3 0
4 0
5 0
6 0
7 0
8 0
9 0
10 0
11 0
12 0
13 0
14 0
15 0
16 0
17 0
18 0
19 0
20 0
21 0
22 0
23 0
24 0
25 0
26 0
27 0
28 0
29 0
30 0
31 0
32 0
33 0
34 0
35 0
36 0
37 0
38 0
39 0
40 0
41 0
42 0
43 0
44 0
45 0
46 0
47 0
48 0
49 0
50 0
51 0
52 0
53 0
54 0
55 0
56 0
57 0
58 0
59 0
60 0
61 0
62 0
63 0
64 0
65 0
66 0
67 0
68 0
69 0
70 0
71 0
72 0
73 0
74 0
75 0
76 0
77 0
78 0
79 0
80 0
81 0
82 0
83 0
84 0
85 0
86 0
87 0
88 0
89 0
90 0
91 0
92 0
93 0
94 0
95 0
96 0
97 0
98 0
99 0
100 0
101 0
102 0
103 0
104 0
105 0
106 0
107 0
108 0
109 0
110 0
111 0
112 0
113 0
114 0
115 0
116 0
117 0
118 0
119 0
120 0
121 0
122 0
123 0
124 0
125 0
126 0
127 0
128 0
129 0
130 0
131 0
132 0
133 0
134 0
135 0
136 0
137 0
138 0
139 0
140 0
141 0
142 0
143 0
144 0
145 0
146 0
147 0
148 0
149 0
150 0
151 0
152 0
153 0
154 0
155 0
156 0
157 0
158 0
159 0
160 0
161 0
162 0
163 0
164 0
165 0
166 0
167 0
168 0
169 0
170 0
171 0
172 0
173 0
174 0
175 0
176 0
177 0
178 0
179 0
180 0
181 0
182 0
183 0
184 0
185 0
186 1
187 0
188 0
189 1
190 0
191 1
192 3
193 1
194 0
195 10
196 2
197 2
198 5
199 3
200 2
201 4
202 1
203 10
204 7
205 8
206 8
207 12
208 9
209 14
210 11
211 17
212 18
213 22
214 18
215 37
216 36
217 43
218 35
219 45
220 44
221 75
222 67
223 75
224 97
225 105
226 120
227 108
228 141
229 172
230 172
231 202
232 210
233 205
234 258
235 275
236 298
237 360
238 389
239 386
240 485
241 485
242 514
243 577
244 644
245 683
246 714
247 825
248 894
249 919
250 1008
251 1089
252 1130
253 1275
254 1302
255 1435
256 1606
257 1755
258 1684
259 1902
260 2137
261 2165
262 2251
263 2455
264 2637
265 2778
266 2948
267 3104
268 3356
269 3495
270 3648
271 3879
272 4078
273 4326
274 4474
275 4807
276 4909
277 5242
278 5322
279 5642
280 5953
281 6256
282 6474
283 6770
284 6930
285 7375
286 7581
287 7903
288 8241
289 8479
290 8676
291 8803
292 9246
293 9312
294 9645
295 9810
296 10139
297 10610
298 10627
299 10915
300 11060
301 11339
302 11605
303 11978
304 12077
305 12413
306 12390
307 12337
308 12597
309 12619
310 12967
311 13121
312 13195
313 13190
314 13126
315 13378
316 13178
317 13544
318 13410
319 13434
320 13699
321 13490
322 13354
323 13173
324 13264
325 12949
326 13013
327 13048
328 12690
329 12691
330 12647
331 12380
332 12037
333 12137
334 11680
335 11361
336 11331
337 11023
338 10749
339 10701
340 10409
341 10109
342 9852
343 9638
344 9294
345 8919
346 8624
347 8516
348 8257
349 7998
350 7615
351 7264
352 7160
353 6680
354 6526
355 6129
356 5940
357 5833
358 5359
359 5244
360 4931
361 4650
362 4387
363 4289
364 4032
365 3838
366 3557
367 3553
368 3119
369 2964
370 2906
371 2654
372 2528
373 2337
374 2162
375 1934
376 1879
377 1708
378 1637
379 1528
380 1461
381 1271
382 1114
383 1084
384 996
385 898
386 809
387 761
388 708
389 677
390 563
391 517
392 511
393 443
394 421
395 319
396 300
397 274
398 210
399 214
400 179
401 179
402 155
403 151
404 121
405 126
406 95
407 86
408 75
409 75
410 59
411 52
412 52
413 33
414 31
415 26
416 28
417 16
418 28
419 10
420 13
421 8
422 8
423 7
424 4
425 10
426 4
427 5
428 1
429 2
430 2
431 4
432 0
433 2
434 0
435 0
436 0
437 0
438 0
439 0
440 0
441 0
442 0
443 0
444 0
445 0
446 0
447 0
448 0
449 0
450 0
451 0
452 0
453 0
454 0
455 0
456 0
457 0
458 0
459 0
460 0
461 0
462 0
463 0
464 0
465 0
466 0
467 0
468 0
469 0
470 0
471 0
472 0
473 0
474 0
475 0
476 0
477 0
478 0
479 0
480 0
481 0
482 0
483 0
484 0
485 0
486 0
487 0
488 0
489 0
490 0
491 0
492 0
493 0
494 0
495 0
496 0
497 0
498 0
499 0
500 0
501 0
502 0
503 0
504 0
505 0
506 0
507 0
508 0
509 0
510 0
511 0
512 0
513 0
514 0
515 0
516 0
517 0
518 0
519 0
520 0
521 0
522 0
523 0
524 0
525 0
526 0
527 0
528 0
529 0
530 0
531 0
532 0
533 0
534 0
535 0
536 0
537 0
538 0
539 0
540 0
541 0
542 0
543 0
544 0
545 0
546 0
547 0
548 0
549 0
550 0
551 0
552 0
553 0
554 0
555 0
556 0
557 0
558 0
559 0
560 0
561 0
562 0
563 0
564 0
565 0
566 0
567 0
568 0
569 0
570 0
571 0
572 0
573 0
574 0
575 0
576 0
577 0
578 0
579 0
580 0
581 0
582 0
583 0
584 0
585 0
586 0
587 0
588 0
589 0
590 0
591 0
592 0
593 0
594 0
595 0
596 0
597 0
598 0
599 0
600 0
