0 0
1 0
2 0
3 0
4 0
5 0
6 0
7 0
8 0
9 0
10 0
11 0
12 0
13 0
14 0
15 0
16 0
17 0
18 0
19 0
20 0
21 0
22 0
23 0
24 0
25 0
26 0
27 0
28 0
29 0
30 0
31 0
32 0
33 0
34 0
35 0
36 0
37 0
38 0
39 0
40 0
41 0
42 0
43 0
44 0
45 0
46 0
47 0
48 0
49 0
50 0
51 0
52 0
53 0
54 0
55 0
56 0
57 0
58 0
59 0
60 0
61 0
62 0
63 0
64 0
65 0
66 0
67 0
68 0
69 0
70 0
71 0
72 0
73 0
74 0
75 0
76 0
77 0
78 0
79 0
80 0
81 0
82 0
83 0
84 0
85 0
86 0
87 0
88 0
89 0
90 0
91 0
92 0
93 0
94 0
95 0
96 0
97 0
98 0
99 0
100 0
101 0
102 0
103 0
104 0
105 0
106 0
107 0
108 0
109 0
110 0
111 0
112 0
113 0
114 0
115 0
116 0
117 0
118 0
119 0
120 0
121 0
122 0
123 0
124 0
125 0
126 0
127 0
128 0
129 0
130 0
131 0
132 0
133 0
134 0
135 0
136 0
137 0
138 0
139 0
140 0
141 0
142 0
143 0
144 0
145 0
146 0
147 0
148 0
149 0
150 0
151 0
152 0
153 0
154 0
155 0
156 0
157 0
158 0
159 0
160 0
161 0
162 0
163 0
164 0
165 0
166 0
167 0
168 0
169 0
170 0
171 0
172 0
173 0
174 0
175 0
176 0
177 0
178 0
179 0
180 0
181 0
182 0
183 0
184 0
185 0
186 0
187 0
188 0
189 0
190 0
191 0
192 0
193 0
194 0
195 0
196 0
197 0
198 0
199 0
200 0
201 0
202 0
203 0
204 0
205 0
206 0
207 0
208 0
209 0
210 0
211 0
212 0
213 0
214 0
215 0
216 0
217 0
218 0
219 0
220 0
221 0
222 0
223 0
224 0
225 0
226 0
227 0
228 0
229 0
230 0
231 0
232 0
233 0
234 0
235 0
236 0
237 0
238 0
239 0
240 0
241 0
242 0
243 0
244 0
245 0
246 0
247 0
248 0
249 0
250 0
251 0
252 0
253 0
254 0
255 0
256 0
257 0
258 0
259 0
260 0
261 0
262 0
263 0
264 0
265 0
266 0
267 0
268 0
269 0
270 0
271 0
272 0
273 0
274 0
275 0
276 0
277 0
278 0
279 0
280 0
281 0
282 0
283 0
284 0
285 0
286 0
287 0
288 0
289 0
290 0
291 0
292 0
293 0
294 0
295 0
296 0
297 0
298 0
299 0
300 0
301 0
302 0
303 0
304 0
305 0
306 0
307 0
308 0
309 0
310 0
311 0
312 0
313 0
314 0
315 0
316 0
317 0
318 0
319 0
320 0
321 0
322 0
323 0
324 0
325 0
326 0
327 0
328 0
329 0
330 0
331 0
332 0
333 0
334 0
335 0
336 0
337 0
338 0
339 0
340 0
341 0
342 0
343 0
344 0
345 0
346 0
347 0
348 0
349 0
350 0
351 0
352 0
353 0
354 0
355 0
356 0
357 0
358 0
359 0
360 0
361 0
362 0
363 0
364 0
365 0
366 0
367 0
368 0
369 0
370 0
371 0
372 0
373 0
374 0
375 0
376 0
377 0
378 0
379 0
380 0
381 0
382 0
383 0
384 0
385 0
386 0
387 0
388 0
389 0
390 0
391 0
392 0
393 0
394 0
395 0
396 0
397 0
398 0
399 0
400 0
401 0
402 0
403 0
404 0
405 0
406 0
407 0
408 0
409 0
410 0
411 0
412 0
413 0
414 0
415 0
416 0
417 0
418 0
419 0
420 0
421 0
422 0
423 0
424 0
425 0
426 0
427 0
428 0
429 0
430 0
431 0
432 1
433 0
434 0
435 0
436 0
437 0
438 0
439 0
440 0
441 0
442 1
443 0
444 0
445 0
446 0
447 0
448 0
449 0
450 1
451 1
452 0
453 0
454 1
455 1
456 0
457 3
458 2
459 3
460 1
461 3
462 3
463 5
464 3
465 3
466 5
467 5
468 5
469 4
470 5
471 4
472 8
473 9
474 11
475 9
476 8
477 9
478 13
479 12
480 10
481 15
482 24
483 17
484 13
485 19
486 31
487 34
488 28
489 38
490 41
491 30
492 39
493 31
494 56
495 41
496 41
497 70
498 79
499 66
500 81
501 78
502 79
503 85
504 95
505 81
506 136
507 129
508 114
509 145
510 140
511 170
512 166
513 216
514 219
515 213
516 214
517 248
518 261
519 277
520 265
521 333
522 346
523 391
524 397
525 409
526 434
527 458
528 458
529 530
530 532
531 597
532 618
533 659
534 701
535 692
536 765
537 752
538 795
539 858
540 925
541 952
542 1026
543 1043
544 1106
545 1209
546 1288
547 1308
548 1333
549 1364
550 1403
551 1525
552 1651
553 1682
554 1846
555 1861
556 1917
557 1983
558 2095
559 2109
560 2197
561 2282
562 2470
563 2508
564 2600
565 2740
566 2805
567 2919
568 3021
569 3021
570 3164
571 3287
572 3464
573 3627
574 3629
575 3720
576 3833
577 3865
578 4035
579 4219
580 4353
581 4486
582 4614
583 4771
584 4847
585 5017
586 5128
587 5113
588 5139
589 5390
590 5531
591 5809
592 5792
593 5945
594 5907
595 6113
596 6292
597 6428
598 6474
599 6489
600 6859
601 6901
602 6990
603 7018
604 7183
605 7295
606 7509
607 7346
608 7696
609 7742
610 7817
611 8028
612 8064
613 8114
614 8195
615 8113
616 8318
617 8366
618 8331
619 8492
620 8430
621 8604
622 8610
623 8602
624 8698
625 9011
626 8799
627 8913
628 8902
629 8939
630 8927
631 8858
632 8904
633 8649
634 8950
635 8785
636 8913
637 8998
638 8905
639 8976
640 9054
641 8871
642 8736
643 8661
644 8699
645 8670
646 8429
647 8562
648 8456
649 8529
650 8206
651 8437
652 8309
653 7972
654 8077
655 8134
656 7770
657 7787
658 7742
659 7385
660 7614
661 7422
662 7298
663 7019
664 7084
665 7041
666 6901
667 6830
668 6710
669 6599
670 6481
671 6330
672 6269
673 6152
674 5755
675 5791
676 5746
677 5647
678 5562
679 5412
680 5276
681 5140
682 4967
683 4933
684 4761
685 4896
686 4620
687 4454
688 4327
689 4250
690 4096
691 4010
692 3834
693 3650
694 3608
695 3474
696 3484
697 3309
698 3234
699 3157
700 3007
701 2888
702 2774
703 2744
704 2587
705 2545
706 2532
707 2372
708 2197
709 2142
710 2083
711 2091
712 1974
713 1899
714 1741
715 1680
716 1744
717 1681
718 1528
719 1468
720 1534
721 1379
722 1314
723 1199
724 1159
725 1160
726 1084
727 1060
728 979
729 962
730 868
731 829
732 841
733 737
734 752
735 693
736 672
737 617
738 606
739 532
740 558
741 511
742 451
743 473
744 433
745 376
746 433
747 406
748 315
749 337
750 332
751 269
752 299
753 282
754 243
755 239
756 253
757 206
758 203
759 179
760 175
761 178
762 160
763 128
764 139
765 126
766 109
767 103
768 97
769 79
770 80
771 77
772 91
773 68
774 63
775 60
776 61
777 59
778 54
779 45
780 45
781 35
782 37
783 45
784 27
785 28
786 31
787 28
788 15
789 24
790 18
791 23
792 18
793 17
794 18
795 14
796 9
797 11
798 13
799 11
800 7
801 6
802 6
803 4
804 6
805 4
806 5
807 1
808 7
809 6
810 4
811 4
812 2
813 6
814 0
815 1
816 1
817 1
818 2
819 0
820 2
821 1
822 0
823 0
824 2
825 0
826 1
827 0
828 0
829 0
830 1
831 0
832 0
833 0
834 0
835 0
836 0
837 0
838 0
839 0
840 0
841 0
842 1
843 0
844 0
845 0
846 0
847 0
848 0
849 0
850 0
851 0
852 0
853 0
854 0
855 0
856 0
857 0
858 0
859 0
860 0
861 0
862 1
863 0
864 0
865 0
866 0
867 0
868 0
869 0
870 0
871 0
872 0
873 0
874 0
875 0
876 0
877 0
878 0
879 0
880 0
881 0
882 0
883 0
884 0
885 0
886 0
887 0
888 0
889 0
890 0
891 0
892 0
893 0
894 0
895 0
896 0
897 0
898 0
899 0
900 0
901 0
902 0
903 0
904 0
905 0
906 0
907 0
908 0
909 0
910 0
911 0
912 0
913 0
914 0
915 0
916 0
917 0
918 0
919 0
920 0
921 0
922 0
923 0
924 0
925 0
926 0
927 0
928 0
929 0
930 0
931 0
932 0
933 0
934 0
935 0
936 0
937 0
938 0
939 0
940 0
941 0
942 0
943 0
944 0
945 0
946 0
947 0
948 0
949 0
950 0
951 0
952 0
953 0
954 0
955 0
956 0
957 0
958 0
959 0
960 0
961 0
962 0
963 0
964 0
965 0
966 0
967 0
968 0
969 0
970 0
971 0
972 0
973 0
974 0
975 0
976 0
977 0
978 0
979 0
980 0
981 0
982 0
983 0
984 0
985 0
986 0
987 0
988 0
989 0
990 0
991 0
992 0
993 0
994 0
995 0
996 0
997 0
998 0
999 0
1000 0
1001 0
1002 0
1003 0
1004 0
1005 0
1006 0
1007 0
1008 0
1009 0
1010 0
1011 0
1012 0
1013 0
1014 0
1015 0
1016 0
1017 0
1018 0
1019 0
1020 0
1021 0
1022 0
1023 0
1024 0
1025 0
1026 0
1027 0
1028 0
1029 0
1030 0
1031 0
1032 0
1033 0
1034 0
1035 0
1036 0
1037 0
1038 0
1039 0
1040 0
1041 0
1042 0
1043 0
1044 0
1045 0
1046 0
1047 0
1048 0
1049 0
1050 0
1051 0
1052 0
1053 0
1054 0
1055 0
1056 0
1057 0
1058 0
1059 0
1060 0
1061 0
1062 0
1063 0
1064 0
1065 0
1066 0
1067 0
1068 0
1069 0
1070 0
1071 0
1072 0
1073 0
1074 0
1075 0
1076 0
1077 0
1078 0
1079 0
1080 0
1081 0
1082 0
1083 0
1084 0
1085 0
1086 0
1087 0
1088 0
1089 0
1090 0
1091 0
1092 0
1093 0
1094 0
1095 0
1096 0
1097 0
1098 0
1099 0
1100 0
1101 0
1102 0
1103 0
1104 0
1105 0
1106 0
1107 0
1108 0
1109 0
1110 0
1111 0
1112 0
1113 0
1114 0
1115 0
1116 0
1117 0
1118 0
1119 0
1120 0
1121 0
1122 0
1123 0
1124 0
1125 0
1126 0
1127 0
1128 0
1129 0
1130 0
1131 0
1132 0
1133 0
1134 0
1135 0
1136 0
1137 0
1138 0
1139 0
1140 0
1141 0
1142 0
1143 0
1144 0
1145 0
1146 0
1147 0
1148 0
1149 0
1150 0
1151 0
1152 0
1153 0
1154 0
1155 0
1156 0
1157 0
1158 0
1159 0
1160 0
1161 0
1162 0
1163 0
1164 0
1165 0
1166 0
1167 0
1168 0
1169 0
1170 0
1171 0
1172 0
1173 0
1174 0
1175 0
1176 0
1177 0
1178 0
1179 0
1180 0
1181 0
1182 0
1183 0
1184 0
1185 0
1186 0
1187 0
1188 0
1189 0
1190 0
1191 0
1192 0
1193 0
1194 0
1195 0
1196 0
1197 0
1198 0
1199 0
1200 0
