0 0
1 0
2 0
3 0
4 0
5 0
6 0
7 0
8 0
9 0
10 0
11 0
12 0
13 0
14 0
15 0
16 0
17 0
18 0
19 0
20 0
21 0
22 0
23 0
24 0
25 0
26 0
27 0
28 0
29 0
30 0
31 0
32 0
33 0
34 0
35 0
36 0
37 0
38 0
39 0
40 0
41 0
42 0
43 0
44 0
45 0
46 0
47 0
48 0
49 0
50 0
51 0
52 0
53 0
54 0
55 0
56 0
57 0
58 0
59 0
60 0
61 0
62 0
63 0
64 0
65 0
66 0
67 0
68 0
69 0
70 0
71 0
72 0
73 0
74 0
75 0
76 0
77 0
78 0
79 0
80 0
81 0
82 0
83 0
84 0
85 0
86 0
87 0
88 0
89 0
90 0
91 0
92 0
93 0
94 0
95 0
96 0
97 0
98 0
99 0
100 0
101 0
102 0
103 0
104 0
105 0
106 0
107 0
108 0
109 0
110 0
111 0
112 0
113 0
114 0
115 0
116 0
117 0
118 0
119 0
120 0
121 0
122 0
123 0
124 0
125 0
126 0
127 0
128 0
129 0
130 0
131 0
132 0
133 0
134 0
135 0
136 0
137 0
138 0
139 0
140 0
141 0
142 0
143 0
144 0
145 0
146 0
147 0
148 0
149 0
150 0
151 0
152 0
153 0
154 0
155 0
156 0
157 0
158 0
159 0
160 0
161 0
162 0
163 0
164 0
165 0
166 0
167 0
168 0
169 0
170 0
171 0
172 0
173 0
174 0
175 0
176 0
177 0
178 0
179 0
180 0
181 0
182 0
183 0
184 0
185 0
186 0
187 0
188 0
189 0
190 0
191 0
192 0
193 0
194 0
195 0
196 0
197 0
198 0
199 0
200 0
201 0
202 0
203 0
204 0
205 0
206 0
207 0
208 0
209 0
210 0
211 0
212 0
213 0
214 0
215 0
216 0
217 0
218 0
219 0
220 0
221 0
222 0
223 0
224 0
225 0
226 0
227 0
228 0
229 0
230 0
231 0
232 0
233 0
234 0
235 0
236 0
237 0
238 0
239 0
240 0
241 1
242 1
243 0
244 0
245 0
246 0
247 0
248 0
249 0
250 0
251 0
252 0
253 1
254 0
255 0
256 0
257 0
258 0
259 0
260 1
261 1
262 1
263 1
264 0
265 1
266 1
267 2
268 3
269 2
270 2
271 2
272 4
273 2
274 8
275 4
276 3
277 3
278 5
279 13
280 5
281 12
282 14
283 12
284 16
285 20
286 18
287 21
288 23
289 19
290 26
291 38
292 45
293 29
294 44
295 50
296 53
297 62
298 60
299 80
300 82
301 95
302 92
303 103
304 113
305 135
306 136
307 163
308 190
309 182
310 197
311 226
312 245
313 268
314 268
315 312
316 335
317 356
318 384
319 461
320 484
321 461
322 537
323 556
324 643
325 672
326 658
327 795
328 858
329 864
330 957
331 1005
332 1070
333 1089
334 1252
335 1264
336 1438
337 1445
338 1485
339 1600
340 1764
341 1868
342 1943
343 1969
344 2273
345 2269
346 2405
347 2486
348 2702
349 2764
350 2811
351 3061
352 3272
353 3343
354 3515
355 3779
356 3770
357 4067
358 4164
359 4456
360 4580
361 4774
362 4951
363 4953
364 5276
365 5449
366 5717
367 5834
368 6046
369 6060
370 6322
371 6568
372 6746
373 6958
374 7204
375 7163
376 7595
377 7835
378 7894
379 8235
380 8386
381 8572
382 8711
383 8891
384 8886
385 9174
386 9345
387 9383
388 9864
389 9943
390 10008
391 10260
392 10507
393 10357
394 10532
395 10711
396 10826
397 10983
398 11056
399 11095
400 11198
401 11137
402 11318
403 11433
404 11400
405 11670
406 11482
407 11581
408 11590
409 11435
410 11572
411 11470
412 11122
413 11244
414 11285
415 11454
416 11240
417 11163
418 11096
419 10722
420 10774
421 10782
422 10634
423 10451
424 10241
425 10083
426 10144
427 9812
428 9756
429 9649
430 9297
431 9190
432 9026
433 9012
434 8765
435 8513
436 8301
437 8089
438 8033
439 7826
440 7418
441 7287
442 7293
443 6862
444 6661
445 6427
446 6425
447 6245
448 5888
449 5709
450 5400
451 5401
452 4989
453 4945
454 4687
455 4419
456 4379
457 4222
458 4043
459 3891
460 3659
461 3605
462 3311
463 3191
464 3035
465 3014
466 2835
467 2660
468 2513
469 2455
470 2341
471 2118
472 2019
473 1943
474 1817
475 1639
476 1622
477 1543
478 1381
479 1349
480 1283
481 1157
482 1128
483 1100
484 979
485 926
486 931
487 810
488 767
489 720
490 633
491 610
492 543
493 522
494 499
495 470
496 434
497 383
498 369
499 323
500 288
501 253
502 219
503 260
504 198
505 172
506 197
507 146
508 146
509 133
510 136
511 108
512 84
513 96
514 85
515 79
516 60
517 75
518 44
519 60
520 49
521 29
522 44
523 31
524 35
525 19
526 23
527 20
528 17
529 17
530 17
531 16
532 13
533 8
534 12
535 11
536 6
537 10
538 10
539 9
540 4
541 0
542 5
543 2
544 2
545 6
546 2
547 1
548 2
549 1
550 0
551 1
552 0
553 0
554 3
555 1
556 0
557 0
558 0
559 1
560 1
561 0
562 0
563 0
564 0
565 0
566 0
567 0
568 0
569 0
570 0
571 0
572 0
573 0
574 0
575 0
576 0
577 0
578 0
579 0
580 0
581 0
582 0
583 0
584 0
585 0
586 0
587 0
588 0
589 0
590 0
591 0
592 0
593 0
594 0
595 0
596 0
597 0
598 0
599 0
600 0
601 0
602 0
603 0
604 0
605 0
606 0
607 0
608 0
609 0
610 0
611 0
612 0
613 0
614 0
615 0
616 0
617 0
618 0
619 0
620 0
621 0
622 0
623 0
624 0
625 0
626 0
627 0
628 0
629 0
630 0
631 0
632 0
633 0
634 0
635 0
636 0
637 0
638 0
639 0
640 0
641 0
642 0
643 0
644 0
645 0
646 0
647 0
648 0
649 0
650 0
651 0
652 0
653 0
654 0
655 0
656 0
657 0
658 0
659 0
660 0
661 0
662 0
663 0
664 0
665 0
666 0
667 0
668 0
669 0
670 0
671 0
672 0
673 0
674 0
675 0
676 0
677 0
678 0
679 0
680 0
681 0
682 0
683 0
684 0
685 0
686 0
687 0
688 0
689 0
690 0
691 0
692 0
693 0
694 0
695 0
696 0
697 0
698 0
699 0
700 0
701 0
702 0
703 0
704 0
705 0
706 0
707 0
708 0
709 0
710 0
711 0
712 0
713 0
714 0
715 0
716 0
717 0
718 0
719 0
720 0
721 0
722 0
723 0
724 0
725 0
726 0
727 0
728 0
729 0
730 0
731 0
732 0
733 0
734 0
735 0
736 0
737 0
738 0
739 0
740 0
741 0
742 0
743 0
744 0
745 0
746 0
747 0
748 0
749 0
750 0
751 0
752 0
753 0
754 0
755 0
756 0
757 0
758 0
759 0
760 0
761 0
762 0
763 0
764 0
765 0
766 0
767 0
768 0
769 0
770 0
771 0
772 0
773 0
774 0
775 0
776 0
777 0
778 0
779 0
780 0
