0 0
1 0
2 0
3 0
4 0
5 0
6 0
7 0
8 0
9 0
10 0
11 0
12 0
13 0
14 0
15 0
16 0
17 0
18 0
19 0
20 0
21 0
22 0
23 0
24 0
25 0
26 0
27 0
28 0
29 0
30 0
31 0
32 0
33 0
34 0
35 0
36 0
37 0
38 0
39 0
40 0
41 0
42 0
43 0
44 0
45 0
46 0
47 0
48 0
49 0
50 0
51 0
52 0
53 0
54 0
55 0
56 0
57 0
58 0
59 0
60 0
61 0
62 0
63 0
64 0
65 0
66 0
67 0
68 0
69 0
70 0
71 0
72 0
73 0
74 0
75 0
76 0
77 0
78 0
79 0
80 0
81 0
82 0
83 0
84 0
85 0
86 0
87 0
88 0
89 0
90 0
91 0
92 0
93 0
94 0
95 0
96 0
97 0
98 0
99 0
100 0
101 0
102 0
103 0
104 0
105 0
106 0
107 0
108 0
109 0
110 0
111 0
112 0
113 0
114 0
115 0
116 0
117 0
118 0
119 0
120 0
121 0
122 0
123 0
124 0
125 0
126 0
127 0
128 0
129 0
130 0
131 0
132 0
133 0
134 0
135 0
136 0
137 0
138 0
139 0
140 0
141 0
142 0
143 0
144 0
145 0
146 0
147 0
148 0
149 0
150 0
151 0
152 0
153 0
154 0
155 0
156 0
157 0
158 0
159 0
160 0
161 0
162 0
163 0
164 0
165 0
166 0
167 0
168 0
169 0
170 0
171 0
172 0
173 0
174 0
175 0
176 0
177 0
178 0
179 0
180 0
181 0
182 0
183 0
184 0
185 0
186 0
187 0
188 0
189 0
190 0
191 0
192 0
193 0
194 0
195 0
196 0
197 0
198 0
199 0
200 0
201 0
202 1
203 0
204 0
205 0
206 0
207 0
208 0
209 0
210 0
211 0
212 0
213 2
214 0
215 0
216 1
217 0
218 0
219 1
220 1
221 2
222 1
223 0
224 3
225 4
226 2
227 5
228 3
229 7
230 5
231 4
232 11
233 10
234 8
235 12
236 13
237 17
238 16
239 17
240 13
241 26
242 21
243 18
244 24
245 30
246 44
247 42
248 61
249 68
250 59
251 71
252 73
253 82
254 82
255 82
256 114
257 135
258 131
259 134
260 173
261 193
262 196
263 222
264 246
265 241
266 283
267 323
268 298
269 366
270 344
271 439
272 424
273 510
274 521
275 573
276 613
277 646
278 687
279 785
280 856
281 857
282 929
283 975
284 1104
285 1079
286 1175
287 1242
288 1352
289 1408
290 1488
291 1636
292 1684
293 1823
294 1873
295 1970
296 2155
297 2264
298 2430
299 2561
300 2677
301 2832
302 2906
303 3064
304 3136
305 3233
306 3467
307 3713
308 3922
309 3998
310 4201
311 4338
312 4476
313 4707
314 5019
315 5039
316 5403
317 5410
318 5737
319 5845
320 6044
321 6383
322 6457
323 6753
324 6911
325 7123
326 7280
327 7388
328 7782
329 8079
330 8107
331 8301
332 8742
333 8733
334 9052
335 9012
336 9283
337 9572
338 9758
339 9922
340 9776
341 10177
342 10311
343 10390
344 10513
345 10805
346 10879
347 10963
348 11187
349 11314
350 11339
351 11321
352 11546
353 11397
354 11666
355 11851
356 11623
357 11823
358 11627
359 11787
360 11675
361 11859
362 11497
363 11680
364 11841
365 11383
366 11708
367 11489
368 11452
369 11301
370 11235
371 11148
372 11004
373 10909
374 10842
375 10593
376 10507
377 10199
378 9958
379 9813
380 9859
381 9882
382 9463
383 9286
384 9094
385 8792
386 8699
387 8483
388 8205
389 8012
390 7685
391 7532
392 7524
393 7271
394 7044
395 6817
396 6609
397 6403
398 6148
399 5885
400 5696
401 5639
402 5417
403 5052
404 4916
405 4755
406 4409
407 4465
408 4235
409 3901
410 3799
411 3817
412 3368
413 3248
414 3094
415 2926
416 2764
417 2623
418 2579
419 2400
420 2222
421 2253
422 2066
423 1840
424 1737
425 1794
426 1599
427 1443
428 1422
429 1363
430 1232
431 1152
432 1035
433 999
434 978
435 894
436 823
437 749
438 681
439 659
440 598
441 515
442 493
443 484
444 436
445 410
446 369
447 319
448 302
449 259
450 231
451 249
452 190
453 218
454 164
455 153
456 136
457 129
458 123
459 114
460 97
461 69
462 76
463 62
464 71
465 41
466 50
467 47
468 40
469 33
470 19
471 22
472 13
473 16
474 17
475 13
476 7
477 14
478 11
479 9
480 8
481 5
482 6
483 4
484 6
485 5
486 3
487 1
488 3
489 3
490 1
491 1
492 1
493 0
494 4
495 0
496 0
497 0
498 0
499 0
500 1
501 0
502 0
503 0
504 0
505 0
506 0
507 0
508 0
509 0
510 0
511 0
512 0
513 0
514 0
515 0
516 0
517 0
518 0
519 0
520 0
521 0
522 0
523 0
524 0
525 0
526 0
527 0
528 0
529 0
530 0
531 0
532 0
533 0
534 0
535 0
536 0
537 0
538 0
539 0
540 0
541 0
542 0
543 0
544 0
545 0
546 0
547 0
548 0
549 0
550 0
551 0
552 0
553 0
554 0
555 0
556 0
557 0
558 0
559 0
560 0
561 0
562 0
563 0
564 0
565 0
566 0
567 0
568 0
569 0
570 0
571 0
572 0
573 0
574 0
575 0
576 0
577 0
578 0
579 0
580 0
581 0
582 0
583 0
584 0
585 0
586 0
587 0
588 0
589 0
590 0
591 0
592 0
593 0
594 0
595 0
596 0
597 0
598 0
599 0
600 0
601 0
602 0
603 0
604 0
605 0
606 0
607 0
608 0
609 0
610 0
611 0
612 0
613 0
614 0
615 0
616 0
617 0
618 0
619 0
620 0
621 0
622 0
623 0
624 0
625 0
626 0
627 0
628 0
629 0
630 0
631 0
632 0
633 0
634 0
635 0
636 0
637 0
638 0
639 0
640 0
641 0
642 0
643 0
644 0
645 0
646 0
647 0
648 0
649 0
650 0
651 0
652 0
653 0
654 0
655 0
656 0
657 0
658 0
659 0
660 0
