0 0
1 0
2 0
3 0
4 0
5 0
6 0
7 0
8 0
9 0
10 0
11 0
12 0
13 0
14 0
15 0
16 0
17 0
18 0
19 0
20 0
21 0
22 0
23 0
24 0
25 0
26 0
27 0
28 0
29 0
30 0
31 0
32 0
33 0
34 0
35 0
36 0
37 0
38 0
39 0
40 0
41 0
42 0
43 0
44 0
45 0
46 0
47 0
48 0
49 0
50 0
51 0
52 0
53 0
54 0
55 0
56 0
57 0
58 0
59 0
60 0
61 0
62 0
63 0
64 0
65 0
66 0
67 0
68 0
69 0
70 0
71 0
72 0
73 0
74 0
75 0
76 0
77 0
78 0
79 0
80 0
81 0
82 0
83 0
84 0
85 0
86 0
87 0
88 0
89 0
90 0
91 0
92 0
93 0
94 0
95 0
96 0
97 0
98 0
99 0
100 0
101 0
102 0
103 0
104 0
105 0
106 0
107 0
108 0
109 0
110 0
111 0
112 0
113 0
114 0
115 0
116 0
117 0
118 0
119 0
120 0
121 0
122 0
123 0
124 0
125 0
126 0
127 0
128 0
129 0
130 0
131 0
132 0
133 0
134 0
135 0
136 0
137 0
138 0
139 0
140 0
141 0
142 0
143 0
144 0
145 0
146 0
147 0
148 0
149 0
150 0
151 0
152 0
153 0
154 0
155 0
156 0
157 0
158 0
159 0
160 0
161 0
162 0
163 0
164 0
165 0
166 0
167 0
168 0
169 0
170 0
171 0
172 0
173 0
174 0
175 0
176 0
177 0
178 0
179 0
180 0
181 0
182 0
183 0
184 0
185 0
186 0
187 0
188 0
189 0
190 0
191 0
192 0
193 0
194 0
195 0
196 0
197 0
198 0
199 0
200 0
201 0
202 0
203 0
204 0
205 0
206 0
207 0
208 0
209 0
210 0
211 0
212 0
213 0
214 0
215 0
216 0
217 0
218 0
219 0
220 0
221 0
222 0
223 0
224 0
225 0
226 0
227 0
228 0
229 0
230 0
231 0
232 0
233 0
234 0
235 0
236 0
237 0
238 0
239 0
240 0
241 0
242 0
243 0
244 0
245 0
246 0
247 0
248 0
249 0
250 0
251 0
252 0
253 0
254 0
255 0
256 0
257 0
258 0
259 0
260 0
261 0
262 0
263 0
264 0
265 0
266 0
267 0
268 0
269 0
270 0
271 0
272 0
273 0
274 0
275 0
276 0
277 0
278 0
279 0
280 0
281 0
282 0
283 0
284 0
285 0
286 0
287 0
288 0
289 0
290 0
291 0
292 0
293 0
294 0
295 0
296 0
297 0
298 0
299 0
300 0
301 0
302 0
303 0
304 0
305 0
306 0
307 0
308 0
309 0
310 0
311 0
312 0
313 0
314 0
315 0
316 0
317 0
318 0
319 0
320 0
321 0
322 0
323 0
324 0
325 0
326 0
327 0
328 0
329 0
330 0
331 0
332 0
333 0
334 0
335 0
336 0
337 0
338 0
339 0
340 0
341 0
342 0
343 0
344 0
345 0
346 0
347 0
348 0
349 0
350 0
351 0
352 0
353 0
354 0
355 0
356 0
357 0
358 0
359 0
360 0
361 0
362 0
363 0
364 0
365 0
366 0
367 0
368 0
369 0
370 0
371 0
372 0
373 0
374 0
375 0
376 0
377 0
378 0
379 0
380 0
381 0
382 0
383 0
384 0
385 0
386 0
387 0
388 0
389 0
390 0
391 0
392 0
393 0
394 0
395 0
396 0
397 0
398 0
399 0
400 0
401 0
402 0
403 0
404 0
405 0
406 0
407 0
408 0
409 0
410 0
411 0
412 0
413 0
414 0
415 0
416 0
417 0
418 0
419 0
420 0
421 0
422 0
423 0
424 0
425 0
426 0
427 0
428 0
429 0
430 0
431 0
432 0
433 0
434 0
435 0
436 0
437 0
438 0
439 0
440 0
441 0
442 0
443 0
444 0
445 0
446 0
447 0
448 1
449 0
450 0
451 0
452 0
453 0
454 0
455 0
456 0
457 0
458 0
459 0
460 0
461 0
462 0
463 0
464 0
465 0
466 0
467 0
468 0
469 0
470 0
471 1
472 0
473 0
474 0
475 1
476 1
477 0
478 1
479 0
480 0
481 0
482 2
483 0
484 1
485 1
486 0
487 3
488 1
489 3
490 2
491 1
492 2
493 3
494 8
495 8
496 4
497 5
498 2
499 12
500 4
501 4
502 8
503 8
504 12
505 16
506 7
507 11
508 18
509 17
510 15
511 20
512 19
513 30
514 26
515 26
516 22
517 40
518 33
519 30
520 27
521 36
522 33
523 44
524 58
525 47
526 67
527 63
528 54
529 61
530 82
531 92
532 84
533 96
534 91
535 131
536 126
537 115
538 115
539 141
540 177
541 187
542 161
543 187
544 189
545 209
546 238
547 249
548 254
549 285
550 304
551 303
552 292
553 360
554 410
555 387
556 446
557 433
558 465
559 500
560 465
561 541
562 537
563 624
564 677
565 683
566 728
567 752
568 754
569 806
570 870
571 863
572 979
573 1023
574 1019
575 1050
576 1202
577 1225
578 1202
579 1353
580 1310
581 1433
582 1440
583 1595
584 1663
585 1677
586 1717
587 1752
588 1872
589 1985
590 2123
591 2206
592 2263
593 2321
594 2420
595 2479
596 2608
597 2621
598 2830
599 2778
600 3025
601 3026
602 2961
603 3221
604 3307
605 3484
606 3454
607 3599
608 3864
609 3898
610 3982
611 3967
612 4176
613 4296
614 4410
615 4493
616 4694
617 4822
618 4853
619 4824
620 5179
621 5299
622 5404
623 5609
624 5555
625 5771
626 5796
627 5894
628 6116
629 6079
630 6350
631 6467
632 6552
633 6591
634 6687
635 6712
636 6976
637 7056
638 7152
639 7365
640 7477
641 7289
642 7396
643 7423
644 7769
645 7692
646 7961
647 7887
648 7948
649 7996
650 7980
651 8286
652 8329
653 8282
654 8480
655 8497
656 8656
657 8500
658 8481
659 8707
660 8563
661 8725
662 8665
663 8653
664 8588
665 8926
666 8775
667 8561
668 8857
669 8745
670 8569
671 8618
672 8473
673 8504
674 8669
675 8483
676 8645
677 8450
678 8547
679 8336
680 8587
681 8358
682 8235
683 8204
684 8215
685 8085
686 7984
687 7872
688 7946
689 7738
690 7768
691 7355
692 7425
693 7320
694 7249
695 7196
696 7140
697 7019
698 6940
699 6847
700 6664
701 6633
702 6548
703 6414
704 6235
705 6248
706 6195
707 6150
708 5801
709 5860
710 5627
711 5472
712 5454
713 5246
714 5176
715 5091
716 5089
717 4690
718 4737
719 4599
720 4526
721 4546
722 4199
723 4146
724 4231
725 3956
726 3774
727 3914
728 3694
729 3657
730 3448
731 3319
732 3226
733 3104
734 3052
735 2887
736 2872
737 2752
738 2669
739 2528
740 2498
741 2513
742 2325
743 2281
744 2222
745 2046
746 2047
747 1892
748 1910
749 1846
750 1731
751 1651
752 1613
753 1562
754 1485
755 1517
756 1379
757 1299
758 1280
759 1192
760 1103
761 1096
762 1055
763 989
764 936
765 914
766 860
767 873
768 794
769 717
770 766
771 718
772 701
773 635
774 615
775 520
776 543
777 532
778 488
779 486
780 422
781 446
782 410
783 367
784 344
785 347
786 340
787 296
788 293
789 251
790 256
791 246
792 242
793 224
794 207
795 175
796 197
797 176
798 174
799 148
800 138
801 139
802 130
803 126
804 116
805 110
806 84
807 73
808 74
809 73
810 85
811 71
812 55
813 68
814 54
815 40
816 50
817 52
818 48
819 34
820 39
821 23
822 34
823 36
824 29
825 28
826 26
827 17
828 19
829 20
830 12
831 9
832 9
833 13
834 15
835 8
836 10
837 8
838 8
839 3
840 3
841 6
842 7
843 5
844 7
845 5
846 4
847 4
848 2
849 5
850 3
851 4
852 2
853 4
854 3
855 3
856 0
857 1
858 1
859 1
860 3
861 0
862 2
863 0
864 1
865 1
866 0
867 1
868 0
869 1
870 0
871 1
872 0
873 1
874 0
875 2
876 0
877 0
878 0
879 0
880 1
881 0
882 0
883 0
884 0
885 0
886 0
887 0
888 0
889 0
890 0
891 0
892 0
893 0
894 0
895 0
896 0
897 0
898 0
899 0
900 0
901 0
902 0
903 0
904 0
905 0
906 0
907 0
908 0
909 0
910 0
911 0
912 0
913 0
914 0
915 0
916 0
917 0
918 0
919 0
920 0
921 0
922 0
923 0
924 0
925 0
926 0
927 0
928 0
929 0
930 0
931 0
932 0
933 0
934 0
935 0
936 0
937 0
938 0
939 0
940 0
941 0
942 0
943 0
944 0
945 0
946 0
947 0
948 0
949 0
950 0
951 0
952 0
953 0
954 0
955 0
956 0
957 0
958 0
959 0
960 0
961 0
962 0
963 0
964 0
965 0
966 0
967 0
968 0
969 0
970 0
971 0
972 0
973 0
974 0
975 0
976 0
977 0
978 0
979 0
980 0
981 0
982 0
983 0
984 0
985 0
986 0
987 0
988 0
989 0
990 0
991 0
992 0
993 0
994 0
995 0
996 0
997 0
998 0
999 0
1000 0
1001 0
1002 0
1003 0
1004 0
1005 0
1006 0
1007 0
1008 0
1009 0
1010 0
1011 0
1012 0
1013 0
1014 0
1015 0
1016 0
1017 0
1018 0
1019 0
1020 0
1021 0
1022 0
1023 0
1024 0
1025 0
1026 0
1027 0
1028 0
1029 0
1030 0
1031 0
1032 0
1033 0
1034 0
1035 0
1036 0
1037 0
1038 0
1039 0
1040 0
1041 0
1042 0
1043 0
1044 0
1045 0
1046 0
1047 0
1048 0
1049 0
1050 0
1051 0
1052 0
1053 0
1054 0
1055 0
1056 0
1057 0
1058 0
1059 0
1060 0
1061 0
1062 0
1063 0
1064 0
1065 0
1066 0
1067 0
1068 0
1069 0
1070 0
1071 0
1072 0
1073 0
1074 0
1075 0
1076 0
1077 0
1078 0
1079 0
1080 0
1081 0
1082 0
1083 0
1084 0
1085 0
1086 0
1087 0
1088 0
1089 0
1090 0
1091 0
1092 0
1093 0
1094 0
1095 0
1096 0
1097 0
1098 0
1099 0
1100 0
1101 0
1102 0
1103 0
1104 0
1105 0
1106 0
1107 0
1108 0
1109 0
1110 0
1111 0
1112 0
1113 0
1114 0
1115 0
1116 0
1117 0
1118 0
1119 0
1120 0
1121 0
1122 0
1123 0
1124 0
1125 0
1126 0
1127 0
1128 0
1129 0
1130 0
1131 0
1132 0
1133 0
1134 0
1135 0
1136 0
1137 0
1138 0
1139 0
1140 0
1141 0
1142 0
1143 0
1144 0
1145 0
1146 0
1147 0
1148 0
1149 0
1150 0
1151 0
1152 0
1153 0
1154 0
1155 0
1156 0
1157 0
1158 0
1159 0
1160 0
1161 0
1162 0
1163 0
1164 0
1165 0
1166 0
1167 0
1168 0
1169 0
1170 0
1171 0
1172 0
1173 0
1174 0
1175 0
1176 0
1177 0
1178 0
1179 0
1180 0
1181 0
1182 0
1183 0
1184 0
1185 0
1186 0
1187 0
1188 0
1189 0
1190 0
1191 0
1192 0
1193 0
1194 0
1195 0
1196 0
1197 0
1198 0
1199 0
1200 0
1201 0
1202 0
1203 0
1204 0
1205 0
1206 0
1207 0
1208 0
1209 0
1210 0
1211 0
1212 0
1213 0
1214 0
1215 0
1216 0
1217 0
1218 0
1219 0
1220 0
1221 0
1222 0
1223 0
1224 0
1225 0
1226 0
1227 0
1228 0
1229 0
1230 0
1231 0
1232 0
1233 0
1234 0
1235 0
1236 0
1237 0
1238 0
1239 0
1240 0
1241 0
1242 0
1243 0
1244 0
1245 0
1246 0
1247 0
1248 0
1249 0
1250 0
1251 0
1252 0
1253 0
1254 0
1255 0
1256 0
1257 0
1258 0
1259 0
1260 0
