0 0
1 0
2 0
3 0
4 0
5 0
6 0
7 0
8 0
9 0
10 0
11 0
12 0
13 0
14 0
15 0
16 0
17 0
18 0
19 0
20 0
21 0
22 0
23 0
24 0
25 0
26 0
27 0
28 0
29 0
30 0
31 0
32 0
33 0
34 0
35 0
36 0
37 0
38 0
39 0
40 0
41 0
42 0
43 0
44 0
45 0
46 0
47 0
48 0
49 0
50 0
51 0
52 0
53 0
54 0
55 0
56 0
57 0
58 0
59 0
60 0
61 0
62 0
63 0
64 0
65 0
66 0
67 0
68 0
69 0
70 0
71 0
72 0
73 0
74 0
75 0
76 0
77 0
78 0
79 0
80 0
81 0
82 0
83 0
84 0
85 0
86 0
87 0
88 0
89 0
90 0
91 0
92 0
93 0
94 0
95 0
96 0
97 0
98 0
99 0
100 0
101 0
102 0
103 0
104 0
105 0
106 0
107 0
108 0
109 0
110 0
111 0
112 0
113 0
114 0
115 0
116 0
117 0
118 0
119 0
120 0
121 0
122 0
123 0
124 0
125 0
126 0
127 0
128 0
129 0
130 0
131 0
132 0
133 0
134 0
135 0
136 0
137 0
138 0
139 0
140 0
141 0
142 0
143 0
144 0
145 0
146 0
147 0
148 0
149 0
150 0
151 0
152 0
153 0
154 0
155 0
156 0
157 0
158 0
159 0
160 0
161 0
162 0
163 0
164 0
165 0
166 0
167 0
168 0
169 0
170 0
171 0
172 0
173 0
174 0
175 0
176 0
177 0
178 0
179 0
180 0
181 0
182 0
183 0
184 0
185 0
186 0
187 0
188 0
189 0
190 0
191 0
192 0
193 0
194 0
195 0
196 0
197 0
198 0
199 0
200 0
201 0
202 0
203 0
204 0
205 0
206 0
207 0
208 0
209 0
210 0
211 0
212 0
213 0
214 0
215 0
216 0
217 0
218 0
219 0
220 0
221 0
222 0
223 0
224 0
225 0
226 0
227 0
228 0
229 0
230 0
231 0
232 0
233 0
234 0
235 0
236 0
237 0
238 0
239 0
240 0
241 0
242 0
243 0
244 0
245 0
246 0
247 0
248 0
249 0
250 0
251 0
252 0
253 0
254 0
255 0
256 0
257 0
258 0
259 0
260 0
261 0
262 0
263 0
264 0
265 0
266 0
267 0
268 0
269 0
270 0
271 0
272 0
273 0
274 0
275 0
276 0
277 0
278 0
279 0
280 0
281 0
282 0
283 0
284 0
285 0
286 0
287 0
288 0
289 0
290 0
291 0
292 0
293 0
294 0
295 0
296 0
297 0
298 0
299 0
300 0
301 0
302 0
303 0
304 0
305 0
306 0
307 0
308 0
309 0
310 0
311 0
312 0
313 0
314 0
315 0
316 0
317 0
318 0
319 0
320 0
321 0
322 0
323 0
324 0
325 0
326 0
327 0
328 0
329 0
330 0
331 0
332 0
333 0
334 0
335 0
336 0
337 0
338 0
339 0
340 0
341 0
342 0
343 0
344 0
345 0
346 0
347 0
348 0
349 0
350 0
351 0
352 0
353 0
354 0
355 0
356 0
357 0
358 0
359 0
360 0
361 0
362 0
363 0
364 0
365 0
366 0
367 0
368 0
369 0
370 0
371 0
372 0
373 0
374 0
375 0
376 0
377 0
378 0
379 0
380 0
381 0
382 0
383 0
384 0
385 0
386 0
387 0
388 0
389 0
390 0
391 0
392 0
393 0
394 0
395 0
396 0
397 0
398 0
399 0
400 0
401 0
402 0
403 0
404 0
405 0
406 0
407 0
408 0
409 0
410 0
411 0
412 0
413 0
414 0
415 0
416 0
417 0
418 0
419 0
420 0
421 0
422 0
423 0
424 0
425 0
426 0
427 0
428 0
429 0
430 0
431 0
432 0
433 0
434 0
435 0
436 0
437 0
438 0
439 0
440 0
441 0
442 0
443 0
444 0
445 0
446 0
447 0
448 0
449 0
450 0
451 0
452 0
453 0
454 0
455 0
456 0
457 0
458 0
459 0
460 0
461 0
462 0
463 0
464 0
465 0
466 0
467 0
468 0
469 0
470 0
471 0
472 0
473 0
474 0
475 0
476 0
477 0
478 0
479 0
480 0
481 0
482 0
483 0
484 0
485 0
486 0
487 0
488 0
489 0
490 0
491 0
492 0
493 0
494 0
495 0
496 0
497 0
498 0
499 0
500 0
501 0
502 0
503 0
504 0
505 0
506 0
507 0
508 0
509 0
510 0
511 0
512 0
513 0
514 0
515 0
516 0
517 0
518 0
519 0
520 0
521 0
522 0
523 0
524 0
525 0
526 0
527 0
528 0
529 0
530 0
531 0
532 0
533 0
534 0
535 0
536 0
537 0
538 0
539 0
540 0
541 0
542 0
543 0
544 0
545 0
546 0
547 0
548 0
549 0
550 0
551 0
552 0
553 0
554 0
555 0
556 0
557 0
558 0
559 0
560 0
561 0
562 0
563 0
564 0
565 0
566 0
567 0
568 0
569 0
570 0
571 0
572 0
573 0
574 0
575 0
576 0
577 0
578 0
579 0
580 0
581 0
582 0
583 0
584 0
585 0
586 0
587 0
588 0
589 0
590 0
591 0
592 0
593 0
594 0
595 0
596 0
597 0
598 0
599 0
600 0
601 0
602 0
603 0
604 0
605 0
606 0
607 0
608 0
609 0
610 0
611 0
612 0
613 0
614 0
615 0
616 0
617 0
618 0
619 0
620 0
621 0
622 0
623 0
624 0
625 0
626 0
627 0
628 0
629 0
630 0
631 0
632 0
633 0
634 0
635 0
636 0
637 0
638 0
639 0
640 0
641 0
642 0
643 0
644 0
645 0
646 0
647 0
648 0
649 0
650 0
651 0
652 0
653 0
654 0
655 0
656 0
657 0
658 0
659 0
660 0
661 0
662 0
663 0
664 0
665 0
666 0
667 0
668 0
669 0
670 0
671 0
672 0
673 0
674 0
675 0
676 0
677 0
678 0
679 0
680 0
681 0
682 0
683 0
684 0
685 0
686 0
687 0
688 0
689 0
690 0
691 0
692 0
693 0
694 0
695 0
696 0
697 0
698 0
699 0
700 0
701 0
702 0
703 0
704 0
705 0
706 0
707 0
708 0
709 0
710 0
711 0
712 0
713 0
714 0
715 0
716 0
717 0
718 0
719 0
720 0
721 0
722 0
723 0
724 0
725 0
726 0
727 0
728 0
729 0
730 0
731 0
732 0
733 0
734 0
735 0
736 1
737 0
738 0
739 0
740 0
741 0
742 0
743 0
744 0
745 0
746 0
747 0
748 0
749 0
750 0
751 0
752 0
753 0
754 0
755 0
756 0
757 1
758 1
759 0
760 0
761 1
762 0
763 0
764 0
765 0
766 0
767 0
768 1
769 0
770 0
771 0
772 1
773 0
774 1
775 1
776 1
777 1
778 0
779 0
780 2
781 1
782 1
783 2
784 1
785 3
786 0
787 1
788 1
789 0
790 0
791 1
792 1
793 1
794 0
795 1
796 5
797 1
798 2
799 5
800 8
801 6
802 6
803 9
804 7
805 11
806 9
807 5
808 7
809 15
810 10
811 10
812 13
813 15
814 17
815 15
816 18
817 15
818 23
819 16
820 12
821 15
822 21
823 24
824 29
825 33
826 39
827 29
828 35
829 41
830 31
831 37
832 36
833 43
834 40
835 43
836 55
837 53
838 57
839 48
840 62
841 71
842 73
843 71
844 66
845 73
846 91
847 96
848 82
849 109
850 112
851 124
852 138
853 106
854 135
855 131
856 143
857 147
858 148
859 167
860 171
861 198
862 198
863 217
864 211
865 237
866 231
867 252
868 249
869 283
870 270
871 282
872 344
873 333
874 379
875 374
876 415
877 423
878 440
879 409
880 468
881 515
882 518
883 508
884 528
885 560
886 628
887 619
888 619
889 687
890 693
891 726
892 770
893 810
894 815
895 856
896 953
897 963
898 985
899 1018
900 1021
901 1080
902 1170
903 1130
904 1225
905 1175
906 1236
907 1249
908 1365
909 1368
910 1501
911 1574
912 1497
913 1586
914 1606
915 1709
916 1674
917 1730
918 1870
919 1847
920 1955
921 2150
922 2096
923 2236
924 2240
925 2294
926 2300
927 2414
928 2493
929 2571
930 2574
931 2642
932 2819
933 2971
934 2820
935 2784
936 3042
937 3036
938 3201
939 3225
940 3253
941 3452
942 3568
943 3532
944 3579
945 3614
946 3871
947 3950
948 3957
949 4073
950 4034
951 4119
952 4212
953 4390
954 4609
955 4523
956 4548
957 4625
958 4822
959 4687
960 4914
961 4947
962 4988
963 5001
964 5243
965 5285
966 5314
967 5426
968 5407
969 5624
970 5736
971 5691
972 5756
973 5773
974 5918
975 5983
976 5992
977 6094
978 6015
979 6241
980 6205
981 6242
982 6402
983 6298
984 6419
985 6635
986 6568
987 6689
988 6615
989 6746
990 6885
991 6853
992 6909
993 6937
994 6987
995 6931
996 6914
997 7080
998 7045
999 6859
1000 7115
1001 7018
1002 7150
1003 7089
1004 7106
1005 7066
1006 6955
1007 7294
1008 7234
1009 6993
1010 7238
1011 7120
1012 7104
1013 7220
1014 7166
1015 7039
1016 7087
1017 7082
1018 7143
1019 7071
1020 7015
1021 7084
1022 7081
1023 6964
1024 7004
1025 6867
1026 6765
1027 6703
1028 6814
1029 6721
1030 6785
1031 6645
1032 6558
1033 6450
1034 6331
1035 6354
1036 6399
1037 6414
1038 6154
1039 6162
1040 6220
1041 6136
1042 6179
1043 5899
1044 6039
1045 5793
1046 5775
1047 5667
1048 5680
1049 5584
1050 5588
1051 5383
1052 5394
1053 5096
1054 5213
1055 5061
1056 5082
1057 4909
1058 4789
1059 4768
1060 4784
1061 4651
1062 4553
1063 4449
1064 4254
1065 4378
1066 4324
1067 4202
1068 4039
1069 4064
1070 4076
1071 3824
1072 3660
1073 3602
1074 3608
1075 3598
1076 3529
1077 3479
1078 3382
1079 3336
1080 3141
1081 3119
1082 3065
1083 2961
1084 2918
1085 2901
1086 2723
1087 2758
1088 2621
1089 2499
1090 2468
1091 2394
1092 2393
1093 2296
1094 2255
1095 2239
1096 2099
1097 2080
1098 2024
1099 1926
1100 1846
1101 1774
1102 1787
1103 1765
1104 1631
1105 1732
1106 1632
1107 1544
1108 1483
1109 1479
1110 1316
1111 1320
1112 1374
1113 1294
1114 1223
1115 1116
1116 1145
1117 1088
1118 1083
1119 1018
1120 975
1121 955
1122 958
1123 867
1124 858
1125 838
1126 805
1127 757
1128 763
1129 696
1130 692
1131 687
1132 690
1133 573
1134 559
1135 559
1136 560
1137 528
1138 481
1139 455
1140 484
1141 450
1142 403
1143 403
1144 417
1145 370
1146 336
1147 327
1148 284
1149 329
1150 293
1151 266
1152 299
1153 249
1154 272
1155 233
1156 228
1157 214
1158 218
1159 176
1160 184
1161 168
1162 163
1163 177
1164 156
1165 146
1166 147
1167 131
1168 126
1169 108
1170 109
1171 107
1172 116
1173 96
1174 95
1175 73
1176 74
1177 64
1178 63
1179 91
1180 71
1181 75
1182 63
1183 67
1184 62
1185 52
1186 56
1187 47
1188 36
1189 35
1190 43
1191 38
1192 44
1193 27
1194 29
1195 29
1196 31
1197 25
1198 25
1199 32
1200 16
1201 23
1202 17
1203 12
1204 25
1205 18
1206 10
1207 8
1208 12
1209 12
1210 10
1211 9
1212 7
1213 9
1214 9
1215 8
1216 7
1217 8
1218 4
1219 10
1220 5
1221 8
1222 4
1223 5
1224 3
1225 3
1226 4
1227 1
1228 4
1229 2
1230 2
1231 4
1232 5
1233 4
1234 2
1235 3
1236 2
1237 2
1238 0
1239 1
1240 2
1241 2
1242 1
1243 2
1244 3
1245 2
1246 1
1247 1
1248 2
1249 2
1250 0
1251 1
1252 0
1253 0
1254 0
1255 0
1256 0
1257 0
1258 0
1259 1
1260 0
1261 1
1262 1
1263 0
1264 0
1265 0
1266 0
1267 0
1268 0
1269 0
1270 0
1271 0
1272 0
1273 0
1274 0
1275 0
1276 0
1277 0
1278 0
1279 0
1280 0
1281 0
1282 0
1283 0
1284 0
1285 0
1286 0
1287 0
1288 0
1289 0
1290 0
1291 0
1292 0
1293 0
1294 0
1295 0
1296 0
1297 0
1298 0
1299 0
1300 0
1301 0
1302 0
1303 0
1304 0
1305 0
1306 0
1307 0
1308 0
1309 0
1310 0
1311 0
1312 0
1313 0
1314 0
1315 0
1316 0
1317 0
1318 0
1319 0
1320 0
1321 0
1322 0
1323 0
1324 0
1325 0
1326 0
1327 0
1328 0
1329 0
1330 0
1331 0
1332 0
1333 0
1334 0
1335 0
1336 0
1337 0
1338 0
1339 0
1340 0
1341 0
1342 0
1343 0
1344 0
1345 0
1346 0
1347 0
1348 0
1349 0
1350 0
1351 0
1352 0
1353 0
1354 0
1355 0
1356 0
1357 0
1358 0
1359 0
1360 0
1361 0
1362 0
1363 0
1364 0
1365 0
1366 0
1367 0
1368 0
1369 0
1370 0
1371 0
1372 0
1373 0
1374 0
1375 0
1376 0
1377 0
1378 0
1379 0
1380 0
1381 0
1382 0
1383 0
1384 0
1385 0
1386 0
1387 0
1388 0
1389 0
1390 0
1391 0
1392 0
1393 0
1394 0
1395 0
1396 0
1397 0
1398 0
1399 0
1400 0
1401 0
1402 0
1403 0
1404 0
1405 0
1406 0
1407 0
1408 0
1409 0
1410 0
1411 0
1412 0
1413 0
1414 0
1415 0
1416 0
1417 0
1418 0
1419 0
1420 0
1421 0
1422 0
1423 0
1424 0
1425 0
1426 0
1427 0
1428 0
1429 0
1430 0
1431 0
1432 0
1433 0
1434 0
1435 0
1436 0
1437 0
1438 0
1439 0
1440 0
1441 0
1442 0
1443 0
1444 0
1445 0
1446 0
1447 0
1448 0
1449 0
1450 0
1451 0
1452 0
1453 0
1454 0
1455 0
1456 0
1457 0
1458 0
1459 0
1460 0
1461 0
1462 0
1463 0
1464 0
1465 0
1466 0
1467 0
1468 0
1469 0
1470 0
1471 0
1472 0
1473 0
1474 0
1475 0
1476 0
1477 0
1478 0
1479 0
1480 0
1481 0
1482 0
1483 0
1484 0
1485 0
1486 0
1487 0
1488 0
1489 0
1490 0
1491 0
1492 0
1493 0
1494 0
1495 0
1496 0
1497 0
1498 0
1499 0
1500 0
1501 0
1502 0
1503 0
1504 0
1505 0
1506 0
1507 0
1508 0
1509 0
1510 0
1511 0
1512 0
1513 0
1514 0
1515 0
1516 0
1517 0
1518 0
1519 0
1520 0
1521 0
1522 0
1523 0
1524 0
1525 0
1526 0
1527 0
1528 0
1529 0
1530 0
1531 0
1532 0
1533 0
1534 0
1535 0
1536 0
1537 0
1538 0
1539 0
1540 0
1541 0
1542 0
1543 0
1544 0
1545 0
1546 0
1547 0
1548 0
1549 0
1550 0
1551 0
1552 0
1553 0
1554 0
1555 0
1556 0
1557 0
1558 0
1559 0
1560 0
1561 0
1562 0
1563 0
1564 0
1565 0
1566 0
1567 0
1568 0
1569 0
1570 0
1571 0
1572 0
1573 0
1574 0
1575 0
1576 0
1577 0
1578 0
1579 0
1580 0
1581 0
1582 0
1583 0
1584 0
1585 0
1586 0
1587 0
1588 0
1589 0
1590 0
1591 0
1592 0
1593 0
1594 0
1595 0
1596 0
1597 0
1598 0
1599 0
1600 0
1601 0
1602 0
1603 0
1604 0
1605 0
1606 0
1607 0
1608 0
1609 0
1610 0
1611 0
1612 0
1613 0
1614 0
1615 0
1616 0
1617 0
1618 0
1619 0
1620 0
1621 0
1622 0
1623 0
1624 0
1625 0
1626 0
1627 0
1628 0
1629 0
1630 0
1631 0
1632 0
1633 0
1634 0
1635 0
1636 0
1637 0
1638 0
1639 0
1640 0
1641 0
1642 0
1643 0
1644 0
1645 0
1646 0
1647 0
1648 0
1649 0
1650 0
1651 0
1652 0
1653 0
1654 0
1655 0
1656 0
1657 0
1658 0
1659 0
1660 0
1661 0
1662 0
1663 0
1664 0
1665 0
1666 0
1667 0
1668 0
1669 0
1670 0
1671 0
1672 0
1673 0
1674 0
1675 0
1676 0
1677 0
1678 0
1679 0
1680 0
1681 0
1682 0
1683 0
1684 0
1685 0
1686 0
1687 0
1688 0
1689 0
1690 0
1691 0
1692 0
1693 0
1694 0
1695 0
1696 0
1697 0
1698 0
1699 0
1700 0
1701 0
1702 0
1703 0
1704 0
1705 0
1706 0
1707 0
1708 0
1709 0
1710 0
1711 0
1712 0
1713 0
1714 0
1715 0
1716 0
1717 0
1718 0
1719 0
1720 0
1721 0
1722 0
1723 0
1724 0
1725 0
1726 0
1727 0
1728 0
1729 0
1730 0
1731 0
1732 0
1733 0
1734 0
1735 0
1736 0
1737 0
1738 0
1739 0
1740 0
1741 0
1742 0
1743 0
1744 0
1745 0
1746 0
1747 0
1748 0
1749 0
1750 0
1751 0
1752 0
1753 0
1754 0
1755 0
1756 0
1757 0
1758 0
1759 0
1760 0
1761 0
1762 0
1763 0
1764 0
1765 0
1766 0
1767 0
1768 0
1769 0
1770 0
1771 0
1772 0
1773 0
1774 0
1775 0
1776 0
1777 0
1778 0
1779 0
1780 0
1781 0
1782 0
1783 0
1784 0
1785 0
1786 0
1787 0
1788 0
1789 0
1790 0
1791 0
1792 0
1793 0
1794 0
1795 0
1796 0
1797 0
1798 0
1799 0
1800 0
1801 0
1802 0
1803 0
1804 0
1805 0
1806 0
1807 0
1808 0
1809 0
1810 0
1811 0
1812 0
1813 0
1814 0
1815 0
1816 0
1817 0
1818 0
1819 0
1820 0
1821 0
1822 0
1823 0
1824 0
1825 0
1826 0
1827 0
1828 0
1829 0
1830 0
1831 0
1832 0
1833 0
1834 0
1835 0
1836 0
1837 0
1838 0
1839 0
1840 0
1841 0
1842 0
1843 0
1844 0
1845 0
1846 0
1847 0
1848 0
1849 0
1850 0
1851 0
1852 0
1853 0
1854 0
1855 0
1856 0
1857 0
1858 0
1859 0
1860 0
1861 0
1862 0
1863 0
1864 0
1865 0
1866 0
1867 0
1868 0
1869 0
1870 0
1871 0
1872 0
1873 0
1874 0
1875 0
1876 0
1877 0
1878 0
1879 0
1880 0
1881 0
1882 0
1883 0
1884 0
1885 0
1886 0
1887 0
1888 0
1889 0
1890 0
1891 0
1892 0
1893 0
1894 0
1895 0
1896 0
1897 0
1898 0
1899 0
1900 0
1901 0
1902 0
1903 0
1904 0
1905 0
1906 0
1907 0
1908 0
1909 0
1910 0
1911 0
1912 0
1913 0
1914 0
1915 0
1916 0
1917 0
1918 0
1919 0
1920 93430
