0 0
1 0
2 0
3 0
4 0
5 0
6 0
7 0
8 0
9 0
10 0
11 0
12 0
13 0
14 0
15 0
16 0
17 0
18 0
19 0
20 0
21 0
22 0
23 0
24 0
25 0
26 0
27 0
28 0
29 0
30 0
31 0
32 0
33 0
34 0
35 0
36 0
37 0
38 0
39 0
40 0
41 0
42 0
43 0
44 0
45 0
46 0
47 0
48 0
49 0
50 0
51 0
52 0
53 0
54 0
55 0
56 0
57 0
58 0
59 0
60 0
61 0
62 0
63 0
64 0
65 0
66 0
67 0
68 0
69 0
70 0
71 0
72 0
73 0
74 0
75 0
76 0
77 0
78 0
79 0
80 0
81 0
82 0
83 0
84 0
85 0
86 0
87 0
88 0
89 0
90 0
91 0
92 0
93 0
94 0
95 0
96 0
97 0
98 0
99 0
100 0
101 0
102 0
103 0
104 0
105 0
106 0
107 0
108 0
109 0
110 0
111 0
112 0
113 0
114 0
115 0
116 0
117 0
118 0
119 0
120 0
121 0
122 0
123 0
124 0
125 0
126 0
127 0
128 0
129 0
130 0
131 0
132 0
133 0
134 0
135 0
136 0
137 0
138 0
139 0
140 0
141 0
142 0
143 0
144 0
145 0
146 0
147 0
148 0
149 0
150 0
151 0
152 0
153 0
154 0
155 0
156 0
157 0
158 0
159 0
160 0
161 0
162 0
163 0
164 0
165 0
166 0
167 0
168 0
169 0
170 0
171 0
172 0
173 0
174 0
175 0
176 0
177 0
178 0
179 0
180 0
181 0
182 0
183 0
184 0
185 0
186 0
187 0
188 0
189 0
190 0
191 0
192 0
193 0
194 0
195 0
196 0
197 0
198 0
199 0
200 0
201 0
202 0
203 0
204 0
205 0
206 0
207 0
208 0
209 0
210 0
211 0
212 0
213 0
214 0
215 0
216 0
217 0
218 0
219 0
220 0
221 0
222 0
223 0
224 0
225 0
226 0
227 0
228 0
229 0
230 0
231 0
232 0
233 0
234 0
235 0
236 0
237 0
238 0
239 0
240 0
241 0
242 0
243 0
244 0
245 0
246 0
247 0
248 0
249 0
250 0
251 0
252 0
253 0
254 0
255 0
256 0
257 0
258 0
259 0
260 0
261 0
262 0
263 0
264 0
265 0
266 0
267 0
268 0
269 0
270 0
271 0
272 0
273 0
274 0
275 0
276 0
277 0
278 0
279 0
280 0
281 0
282 0
283 0
284 0
285 0
286 0
287 0
288 0
289 0
290 0
291 0
292 0
293 0
294 0
295 0
296 0
297 0
298 0
299 0
300 0
301 0
302 0
303 0
304 0
305 0
306 0
307 0
308 0
309 0
310 0
311 0
312 0
313 0
314 0
315 0
316 0
317 0
318 0
319 0
320 0
321 0
322 0
323 0
324 0
325 0
326 0
327 0
328 0
329 0
330 0
331 0
332 0
333 0
334 0
335 0
336 0
337 0
338 0
339 0
340 0
341 0
342 0
343 0
344 0
345 0
346 0
347 0
348 0
349 0
350 0
351 0
352 0
353 0
354 0
355 0
356 0
357 0
358 0
359 0
360 0
361 0
362 0
363 0
364 0
365 0
366 0
367 0
368 0
369 0
370 0
371 0
372 0
373 0
374 0
375 0
376 0
377 0
378 0
379 0
380 0
381 1
382 0
383 0
384 0
385 0
386 0
387 0
388 0
389 0
390 0
391 0
392 0
393 0
394 0
395 0
396 1
397 1
398 0
399 0
400 0
401 0
402 0
403 1
404 0
405 0
406 0
407 0
408 0
409 1
410 1
411 1
412 2
413 0
414 2
415 0
416 2
417 3
418 1
419 4
420 2
421 3
422 3
423 2
424 5
425 5
426 3
427 3
428 5
429 5
430 9
431 6
432 6
433 6
434 6
435 5
436 10
437 12
438 12
439 8
440 11
441 13
442 17
443 17
444 25
445 26
446 22
447 28
448 46
449 22
450 42
451 27
452 39
453 38
454 41
455 43
456 52
457 65
458 71
459 73
460 77
461 79
462 90
463 85
464 104
465 97
466 109
467 145
468 164
469 159
470 160
471 215
472 201
473 182
474 185
475 228
476 275
477 263
478 322
479 293
480 319
481 335
482 364
483 358
484 387
485 463
486 479
487 509
488 527
489 570
490 599
491 701
492 707
493 731
494 749
495 769
496 901
497 898
498 869
499 982
500 1031
501 1135
502 1159
503 1269
504 1261
505 1319
506 1426
507 1458
508 1575
509 1611
510 1706
511 1800
512 1782
513 1893
514 2043
515 2086
516 2249
517 2380
518 2460
519 2530
520 2576
521 2751
522 2900
523 2995
524 3076
525 3157
526 3321
527 3392
528 3615
529 3688
530 3737
531 3880
532 4026
533 4167
534 4329
535 4446
536 4644
537 4775
538 4941
539 5079
540 5236
541 5373
542 5563
543 5558
544 5823
545 5989
546 5987
547 6134
548 6355
549 6463
550 6665
551 6986
552 6794
553 7122
554 7342
555 7286
556 7543
557 7718
558 8056
559 8026
560 8201
561 8278
562 8315
563 8564
564 8710
565 8837
566 8938
567 8959
568 9085
569 9108
570 9211
571 9301
572 9457
573 9670
574 9613
575 9701
576 9685
577 9888
578 9944
579 10081
580 10055
581 10045
582 10123
583 10020
584 10141
585 10034
586 10283
587 10066
588 10058
589 10113
590 10020
591 9877
592 9770
593 9930
594 9892
595 9928
596 9602
597 9727
598 9544
599 9563
600 9371
601 9413
602 9135
603 9126
604 9258
605 9012
606 8938
607 8747
608 8604
609 8570
610 8510
611 8167
612 8068
613 7930
614 7854
615 7660
616 7506
617 7281
618 7133
619 7157
620 6865
621 6726
622 6705
623 6531
624 6424
625 6138
626 5961
627 5883
628 5823
629 5568
630 5244
631 5271
632 5147
633 4881
634 4702
635 4565
636 4459
637 4312
638 4245
639 3974
640 3916
641 3763
642 3605
643 3649
644 3307
645 3286
646 3145
647 3054
648 2858
649 2725
650 2692
651 2499
652 2404
653 2292
654 2226
655 2131
656 2058
657 1882
658 1729
659 1695
660 1678
661 1615
662 1449
663 1456
664 1306
665 1212
666 1184
667 1073
668 1073
669 1008
670 953
671 859
672 834
673 841
674 729
675 757
676 677
677 625
678 605
679 574
680 527
681 512
682 450
683 412
684 430
685 357
686 366
687 327
688 282
689 282
690 276
691 238
692 230
693 220
694 178
695 164
696 172
697 137
698 146
699 115
700 123
701 107
702 115
703 96
704 72
705 72
706 59
707 56
708 67
709 61
710 51
711 43
712 38
713 29
714 40
715 37
716 25
717 38
718 28
719 24
720 18
721 20
722 10
723 15
724 16
725 11
726 10
727 12
728 8
729 7
730 6
731 10
732 1
733 5
734 5
735 3
736 3
737 0
738 3
739 4
740 1
741 2
742 1
743 1
744 1
745 0
746 1
747 2
748 1
749 3
750 1
751 0
752 0
753 0
754 0
755 0
756 0
757 0
758 0
759 0
760 0
761 0
762 0
763 0
764 0
765 0
766 0
767 0
768 1
769 0
770 0
771 0
772 0
773 0
774 0
775 0
776 0
777 0
778 0
779 0
780 0
781 0
782 0
783 0
784 0
785 0
786 0
787 0
788 0
789 0
790 0
791 0
792 0
793 0
794 0
795 0
796 0
797 0
798 0
799 0
800 0
801 0
802 0
803 0
804 0
805 0
806 0
807 0
808 0
809 0
810 0
811 0
812 0
813 0
814 0
815 0
816 0
817 0
818 0
819 0
820 0
821 0
822 0
823 0
824 0
825 0
826 0
827 0
828 0
829 0
830 0
831 0
832 0
833 0
834 0
835 0
836 0
837 0
838 0
839 0
840 0
841 0
842 0
843 0
844 0
845 0
846 0
847 0
848 0
849 0
850 0
851 0
852 0
853 0
854 0
855 0
856 0
857 0
858 0
859 0
860 0
861 0
862 0
863 0
864 0
865 0
866 0
867 0
868 0
869 0
870 0
871 0
872 0
873 0
874 0
875 0
876 0
877 0
878 0
879 0
880 0
881 0
882 0
883 0
884 0
885 0
886 0
887 0
888 0
889 0
890 0
891 0
892 0
893 0
894 0
895 0
896 0
897 0
898 0
899 0
900 0
901 0
902 0
903 0
904 0
905 0
906 0
907 0
908 0
909 0
910 0
911 0
912 0
913 0
914 0
915 0
916 0
917 0
918 0
919 0
920 0
921 0
922 0
923 0
924 0
925 0
926 0
927 0
928 0
929 0
930 0
931 0
932 0
933 0
934 0
935 0
936 0
937 0
938 0
939 0
940 0
941 0
942 0
943 0
944 0
945 0
946 0
947 0
948 0
949 0
950 0
951 0
952 0
953 0
954 0
955 0
956 0
957 0
958 0
959 0
960 0
961 0
962 0
963 0
964 0
965 0
966 0
967 0
968 0
969 0
970 0
971 0
972 0
973 0
974 0
975 0
976 0
977 0
978 0
979 0
980 0
981 0
982 0
983 0
984 0
985 0
986 0
987 0
988 0
989 0
990 0
991 0
992 0
993 0
994 0
995 0
996 0
997 0
998 0
999 0
1000 0
1001 0
1002 0
1003 0
1004 0
1005 0
1006 0
1007 0
1008 0
1009 0
1010 0
1011 0
1012 0
1013 0
1014 0
1015 0
1016 0
1017 0
1018 0
1019 0
1020 0
1021 0
1022 0
1023 0
1024 0
1025 0
1026 0
1027 0
1028 0
1029 0
1030 0
1031 0
1032 0
1033 0
1034 0
1035 0
1036 0
1037 0
1038 0
1039 0
1040 0
1041 0
1042 0
1043 0
1044 0
1045 0
1046 0
1047 0
1048 0
1049 0
1050 0
1051 0
1052 0
1053 0
1054 0
1055 0
1056 0
1057 0
1058 0
1059 0
1060 0
1061 0
1062 0
1063 0
1064 0
1065 0
1066 0
1067 0
1068 0
1069 0
1070 0
1071 0
1072 0
1073 0
1074 0
1075 0
1076 0
1077 0
1078 0
1079 0
1080 0
