0 0
1 0
2 0
3 0
4 0
5 0
6 0
7 0
8 0
9 0
10 0
11 0
12 0
13 0
14 0
15 0
16 0
17 0
18 0
19 0
20 0
21 0
22 0
23 0
24 0
25 0
26 0
27 0
28 0
29 0
30 0
31 0
32 0
33 0
34 0
35 0
36 0
37 0
38 0
39 0
40 0
41 0
42 0
43 0
44 0
45 0
46 0
47 0
48 0
49 0
50 0
51 0
52 0
53 0
54 0
55 0
56 0
57 0
58 0
59 0
60 0
61 0
62 0
63 0
64 0
65 0
66 0
67 0
68 0
69 0
70 0
71 0
72 0
73 0
74 0
75 0
76 0
77 0
78 0
79 0
80 0
81 0
82 0
83 0
84 0
85 0
86 0
87 0
88 0
89 0
90 0
91 0
92 0
93 0
94 0
95 0
96 0
97 0
98 0
99 0
100 0
101 0
102 0
103 0
104 0
105 0
106 0
107 0
108 0
109 0
110 0
111 0
112 0
113 0
114 0
115 0
116 0
117 0
118 0
119 0
120 0
121 0
122 0
123 0
124 0
125 0
126 0
127 0
128 0
129 0
130 0
131 0
132 0
133 0
134 0
135 0
136 0
137 0
138 0
139 0
140 0
141 0
142 0
143 0
144 0
145 0
146 0
147 0
148 0
149 0
150 0
151 0
152 0
153 0
154 0
155 0
156 0
157 0
158 0
159 0
160 0
161 0
162 0
163 0
164 0
165 0
166 0
167 0
168 0
169 0
170 0
171 0
172 0
173 0
174 0
175 0
176 0
177 0
178 0
179 0
180 0
181 0
182 0
183 0
184 0
185 0
186 0
187 0
188 0
189 0
190 0
191 0
192 0
193 0
194 0
195 0
196 0
197 0
198 0
199 0
200 0
201 0
202 0
203 0
204 0
205 0
206 0
207 0
208 0
209 0
210 0
211 0
212 0
213 0
214 0
215 0
216 0
217 0
218 0
219 0
220 0
221 0
222 0
223 0
224 0
225 0
226 0
227 0
228 0
229 0
230 0
231 0
232 0
233 0
234 0
235 0
236 0
237 0
238 0
239 0
240 0
241 0
242 0
243 0
244 0
245 0
246 0
247 0
248 0
249 0
250 0
251 0
252 0
253 0
254 0
255 0
256 0
257 0
258 0
259 0
260 0
261 0
262 0
263 0
264 0
265 0
266 0
267 0
268 0
269 0
270 0
271 0
272 0
273 0
274 0
275 0
276 0
277 0
278 0
279 0
280 0
281 0
282 0
283 0
284 0
285 0
286 0
287 0
288 0
289 0
290 0
291 0
292 0
293 0
294 0
295 0
296 0
297 0
298 0
299 0
300 0
301 0
302 0
303 0
304 0
305 0
306 0
307 0
308 0
309 0
310 0
311 0
312 0
313 0
314 0
315 0
316 0
317 0
318 0
319 0
320 0
321 0
322 0
323 0
324 0
325 0
326 0
327 0
328 0
329 0
330 0
331 0
332 0
333 0
334 0
335 0
336 0
337 0
338 0
339 0
340 0
341 0
342 0
343 0
344 0
345 0
346 0
347 0
348 0
349 0
350 0
351 0
352 0
353 0
354 0
355 0
356 0
357 0
358 0
359 0
360 0
361 0
362 0
363 0
364 0
365 0
366 1
367 0
368 0
369 0
370 0
371 0
372 0
373 0
374 0
375 0
376 0
377 0
378 0
379 0
380 0
381 0
382 0
383 0
384 0
385 0
386 0
387 0
388 0
389 0
390 0
391 0
392 0
393 0
394 0
395 0
396 0
397 0
398 0
399 0
400 0
401 0
402 1
403 0
404 0
405 1
406 2
407 1
408 0
409 1
410 1
411 1
412 0
413 2
414 1
415 2
416 2
417 1
418 1
419 0
420 3
421 4
422 4
423 4
424 3
425 2
426 5
427 9
428 4
429 8
430 6
431 6
432 6
433 12
434 9
435 7
436 9
437 10
438 10
439 12
440 12
441 19
442 23
443 25
444 20
445 25
446 21
447 22
448 18
449 23
450 26
451 43
452 49
453 51
454 36
455 43
456 66
457 50
458 52
459 64
460 92
461 75
462 90
463 106
464 104
465 119
466 126
467 112
468 129
469 134
470 194
471 191
472 199
473 233
474 211
475 233
476 236
477 276
478 296
479 310
480 339
481 344
482 371
483 416
484 396
485 432
486 463
487 531
488 513
489 605
490 654
491 624
492 691
493 759
494 738
495 800
496 877
497 979
498 975
499 1004
500 1141
501 1134
502 1241
503 1306
504 1314
505 1388
506 1465
507 1587
508 1629
509 1721
510 1781
511 1806
512 2002
513 2085
514 2132
515 2162
516 2326
517 2459
518 2546
519 2610
520 2672
521 2847
522 3028
523 3092
524 3287
525 3345
526 3539
527 3555
528 3619
529 3807
530 3992
531 4208
532 4172
533 4339
534 4537
535 4679
536 4766
537 5018
538 5105
539 5270
540 5381
541 5355
542 5732
543 5735
544 6015
545 6207
546 6199
547 6358
548 6458
549 6756
550 6918
551 6931
552 7146
553 7295
554 7304
555 7617
556 7585
557 7842
558 7757
559 8237
560 8298
561 8283
562 8448
563 8728
564 8691
565 8785
566 9054
567 9027
568 9188
569 9055
570 9306
571 9406
572 9393
573 9457
574 9601
575 9550
576 9699
577 9772
578 9886
579 9737
580 9936
581 9721
582 9771
583 10007
584 9996
585 9998
586 10012
587 9896
588 9907
589 9826
590 9753
591 9784
592 9771
593 9638
594 9700
595 9653
596 9673
597 9413
598 9332
599 9412
600 9345
601 9088
602 8922
603 9031
604 8947
605 8724
606 8936
607 8515
608 8394
609 8276
610 8156
611 8119
612 7943
613 7692
614 7501
615 7508
616 7181
617 7170
618 6814
619 6932
620 6667
621 6534
622 6576
623 6328
624 6116
625 6029
626 5867
627 5725
628 5689
629 5410
630 5261
631 5048
632 4774
633 4821
634 4592
635 4508
636 4331
637 4287
638 3977
639 3906
640 3921
641 3665
642 3610
643 3503
644 3402
645 3260
646 3057
647 2990
648 2861
649 2753
650 2693
651 2615
652 2390
653 2328
654 2191
655 2114
656 2033
657 1943
658 1807
659 1753
660 1717
661 1591
662 1539
663 1435
664 1380
665 1367
666 1270
667 1200
668 1142
669 1118
670 1005
671 1028
672 869
673 898
674 777
675 741
676 769
677 719
678 686
679 632
680 546
681 557
682 530
683 483
684 453
685 434
686 403
687 363
688 345
689 322
690 314
691 305
692 252
693 245
694 240
695 215
696 185
697 209
698 190
699 156
700 158
701 139
702 119
703 113
704 116
705 111
706 108
707 96
708 77
709 69
710 65
711 66
712 75
713 52
714 60
715 40
716 44
717 44
718 32
719 35
720 29
721 26
722 27
723 26
724 17
725 19
726 12
727 18
728 13
729 11
730 11
731 7
732 7
733 11
734 11
735 5
736 10
737 4
738 2
739 3
740 4
741 2
742 3
743 4
744 0
745 4
746 2
747 0
748 3
749 1
750 1
751 1
752 0
753 2
754 0
755 1
756 0
757 0
758 0
759 0
760 1
761 0
762 0
763 1
764 0
765 0
766 0
767 0
768 1
769 0
770 1
771 0
772 0
773 1
774 0
775 0
776 0
777 0
778 0
779 0
780 0
781 0
782 0
783 1
784 0
785 1
786 0
787 0
788 0
789 0
790 0
791 0
792 0
793 0
794 0
795 0
796 0
797 0
798 0
799 0
800 0
801 0
802 0
803 0
804 0
805 0
806 0
807 0
808 0
809 0
810 0
811 0
812 0
813 0
814 0
815 0
816 0
817 0
818 0
819 0
820 0
821 0
822 0
823 0
824 0
825 0
826 0
827 0
828 0
829 0
830 0
831 0
832 0
833 0
834 0
835 0
836 0
837 0
838 0
839 0
840 0
841 0
842 0
843 0
844 0
845 0
846 0
847 0
848 0
849 0
850 0
851 0
852 0
853 0
854 0
855 0
856 0
857 0
858 0
859 0
860 0
861 0
862 0
863 0
864 0
865 0
866 0
867 0
868 0
869 0
870 0
871 0
872 0
873 0
874 0
875 0
876 0
877 0
878 0
879 0
880 0
881 0
882 0
883 0
884 0
885 0
886 0
887 0
888 0
889 0
890 0
891 0
892 0
893 0
894 0
895 0
896 0
897 0
898 0
899 0
900 0
901 0
902 0
903 0
904 0
905 0
906 0
907 0
908 0
909 0
910 0
911 0
912 0
913 0
914 0
915 0
916 0
917 0
918 0
919 0
920 0
921 0
922 0
923 0
924 0
925 0
926 0
927 0
928 0
929 0
930 0
931 0
932 0
933 0
934 0
935 0
936 0
937 0
938 0
939 0
940 0
941 0
942 0
943 0
944 0
945 0
946 0
947 0
948 0
949 0
950 0
951 0
952 0
953 0
954 0
955 0
956 0
957 0
958 0
959 0
960 0
961 0
962 0
963 0
964 0
965 0
966 0
967 0
968 0
969 0
970 0
971 0
972 0
973 0
974 0
975 0
976 0
977 0
978 0
979 0
980 0
981 0
982 0
983 0
984 0
985 0
986 0
987 0
988 0
989 0
990 0
991 0
992 0
993 0
994 0
995 0
996 0
997 0
998 0
999 0
1000 0
1001 0
1002 0
1003 0
1004 0
1005 0
1006 0
1007 0
1008 0
1009 0
1010 0
1011 0
1012 0
1013 0
1014 0
1015 0
1016 0
1017 0
1018 0
1019 0
1020 0
1021 0
1022 0
1023 0
1024 0
1025 0
1026 0
1027 0
1028 0
1029 0
1030 0
1031 0
1032 0
1033 0
1034 0
1035 0
1036 0
1037 0
1038 0
1039 0
1040 0
1041 0
1042 0
1043 0
1044 0
1045 0
1046 0
1047 0
1048 0
1049 0
1050 0
1051 0
1052 0
1053 0
1054 0
1055 0
1056 0
1057 0
1058 0
1059 0
1060 0
1061 0
1062 0
1063 0
1064 0
1065 0
1066 0
1067 0
1068 0
1069 0
1070 0
1071 0
1072 0
1073 0
1074 0
1075 0
1076 0
1077 0
1078 0
1079 0
1080 0
1081 0
1082 0
1083 0
1084 0
1085 0
1086 0
1087 0
1088 0
1089 0
1090 0
1091 0
1092 0
1093 0
1094 0
1095 0
1096 0
1097 0
1098 0
1099 0
1100 0
1101 0
1102 0
1103 0
1104 0
1105 0
1106 0
1107 0
1108 0
1109 0
1110 0
1111 0
1112 0
1113 0
1114 0
1115 0
1116 0
1117 0
1118 0
1119 0
1120 0
1121 0
1122 0
1123 0
1124 0
1125 0
1126 0
1127 0
1128 0
1129 0
1130 0
1131 0
1132 0
1133 0
1134 0
1135 0
1136 0
1137 0
1138 0
1139 0
1140 0
