0 0
1 0
2 0
3 0
4 0
5 0
6 0
7 0
8 0
9 0
10 0
11 0
12 0
13 0
14 0
15 0
16 0
17 0
18 0
19 0
20 0
21 0
22 0
23 0
24 0
25 0
26 0
27 0
28 0
29 0
30 0
31 0
32 0
33 0
34 0
35 0
36 0
37 0
38 0
39 0
40 0
41 0
42 0
43 0
44 0
45 0
46 0
47 0
48 0
49 0
50 0
51 0
52 0
53 0
54 0
55 0
56 0
57 0
58 0
59 0
60 0
61 0
62 0
63 0
64 0
65 0
66 0
67 0
68 0
69 0
70 0
71 0
72 0
73 0
74 0
75 0
76 0
77 0
78 0
79 0
80 0
81 0
82 0
83 0
84 0
85 0
86 0
87 0
88 0
89 0
90 0
91 0
92 0
93 0
94 0
95 0
96 0
97 0
98 0
99 0
100 0
101 0
102 0
103 0
104 0
105 0
106 0
107 0
108 0
109 0
110 0
111 0
112 0
113 0
114 0
115 0
116 0
117 0
118 0
119 0
120 0
121 0
122 0
123 0
124 0
125 0
126 0
127 0
128 0
129 0
130 0
131 0
132 0
133 0
134 0
135 0
136 0
137 0
138 0
139 0
140 0
141 0
142 0
143 0
144 0
145 0
146 0
147 0
148 0
149 0
150 0
151 0
152 0
153 0
154 0
155 0
156 0
157 0
158 0
159 0
160 0
161 0
162 0
163 0
164 0
165 0
166 0
167 0
168 0
169 0
170 0
171 0
172 0
173 0
174 0
175 0
176 0
177 0
178 0
179 0
180 0
181 0
182 0
183 0
184 0
185 0
186 0
187 0
188 0
189 0
190 0
191 0
192 0
193 0
194 0
195 0
196 0
197 0
198 0
199 0
200 0
201 0
202 0
203 0
204 0
205 0
206 0
207 0
208 0
209 0
210 0
211 0
212 0
213 0
214 0
215 0
216 0
217 0
218 0
219 0
220 0
221 0
222 0
223 0
224 0
225 0
226 0
227 0
228 0
229 0
230 0
231 0
232 0
233 0
234 0
235 1
236 0
237 0
238 0
239 0
240 0
241 2
242 0
243 0
244 0
245 2
246 1
247 1
248 0
249 0
250 2
251 1
252 0
253 2
254 2
255 2
256 5
257 7
258 9
259 6
260 6
261 9
262 15
263 20
264 18
265 16
266 22
267 27
268 25
269 34
270 32
271 25
272 35
273 34
274 53
275 48
276 62
277 83
278 81
279 91
280 86
281 122
282 99
283 120
284 144
285 150
286 155
287 198
288 207
289 230
290 257
291 279
292 301
293 333
294 346
295 384
296 444
297 452
298 534
299 578
300 603
301 690
302 691
303 781
304 808
305 939
306 1009
307 1015
308 1126
309 1206
310 1336
311 1373
312 1460
313 1607
314 1706
315 1825
316 1886
317 1977
318 2219
319 2312
320 2371
321 2540
322 2672
323 2905
324 3030
325 3167
326 3364
327 3571
328 3822
329 3976
330 4053
331 4269
332 4594
333 4737
334 4889
335 5168
336 5476
337 5824
338 5824
339 6125
340 6424
341 6538
342 7026
343 7045
344 7441
345 7677
346 7802
347 8181
348 8284
349 8660
350 9011
351 9109
352 9453
353 9570
354 9750
355 10106
356 10184
357 10520
358 10802
359 10891
360 11124
361 11365
362 11493
363 11828
364 11789
365 12171
366 12336
367 12308
368 12272
369 12557
370 12816
371 12820
372 12660
373 12939
374 13028
375 12842
376 13022
377 12781
378 12965
379 12996
380 12790
381 12855
382 12894
383 12621
384 12525
385 12579
386 12240
387 12211
388 12027
389 12069
390 11832
391 11579
392 11627
393 11237
394 11236
395 10918
396 10739
397 10575
398 10188
399 10069
400 9549
401 9537
402 9368
403 8914
404 8549
405 8493
406 8234
407 7913
408 7880
409 7429
410 7330
411 7012
412 6657
413 6355
414 6339
415 5978
416 5910
417 5632
418 5377
419 4969
420 4909
421 4696
422 4416
423 4155
424 4080
425 3716
426 3544
427 3295
428 3243
429 3028
430 2942
431 2767
432 2572
433 2357
434 2173
435 2100
436 1954
437 1800
438 1676
439 1646
440 1453
441 1387
442 1271
443 1206
444 1127
445 1077
446 944
447 878
448 825
449 761
450 705
451 635
452 589
453 606
454 529
455 475
456 437
457 406
458 341
459 328
460 304
461 280
462 217
463 214
464 217
465 167
466 167
467 148
468 126
469 126
470 112
471 110
472 95
473 84
474 78
475 75
476 55
477 52
478 51
479 39
480 29
481 28
482 33
483 21
484 16
485 20
486 19
487 14
488 8
489 7
490 14
491 12
492 9
493 7
494 3
495 4
496 7
497 2
498 2
499 3
500 1
501 0
502 1
503 2
504 1
505 1
506 0
507 1
508 1
509 0
510 0
511 0
512 1
513 0
514 1
515 0
516 0
517 0
518 0
519 0
520 0
521 0
522 0
523 0
524 0
525 1
526 0
527 0
528 0
529 0
530 0
531 0
532 0
533 0
534 0
535 0
536 0
537 0
538 0
539 0
540 0
541 0
542 0
543 0
544 0
545 0
546 0
547 0
548 0
549 0
550 0
551 0
552 0
553 0
554 0
555 0
556 0
557 0
558 0
559 0
560 0
561 0
562 0
563 0
564 0
565 0
566 0
567 0
568 0
569 0
570 0
571 0
572 0
573 0
574 0
575 0
576 0
577 0
578 0
579 0
580 0
581 0
582 0
583 0
584 0
585 0
586 0
587 0
588 0
589 0
590 0
591 0
592 0
593 0
594 0
595 0
596 0
597 0
598 0
599 0
600 0
601 0
602 0
603 0
604 0
605 0
606 0
607 0
608 0
609 0
610 0
611 0
612 0
613 0
614 0
615 0
616 0
617 0
618 0
619 0
620 0
621 0
622 0
623 0
624 0
625 0
626 0
627 0
628 0
629 0
630 0
631 0
632 0
633 0
634 0
635 0
636 0
637 0
638 0
639 0
640 0
641 0
642 0
643 0
644 0
645 0
646 0
647 0
648 0
649 0
650 0
651 0
652 0
653 0
654 0
655 0
656 0
657 0
658 0
659 0
660 0
661 0
662 0
663 0
664 0
665 0
666 0
667 0
668 0
669 0
670 0
671 0
672 0
673 0
674 0
675 0
676 0
677 0
678 0
679 0
680 0
681 0
682 0
683 0
684 0
685 0
686 0
687 0
688 0
689 0
690 0
691 0
692 0
693 0
694 0
695 0
696 0
697 0
698 0
699 0
700 0
701 0
702 0
703 0
704 0
705 0
706 0
707 0
708 0
709 0
710 0
711 0
712 0
713 0
714 0
715 0
716 0
717 0
718 0
719 0
720 0
