0 0
1 0
2 0
3 0
4 0
5 0
6 0
7 0
8 0
9 0
10 0
11 0
12 0
13 0
14 0
15 0
16 0
17 0
18 0
19 0
20 0
21 0
22 0
23 0
24 0
25 0
26 0
27 0
28 0
29 0
30 0
31 0
32 0
33 0
34 0
35 0
36 0
37 0
38 0
39 0
40 0
41 0
42 0
43 0
44 0
45 0
46 0
47 0
48 0
49 0
50 0
51 0
52 0
53 0
54 0
55 0
56 0
57 0
58 0
59 0
60 0
61 0
62 0
63 0
64 0
65 0
66 0
67 0
68 0
69 0
70 0
71 0
72 0
73 0
74 0
75 0
76 0
77 0
78 0
79 0
80 0
81 0
82 0
83 0
84 0
85 0
86 0
87 0
88 0
89 0
90 0
91 0
92 0
93 0
94 0
95 0
96 0
97 0
98 0
99 0
100 0
101 0
102 0
103 0
104 0
105 0
106 0
107 0
108 0
109 0
110 0
111 0
112 0
113 0
114 0
115 0
116 0
117 0
118 0
119 0
120 0
121 0
122 0
123 0
124 0
125 0
126 0
127 0
128 0
129 0
130 0
131 0
132 0
133 0
134 0
135 0
136 0
137 0
138 0
139 0
140 0
141 0
142 0
143 0
144 0
145 0
146 0
147 0
148 0
149 0
150 0
151 0
152 0
153 0
154 0
155 0
156 0
157 0
158 0
159 0
160 0
161 0
162 0
163 0
164 0
165 0
166 0
167 0
168 0
169 0
170 0
171 0
172 0
173 0
174 0
175 0
176 0
177 0
178 0
179 0
180 0
181 0
182 0
183 0
184 0
185 0
186 0
187 0
188 0
189 0
190 0
191 0
192 0
193 0
194 0
195 0
196 0
197 0
198 0
199 0
200 0
201 0
202 0
203 0
204 0
205 0
206 0
207 0
208 0
209 0
210 0
211 0
212 0
213 0
214 0
215 0
216 0
217 0
218 0
219 0
220 0
221 0
222 0
223 0
224 0
225 0
226 0
227 0
228 0
229 0
230 0
231 0
232 0
233 0
234 0
235 0
236 0
237 0
238 0
239 0
240 0
241 0
242 0
243 0
244 0
245 0
246 0
247 0
248 0
249 0
250 0
251 0
252 0
253 0
254 0
255 0
256 0
257 0
258 0
259 0
260 0
261 0
262 0
263 0
264 0
265 0
266 0
267 0
268 0
269 0
270 0
271 0
272 0
273 0
274 0
275 0
276 0
277 0
278 0
279 0
280 0
281 0
282 0
283 0
284 0
285 0
286 0
287 0
288 0
289 0
290 0
291 0
292 0
293 0
294 0
295 0
296 0
297 0
298 0
299 0
300 0
301 0
302 0
303 0
304 0
305 0
306 0
307 0
308 0
309 0
310 0
311 0
312 0
313 0
314 0
315 0
316 0
317 0
318 0
319 0
320 0
321 0
322 0
323 0
324 0
325 0
326 0
327 0
328 0
329 0
330 0
331 0
332 0
333 0
334 0
335 0
336 0
337 0
338 0
339 0
340 0
341 0
342 0
343 0
344 0
345 0
346 0
347 0
348 0
349 0
350 0
351 0
352 0
353 0
354 0
355 0
356 0
357 0
358 0
359 0
360 0
361 0
362 0
363 0
364 0
365 0
366 0
367 0
368 0
369 0
370 0
371 0
372 0
373 0
374 0
375 0
376 0
377 0
378 0
379 0
380 0
381 0
382 0
383 0
384 0
385 0
386 0
387 0
388 0
389 0
390 0
391 0
392 0
393 0
394 0
395 0
396 0
397 0
398 0
399 0
400 0
401 0
402 0
403 0
404 0
405 0
406 0
407 0
408 0
409 0
410 0
411 0
412 0
413 0
414 0
415 0
416 0
417 0
418 0
419 0
420 0
421 0
422 0
423 0
424 0
425 0
426 0
427 0
428 0
429 0
430 0
431 0
432 0
433 0
434 0
435 0
436 0
437 0
438 0
439 0
440 0
441 0
442 0
443 0
444 0
445 0
446 0
447 0
448 0
449 0
450 0
451 0
452 0
453 0
454 0
455 0
456 0
457 0
458 0
459 0
460 0
461 0
462 0
463 0
464 0
465 0
466 0
467 0
468 0
469 0
470 0
471 0
472 0
473 0
474 0
475 0
476 0
477 0
478 0
479 0
480 0
481 0
482 0
483 0
484 0
485 0
486 0
487 0
488 0
489 0
490 0
491 0
492 0
493 0
494 0
495 0
496 0
497 0
498 0
499 0
500 0
501 0
502 0
503 0
504 0
505 0
506 0
507 0
508 0
509 0
510 0
511 0
512 0
513 0
514 0
515 0
516 0
517 0
518 0
519 0
520 0
521 0
522 0
523 0
524 0
525 0
526 0
527 0
528 1
529 1
530 0
531 0
532 0
533 0
534 0
535 1
536 0
537 0
538 0
539 0
540 1
541 1
542 2
543 0
544 1
545 0
546 0
547 0
548 1
549 1
550 2
551 0
552 0
553 0
554 1
555 3
556 1
557 1
558 1
559 5
560 3
561 4
562 5
563 1
564 1
565 5
566 3
567 3
568 4
569 5
570 5
571 6
572 9
573 9
574 2
575 5
576 7
577 9
578 15
579 9
580 14
581 18
582 14
583 15
584 14
585 22
586 19
587 22
588 24
589 34
590 27
591 22
592 29
593 38
594 41
595 38
596 37
597 39
598 31
599 57
600 53
601 52
602 77
603 69
604 70
605 70
606 75
607 77
608 79
609 85
610 101
611 113
612 112
613 112
614 115
615 118
616 124
617 148
618 152
619 149
620 154
621 181
622 200
623 197
624 216
625 208
626 215
627 277
628 280
629 297
630 323
631 291
632 346
633 319
634 352
635 381
636 394
637 410
638 453
639 492
640 478
641 561
642 549
643 620
644 615
645 659
646 692
647 694
648 775
649 740
650 791
651 834
652 889
653 881
654 952
655 1032
656 1013
657 1080
658 1101
659 1169
660 1177
661 1294
662 1296
663 1324
664 1495
665 1522
666 1492
667 1561
668 1710
669 1734
670 1802
671 1854
672 1819
673 1989
674 1978
675 2064
676 2216
677 2246
678 2383
679 2447
680 2447
681 2593
682 2542
683 2689
684 2859
685 2929
686 3115
687 3162
688 3155
689 3293
690 3368
691 3496
692 3472
693 3646
694 3681
695 3928
696 3985
697 4100
698 4155
699 4248
700 4357
701 4448
702 4481
703 4623
704 4653
705 5033
706 4948
707 5162
708 5189
709 5259
710 5303
711 5567
712 5560
713 5717
714 5834
715 5749
716 5917
717 6042
718 6068
719 6313
720 6449
721 6336
722 6684
723 6643
724 6504
725 6797
726 6860
727 6968
728 7052
729 7193
730 7212
731 7170
732 7306
733 7395
734 7603
735 7538
736 7612
737 7846
738 7933
739 7828
740 7787
741 7800
742 7970
743 8160
744 8123
745 8069
746 8045
747 8235
748 8238
749 8140
750 8155
751 8311
752 8238
753 8196
754 8366
755 8381
756 8472
757 8345
758 8360
759 8226
760 8198
761 8237
762 8244
763 8168
764 8111
765 8102
766 8173
767 8191
768 7902
769 8046
770 7754
771 7660
772 7893
773 7624
774 7595
775 7730
776 7357
777 7497
778 7393
779 7460
780 7393
781 7141
782 7061
783 6932
784 6943
785 6624
786 6695
787 6705
788 6578
789 6587
790 6413
791 6224
792 6116
793 6073
794 5941
795 5855
796 5727
797 5534
798 5562
799 5477
800 5443
801 5256
802 5101
803 5114
804 4880
805 4895
806 4844
807 4689
808 4422
809 4356
810 4423
811 4241
812 4053
813 4048
814 3925
815 3781
816 3681
817 3507
818 3476
819 3371
820 3332
821 3254
822 3121
823 3087
824 2918
825 2765
826 2757
827 2678
828 2628
829 2535
830 2424
831 2348
832 2263
833 2201
834 2094
835 2032
836 2037
837 1879
838 1828
839 1848
840 1752
841 1661
842 1545
843 1526
844 1431
845 1329
846 1326
847 1342
848 1282
849 1201
850 1239
851 1134
852 1055
853 1005
854 936
855 918
856 875
857 790
858 828
859 782
860 738
861 725
862 681
863 630
864 616
865 573
866 529
867 533
868 499
869 502
870 449
871 463
872 392
873 401
874 366
875 338
876 332
877 305
878 270
879 264
880 274
881 245
882 223
883 222
884 223
885 176
886 204
887 178
888 161
889 155
890 137
891 139
892 132
893 116
894 103
895 98
896 96
897 75
898 80
899 71
900 66
901 67
902 65
903 61
904 67
905 64
906 42
907 45
908 50
909 45
910 49
911 42
912 28
913 22
914 20
915 23
916 37
917 25
918 20
919 19
920 22
921 21
922 12
923 10
924 17
925 18
926 12
927 7
928 12
929 9
930 6
931 6
932 4
933 8
934 5
935 4
936 4
937 7
938 3
939 3
940 4
941 5
942 4
943 0
944 3
945 5
946 3
947 1
948 2
949 1
950 2
951 1
952 3
953 0
954 0
955 0
956 1
957 0
958 2
959 1
960 1
961 0
962 0
963 2
964 0
965 1
966 1
967 0
968 0
969 0
970 0
971 0
972 0
973 0
974 0
975 0
976 0
977 0
978 2
979 1
980 0
981 0
982 0
983 0
984 0
985 0
986 0
987 0
988 0
989 0
990 0
991 0
992 0
993 0
994 0
995 0
996 0
997 0
998 0
999 0
1000 0
1001 0
1002 0
1003 0
1004 0
1005 0
1006 0
1007 0
1008 0
1009 0
1010 0
1011 0
1012 0
1013 0
1014 0
1015 0
1016 0
1017 0
1018 0
1019 0
1020 0
1021 0
1022 0
1023 0
1024 0
1025 0
1026 0
1027 0
1028 0
1029 0
1030 0
1031 0
1032 0
1033 0
1034 0
1035 0
1036 0
1037 0
1038 0
1039 0
1040 0
1041 0
1042 0
1043 0
1044 0
1045 0
1046 0
1047 0
1048 0
1049 0
1050 0
1051 0
1052 0
1053 0
1054 0
1055 0
1056 0
1057 0
1058 0
1059 0
1060 0
1061 0
1062 0
1063 0
1064 0
1065 0
1066 0
1067 0
1068 0
1069 0
1070 0
1071 0
1072 0
1073 0
1074 0
1075 0
1076 0
1077 0
1078 0
1079 0
1080 0
1081 0
1082 0
1083 0
1084 0
1085 0
1086 0
1087 0
1088 0
1089 0
1090 0
1091 0
1092 0
1093 0
1094 0
1095 0
1096 0
1097 0
1098 0
1099 0
1100 0
1101 0
1102 0
1103 0
1104 0
1105 0
1106 0
1107 0
1108 0
1109 0
1110 0
1111 0
1112 0
1113 0
1114 0
1115 0
1116 0
1117 0
1118 0
1119 0
1120 0
1121 0
1122 0
1123 0
1124 0
1125 0
1126 0
1127 0
1128 0
1129 0
1130 0
1131 0
1132 0
1133 0
1134 0
1135 0
1136 0
1137 0
1138 0
1139 0
1140 0
1141 0
1142 0
1143 0
1144 0
1145 0
1146 0
1147 0
1148 0
1149 0
1150 0
1151 0
1152 0
1153 0
1154 0
1155 0
1156 0
1157 0
1158 0
1159 0
1160 0
1161 0
1162 0
1163 0
1164 0
1165 0
1166 0
1167 0
1168 0
1169 0
1170 0
1171 0
1172 0
1173 0
1174 0
1175 0
1176 0
1177 0
1178 0
1179 0
1180 0
1181 0
1182 0
1183 0
1184 0
1185 0
1186 0
1187 0
1188 0
1189 0
1190 0
1191 0
1192 0
1193 0
1194 0
1195 0
1196 0
1197 0
1198 0
1199 0
1200 0
1201 0
1202 0
1203 0
1204 0
1205 0
1206 0
1207 0
1208 0
1209 0
1210 0
1211 0
1212 0
1213 0
1214 0
1215 0
1216 0
1217 0
1218 0
1219 0
1220 0
1221 0
1222 0
1223 0
1224 0
1225 0
1226 0
1227 0
1228 0
1229 0
1230 0
1231 0
1232 0
1233 0
1234 0
1235 0
1236 0
1237 0
1238 0
1239 0
1240 0
1241 0
1242 0
1243 0
1244 0
1245 0
1246 0
1247 0
1248 0
1249 0
1250 0
1251 0
1252 0
1253 0
1254 0
1255 0
1256 0
1257 0
1258 0
1259 0
1260 0
1261 0
1262 0
1263 0
1264 0
1265 0
1266 0
1267 0
1268 0
1269 0
1270 0
1271 0
1272 0
1273 0
1274 0
1275 0
1276 0
1277 0
1278 0
1279 0
1280 0
1281 0
1282 0
1283 0
1284 0
1285 0
1286 0
1287 0
1288 0
1289 0
1290 0
1291 0
1292 0
1293 0
1294 0
1295 0
1296 0
1297 0
1298 0
1299 0
1300 0
1301 0
1302 0
1303 0
1304 0
1305 0
1306 0
1307 0
1308 0
1309 0
1310 0
1311 0
1312 0
1313 0
1314 0
1315 0
1316 0
1317 0
1318 0
1319 0
1320 0
1321 0
1322 0
1323 0
1324 0
1325 0
1326 0
1327 0
1328 0
1329 0
1330 0
1331 0
1332 0
1333 0
1334 0
1335 0
1336 0
1337 0
1338 0
1339 0
1340 0
1341 0
1342 0
1343 0
1344 0
1345 0
1346 0
1347 0
1348 0
1349 0
1350 0
1351 0
1352 0
1353 0
1354 0
1355 0
1356 0
1357 0
1358 0
1359 0
1360 0
1361 0
1362 0
1363 0
1364 0
1365 0
1366 0
1367 0
1368 0
1369 0
1370 0
1371 0
1372 0
1373 0
1374 0
1375 0
1376 0
1377 0
1378 0
1379 0
1380 0
1381 0
1382 0
1383 0
1384 0
1385 0
1386 0
1387 0
1388 0
1389 0
1390 0
1391 0
1392 0
1393 0
1394 0
1395 0
1396 0
1397 0
1398 0
1399 0
1400 0
1401 0
1402 0
1403 0
1404 0
1405 0
1406 0
1407 0
1408 0
1409 0
1410 0
1411 0
1412 0
1413 0
1414 0
1415 0
1416 0
1417 0
1418 0
1419 0
1420 0
1421 0
1422 0
1423 0
1424 0
1425 0
1426 0
1427 0
1428 0
1429 0
1430 0
1431 0
1432 0
1433 0
1434 0
1435 0
1436 0
1437 0
1438 0
1439 0
1440 0
