0 0
1 0
2 0
3 0
4 0
5 0
6 0
7 0
8 0
9 0
10 0
11 0
12 0
13 0
14 0
15 0
16 0
17 0
18 0
19 0
20 0
21 0
22 0
23 0
24 0
25 0
26 0
27 0
28 0
29 0
30 0
31 0
32 0
33 0
34 0
35 0
36 0
37 0
38 0
39 0
40 0
41 0
42 0
43 0
44 0
45 0
46 0
47 0
48 0
49 0
50 0
51 0
52 0
53 0
54 0
55 0
56 0
57 0
58 0
59 0
60 0
61 0
62 0
63 0
64 0
65 0
66 0
67 0
68 0
69 0
70 0
71 0
72 0
73 0
74 0
75 0
76 0
77 0
78 0
79 0
80 0
81 0
82 0
83 0
84 0
85 0
86 0
87 0
88 0
89 0
90 0
91 0
92 0
93 0
94 0
95 0
96 0
97 0
98 0
99 0
100 0
101 0
102 0
103 0
104 0
105 0
106 0
107 0
108 0
109 0
110 0
111 0
112 0
113 0
114 0
115 0
116 0
117 0
118 0
119 0
120 0
121 0
122 0
123 0
124 0
125 0
126 0
127 0
128 0
129 0
130 0
131 0
132 0
133 0
134 0
135 0
136 0
137 0
138 0
139 0
140 0
141 0
142 0
143 0
144 0
145 0
146 0
147 0
148 0
149 0
150 0
151 0
152 0
153 0
154 0
155 0
156 0
157 0
158 0
159 0
160 0
161 0
162 0
163 0
164 0
165 0
166 0
167 0
168 0
169 0
170 0
171 0
172 0
173 0
174 0
175 0
176 0
177 0
178 0
179 0
180 0
181 0
182 0
183 0
184 0
185 0
186 0
187 0
188 0
189 0
190 0
191 0
192 0
193 0
194 0
195 0
196 0
197 0
198 0
199 0
200 0
201 0
202 0
203 0
204 0
205 0
206 0
207 0
208 0
209 0
210 0
211 0
212 0
213 0
214 0
215 0
216 0
217 0
218 0
219 0
220 0
221 0
222 0
223 0
224 0
225 0
226 0
227 0
228 0
229 0
230 0
231 0
232 0
233 0
234 0
235 0
236 0
237 0
238 0
239 0
240 0
241 0
242 0
243 0
244 0
245 0
246 0
247 0
248 0
249 0
250 0
251 0
252 0
253 0
254 0
255 0
256 0
257 0
258 0
259 0
260 0
261 0
262 0
263 0
264 0
265 0
266 1
267 0
268 1
269 0
270 0
271 0
272 0
273 1
274 0
275 1
276 2
277 0
278 1
279 0
280 0
281 1
282 0
283 1
284 0
285 0
286 3
287 5
288 2
289 1
290 1
291 7
292 2
293 4
294 4
295 5
296 6
297 6
298 10
299 8
300 10
301 12
302 13
303 9
304 15
305 19
306 20
307 30
308 30
309 26
310 35
311 45
312 39
313 41
314 50
315 41
316 59
317 57
318 68
319 69
320 91
321 92
322 94
323 88
324 104
325 120
326 150
327 151
328 163
329 187
330 177
331 206
332 222
333 236
334 228
335 257
336 297
337 303
338 324
339 359
340 377
341 406
342 407
343 478
344 476
345 514
346 547
347 589
348 631
349 696
350 756
351 729
352 808
353 855
354 960
355 965
356 971
357 1064
358 1086
359 1272
360 1243
361 1309
362 1379
363 1502
364 1583
365 1674
366 1736
367 1789
368 1916
369 2002
370 2077
371 2266
372 2434
373 2232
374 2519
375 2589
376 2691
377 2761
378 2969
379 2986
380 3112
381 3394
382 3463
383 3583
384 3737
385 3923
386 4059
387 4120
388 4236
389 4363
390 4485
391 4718
392 5013
393 4983
394 5134
395 5285
396 5369
397 5682
398 5795
399 5904
400 6058
401 6245
402 6462
403 6475
404 6668
405 6851
406 7095
407 7130
408 7237
409 7470
410 7647
411 7760
412 7923
413 7981
414 8139
415 8396
416 8419
417 8746
418 8591
419 8909
420 8727
421 9092
422 9060
423 9543
424 9471
425 9449
426 9519
427 9754
428 9670
429 9811
430 9899
431 9971
432 10069
433 9965
434 10003
435 10174
436 10064
437 10196
438 10301
439 10322
440 10368
441 10159
442 10215
443 10095
444 10244
445 10234
446 9883
447 9934
448 9871
449 10013
450 9889
451 9786
452 9928
453 9636
454 9328
455 9534
456 9462
457 9338
458 9307
459 9136
460 9103
461 8713
462 8671
463 8501
464 8715
465 8421
466 8279
467 8043
468 7804
469 7814
470 7761
471 7447
472 7404
473 7110
474 6963
475 6841
476 6747
477 6683
478 6558
479 6324
480 6216
481 5864
482 5840
483 5622
484 5552
485 5330
486 5203
487 4961
488 4762
489 4691
490 4491
491 4414
492 4318
493 4133
494 3965
495 3763
496 3616
497 3494
498 3430
499 3296
500 3192
501 3037
502 2884
503 2777
504 2770
505 2487
506 2407
507 2260
508 2250
509 2109
510 1996
511 1956
512 1839
513 1785
514 1653
515 1590
516 1458
517 1432
518 1401
519 1223
520 1107
521 1119
522 979
523 968
524 964
525 878
526 786
527 768
528 742
529 703
530 622
531 607
532 571
533 543
534 495
535 456
536 414
537 407
538 362
539 327
540 295
541 313
542 285
543 258
544 236
545 192
546 228
547 177
548 172
549 166
550 150
551 126
552 117
553 119
554 122
555 103
556 82
557 69
558 75
559 78
560 52
561 55
562 56
563 46
564 44
565 44
566 29
567 39
568 31
569 18
570 21
571 15
572 21
573 24
574 15
575 16
576 6
577 10
578 10
579 11
580 10
581 4
582 3
583 0
584 3
585 5
586 1
587 2
588 4
589 1
590 6
591 1
592 3
593 1
594 1
595 0
596 2
597 0
598 0
599 1
600 0
601 1
602 0
603 1
604 0
605 2
606 1
607 0
608 0
609 0
610 1
611 0
612 0
613 0
614 0
615 0
616 0
617 0
618 0
619 0
620 0
621 0
622 0
623 0
624 0
625 0
626 0
627 0
628 0
629 0
630 0
631 0
632 0
633 0
634 0
635 0
636 0
637 0
638 0
639 0
640 0
641 0
642 0
643 0
644 0
645 0
646 0
647 0
648 0
649 0
650 0
651 0
652 0
653 0
654 0
655 0
656 0
657 0
658 0
659 0
660 0
661 0
662 0
663 0
664 0
665 0
666 0
667 0
668 0
669 0
670 0
671 0
672 0
673 0
674 0
675 0
676 0
677 0
678 0
679 0
680 0
681 0
682 0
683 0
684 0
685 0
686 0
687 0
688 0
689 0
690 0
691 0
692 0
693 0
694 0
695 0
696 0
697 0
698 0
699 0
700 0
701 0
702 0
703 0
704 0
705 0
706 0
707 0
708 0
709 0
710 0
711 0
712 0
713 0
714 0
715 0
716 0
717 0
718 0
719 0
720 0
721 0
722 0
723 0
724 0
725 0
726 0
727 0
728 0
729 0
730 0
731 0
732 0
733 0
734 0
735 0
736 0
737 0
738 0
739 0
740 0
741 0
742 0
743 0
744 0
745 0
746 0
747 0
748 0
749 0
750 0
751 0
752 0
753 0
754 0
755 0
756 0
757 0
758 0
759 0
760 0
761 0
762 0
763 0
764 0
765 0
766 0
767 0
768 0
769 0
770 0
771 0
772 0
773 0
774 0
775 0
776 0
777 0
778 0
779 0
780 0
781 0
782 0
783 0
784 0
785 0
786 0
787 0
788 0
789 0
790 0
791 0
792 0
793 0
794 0
795 0
796 0
797 0
798 0
799 0
800 0
801 0
802 0
803 0
804 0
805 0
806 0
807 0
808 0
809 0
810 0
811 0
812 0
813 0
814 0
815 0
816 0
817 0
818 0
819 0
820 0
821 0
822 0
823 0
824 0
825 0
826 0
827 0
828 0
829 0
830 0
831 0
832 0
833 0
834 0
835 0
836 0
837 0
838 0
839 0
840 0
